1 10
100 200
201 210
900 1000
500 710
100 1000
10232 50000
40000 60000
291188 931733
638630 694459
762142 886106
517246 642611
203388 491378
369474 521162
515894 899808
181906 384967
89477 457040
5247 595890
702862 958156
22392 466119
665357 723141
176213 703604
515031 981604
635338 723694
134439 899293
20546 962453
175640 479699
177361 379027
485281 546834
414393 899294
576933 596298
666409 798465
931733 291188
638630 694459
238760 749751
762142 886106
642611 517246
491378 203388
521162 369474
515894 899808
384967 181906
457040 89477
595890 5247
958156 702862
22392 466119
665357 723141
703604 176213
981604 515031
723694 635338
899293 134439
20546 962453
479699 175640
379027 177361
546834 485281
899294 414393
596298 576933
666409 798465
803711 567543
270405 776504
242623 761868
999213 807000
497417 907979
423010 702817
338155 479022
127665 660909
623362 751652
927291 662414
353980 617266
102547 820522
234916 900813
991950 516045
314511 345418
427165 172565
949068 118222
394294 697569
504570 705895
613874 393507
96325 1987
995212 551088
211997 948683
700336 637082
299496 349564
481034 141832
962354 653475
68494 97785
613830 711474
571096 574648
261417 928340
560766 998261
210035 724689
430584 955060
348567 228809
745000 558662
109751 959095
907779 740212
891498 835951
699719 122320
778355 705199
872878 180753
278538 254914
966387 455576
30225 406572
334912 51689
49950 805845
530535 409882
364942 259984
488793 961118
519781 227714
701013 747997
2414 143736
493891 122997
245316 893912
599111 193611
888567 537876
792789 471989
441770 167105
87881 759177
325070 471994
277839 936996
346879 375019
149207 322578
283697 711820
453738 152204
900200 317682
975621 154752
277748 902614
796526 469512
663122 37269
575144 909841
896034 65895
232999 367933
641314 337804
324002 320880
257876 966383
855606 116046
438623 118959
344984 4814
671221 236524
68410 798721
467677 571422
988240 44031
513543 259630
296898 298971
208812 690869
756763 386246
268383 619050
471059 503967
339051 909697
390285 309265
939514 111131
230090 760096
279114 378138
128866 575073
887998 950334
35961 197276
755510 355676
615305 24201
323171 269053
474127 426407
812652 46187
179442 230890
249061 81035
504936 650500
473969 588111
213447 409426
169522 413484
305826 443536
532813 962839
913173 434691
146171 420811
290691 949134
487539 901681
684938 905995
846606 810710
371101 159065
389955 659258
254498 550542
715246 153220
741331 273638
683063 189216
116904 954777
912517 366789
329628 422729
857419 445330
380345 757006
220345 517795
419476 671036
91236 707883
32798 104414
263479 452047
625509 403899
468645 167638
320857 880006
667849 698096
401516 576392
45374 865116
231906 518419
941147 957890
917424 75738
346948 312771
830565 811974
997214 567292
789380 764245
868659 602654
54701 822177
740280 646342
813979 680210
74421 208926
907021 649040
739637 742269
607386 308537
341160 785010
257106 353496
943437 282307
109282 688734
500708 290386
371882 939847
218297 497922
614781 161262
983439 86956
247502 669481
349691 723719
446849 575685
224726 424112
680585 868074
690815 964362
263577 802175
155671 31975
828485 520682
723621 613313
903698 937767
391819 224329
236456 789784
951046 610115
211276 851236
520717 448690
686613 458777
34463 384613
322929 133463
1537 773392
251959 517718
319894 692352
238531 515535
550422 475564
88877 67017
4784 274043
12576 506779
296564 910806
520921 249031
614471 761814
210504 246401
705178 649393
34006 897116
544783 253845
27237 871138
388856 60525
267081 279195
308934 708749
698518 505611
572627 859355
133398 301599
808378 91615
2421 145974
909208 619146
895164 37547
283947 523680
173073 105668
516988 503329
757173 721282
592420 61772
636500 298614
577808 495480
204230 903580
409191 886742
260302 416952
718550 496023
587637 393700
53878 41133
660278 104263
656013 963085
970 555442
175314 454164
957493 174042
409528 692302
268278 228871
527485 1948
497428 904777
808357 619497
506239 215862
632813 731752
227775 766541
674445 351363
392496 329617
948083 728322
205612 566978
636625 604096
58260 206582
894827 326143
532649 529957
758828 304356
820507 800926
219908 800517
420014 832139
562205 542469
788426 440458
721203 195018
60586 16201
860021 909852
152379 967285
48468 808104
926404 357990
78776 199297
525440 498869
28826 487808
792163 58089
373220 301858
102375 126875
473219 107332
649801 36594
991255 35424
230442 438227
968631 712458
622310 805231
772516 828653
150962 774688
646882 335188
534485 591571
90440 725658
213466 59925
632217 633469
935327 519833
160912 5437
112769 551906
102704 634130
669554 276774
229205 93959
320621 414200
219431 197836
540693 457135
746027 506151
355543 205860
797430 392910
632772 890027
464156 402074
35543 360442
394479 610578
616014 485074
36981 555390
189521 242987
33965 653888
747847 373279
787478 263169
975209 582672
39808 521113
541468 515902
235966 785834
692948 897010
301243 33396
435469 325720
200366 279603
890180 985216
470290 594844
664439 20400
777590 507270
675363 368164
741442 811555
588928 423210
520086 43125
78442 564137
594244 559893
345728 134114
545328 830209
377810 552880
878600 846570
126174 327483
312699 593170
188015 530558
550957 782989
804463 852453
734821 328548
140103 479826
417240 476263
33592 729030
807372 937326
11424 112033
760350 401616
746029 871355
424236 305678
666453 123839
451322 302836
896005 306831
837388 278225
575418 598224
964881 388346
716893 379882
373912 699702
690169 371200
614434 305357
756887 723760
349997 421806
337626 768310
639666 110347
416025 83656
721698 63902
880941 82478
389308 687224
965449 291151
889375 740900
129246 540867
434953 368461
68164 360343
245747 323070
628426 272537
996297 860181
796191 385313
153623 346294
970845 648022
245882 307493
371394 901074
983551 967579
654804 252335
57691 887063
627963 134458
189529 947065
829730 271414
631756 624482
947551 412098
684635 877503
251889 90182
989698 680932
541430 562284
210306 143321
450814 26480
927553 456187
937971 336412
102952 911104
312372 592775
727232 160642
621911 940335
211749 916760
55447 451641
863739 357709
749416 517202
121588 548374
743510 515509
77794 111286
254607 799144
825624 802303
772695 219625
556036 753177
178487 710666
817645 173192
333833 490858
945397 59082
490046 955743
407385 671350
29060 59698
576899 785328
333702 778475
293985 698487
323977 591416
390560 885982
202490 578583
312412 216184
969361 975184
200055 382653
555844 147848
152910 17700
590985 889677
359625 98308
769657 81032
140729 767009
552337 798716
91397 231832
444523 400243
991658 899585
299772 768500
861287 382219
112607 502261
477446 687904
70557 81968
744019 191705
723609 140605
544486 896929
509441 314594
909829 904111
671120 279098
592019 564762
796594 737662
652109 197620
97205 755321
38026 643768
540191 396976
899236 899313
101422 652797
248970 890886
82592 171978
826786 507193
918326 806200
634998 371273
275384 427767
221070 544828
109590 460708
712574 813088
10708 420388
689914 364684
522656 622116
533296 727939
141457 62847
229848 432532
837623 242878
929059 993021
500215 434419
754823 755846
127119 418541
360513 389821
448853 402502
377414 581582
394670 72648
493035 89989
454672 919581
55902 697153
425093 977327
554378 589197
21729 80754
323632 298430
291452 373556
807974 252691
522741 305871
238616 562797
466823 649859
566565 599128
180710 915675
988322 943979
548172 89584
523369 995562
692715 2844
494375 579270
168467 632012
712766 562957
375591 704400
77956 550602
803292 667042
487117 400135
477136 840238
490097 725733
324861 943958
373839 570867
29051 19776
109359 362161
357723 577222
580065 146933
726202 564643
196655 588644
151601 894669
113274 909420
974226 41396
708438 191229
105568 291724
131962 709759
435492 582704
40867 136263
707129 274558
294333 414705
291071 736179
313401 917895
64828 162998
727640 407670
996313 305235
714108 924295
347920 662118
703514 827381
532814 322147
613870 926156
150120 638382
735290 260036
396298 585612
374374 776156
705066 103428
353811 668706
100806 996136
159134 667212
589086 679838
985072 400979
325274 99605
275927 213385
40766 187398
23749 493645
934005 573579
211961 151823
411858 84126
669737 461455
237612 322361
425788 44111
227021 456882
453018 293803
475219 842030
521868 126356
527334 64306
163910 21145
234529 366812
68415 954040
447686 789498
363078 92163
758190 381691
465816 89243
550698 684252
6613 649757
693867 302514
759395 946604
240408 435092
277123 726617
367177 715626
294136 313195
848544 894511
775527 972249
926290 597277
386776 843941
450309 373976
269871 264058
353300 208499
406955 735687
385444 418202
720715 413568
874376 593516
28608 994314
235136 628988
344615 305730
133130 602313
11029 152955
125205 981673
578950 786555
630497 51495
939674 965725
229783 80806
803508 209545
459436 97288
515489 210463
138235 844880
952600 750409
258928 12612
155804 981207
801142 494064
610581 500418
167578 934271
430149 621609
922368 292782
858480 9099
489029 552865
147875 312359
521903 233016
844507 951382
676050 495544
854628 874201
624610 814284
341100 807228
788435 883537
891805 496904
511526 103782
552257 16591
638199 679103
486089 982405
505709 560568
627637 344569
656927 994737
741957 775512
241099 693035
702783 100670
974870 917148
245638 557411
364639 599480
997221 586737
597845 667278
771060 403232
419822 623576
302679 323317
305723 572226
646998 302973
161746 325636
834577 274635
564351 332878
25913 576534
677203 805450
722598 242900
800310 652073
765757 968235
69178 164949
346431 277184
680415 667022
290598 117491
955012 100237
186667 107482
410454 774939
100575 833664
108300 86404
419281 935151
25890 186855
992304 959397
202297 217298
869370 714903
197343 2607
681759 149333
426516 266520
447747 28191
659885 106931
721371 252549
874234 614897
904040 908038
255907 798892
885296 4615
453970 364206
65266 304577
263975 479860
697157 57570
286677 466271
983082 80732
744268 484020
264744 664841
207236 170784
791918 226695
479244 867121
996222 513290
935532 353478
152371 900263
419082 191439
69850 37667
342243 387257
867116 135115
192684 120422
586693 78478
673413 993565
477585 569775
748820 417682
588465 256533
483228 470261
337382 380384
407878 962471
830153 847808
262276 343410
49053 982523
534394 195563
582819 118902
254016 390842
511263 964139
42617 960904
954469 97956
181935 716029
133711 946258
202791 444960
915220 722176
616764 200223
676898 766806
614614 24642
882255 507052
3780 391095
586657 931307
564414 52379
443220 683680
647819 818429
293538 954482
566643 690435
920668 762211
222674 262782
707741 568584
804964 939669
139892 622961
389767 421728
960573 816790
838046 518586
423885 842828
288340 841825
894203 524746
208426 852753
185388 851627
806110 856244
60884 993129
755341 886957
149739 495756
64340 978014
917683 857480
994645 869303
805235 571780
388570 384413
417203 765808
122841 226616
582645 841087
365833 411181
263934 991053
842680 574258
944706 963525
956655 162995
49952 519794
529754 711996
204215 713895
571375 594094
977601 636103
207883 566020
464637 782837
548645 110657
851476 881839
722926 185691
596871 434121
939378 602963
691425 375009
852739 296264
459258 636131
670129 809394
35595 23415
737309 199884
308182 239809
390116 308684
388908 799987
582824 597998
222859 367750
249589 645674
831364 74335
22661 486720
603887 942439
831652 962038
258302 295313
931443 684391
493785 231765
255179 115778
829865 43584
797597 506692
329580 652251
452238 187713
299916 718487
86237 35063
194941 522774
597109 850030
850954 540509
482948 619769
96012 454841
750153 828804
513196 354314
100283 195802
825783 521185
564769 869665
376357 655648
307899 362366
64283 705936
938627 274341
823607 364198
886972 24865
389099 18548
559056 484081
103850 754257
209098 556208
899217 199861
68379 473456
183462 926617
447802 682865
552530 9245
664892 526775
403345 928886
634822 486995
275540 467628
831825 573450
112519 99148
117695 718797
717082 15822
770078 190956
261368 335136
49202 493380
966835 674789
601406 117580
314650 150297
673745 563413
90188 867179
310271 852841
339836 7738
475365 459297
546951 615376
228728 821394
54397 659469
189495 860626
51582 771478
106615 473777
967157 827154
501943 155816
787599 448197
112699 617554
180967 616453
483633 786443
639285 785358
793095 308108
767404 493325
622905 782664
604059 314356
488029 851632
712259 172660
458342 191729
665505 278045
619403 564956
234976 632662
80860 121347
738900 536780
667437 707762
494205 434071
219429 665274
973381 647694
141020 12525
795188 740786
569346 278129
129762 913451
86111 57375
249103 356225
634269 544453
623613 428813
61475 253673
889223 372794
423778 656538
364300 142328
576398 91215
756489 372710
20404 795826
322555 244075
984860 675627
953756 631948
545399 68411
639990 597722
953946 145715
204372 403297
832109 102420
870296 342189
714982 893584
64327 273724
416051 652964
258384 942831
829745 506653
816684 529077
773151 364353
39981 139239
771186 272217
340627 507941
105663 830790
976504 980616
383914 573813
190437 180876
523064 216023
623811 60734
334457 752251
919419 202343
145174 264713
771365 177803
706879 489123
853475 102254
241493 480031
266452 407660
915600 526883
357673 607078
587695 535467
623484 848381
29257 485813
701835 813921
874654 66526
332981 839851
42194 723315
988027 252400
944407 701571
190694 273598
375851 165491
645521 44169
451829 131548
172636 426177
33256 881633
417101 530308
378690 135155
620967 40585
368710 922150
502880 837006
676857 243364
480884 835860
602465 233255
934825 468911
256713 546872
712362 639723
683892 146769
792520 872088
298265 649925
45763 965155
495464 845724
980878 977067
531857 388358
310508 601845
438852 900566
658135 327593
163453 629913
863168 139019
122134 280122
341198 797993
437717 378847
39820 53561
439853 635813
799942 832339
311700 252322
98047 845704
336977 321368
709725 78925
194975 868833
769399 534437
376234 633826
263739 427534
566552 539687
334013 126907
439105 688686
581737 675211
242976 391026
26839 135761
482304 682828
449354 340985
700893 794003
115371 547400
140530 37870
906702 339300
387942 335504
969329 676102
617840 764175
818066 747272
388384 184393
387283 152080
341495 827488
218514 483224
618984 584470
267298 759556
614745 101288
409496 716651
778256 315638
353508 39071
892575 918785
254289 260210
