5092 7918
7693 3573
4709 4801
3476 9766
6712 4767
796 3775
920 6870
1168 1102
2820 545
2653 8977
3744 8704
4396 5535
9810 2448
8194 5386
1453 3469
6027 9523
666 686
4356 1654
2547 7899
4248 3502
5145 7342
2892 2393
8892 3833
1832 7335
9877 5967
983 7248
7794 6749
2870 5946
7918 1419
8068 4082
6355 7304
5026 4932
3104 2734
9998 5483
3463 4289
4987 7244
8607 8157
202 7585
9752 5523
8695 3471
2397 4888
6758 2536
2658 3509
3736 3257
1769 4689
5190 6236
7859 2400
567 3472
9512 5587
8540 9621
6037 2637
367 6190
8497 1091
3203 9188
1820 9593
1707 1006
4334 6449
4625 3160
5211 3116
8161 7143
1677 6148
8144 9605
7473 5098
5347 5356
7186 2147
360 4177
8087 6446
3734 7711
8939 7942
564 7934
7731 7853
2210 9666
4068 9365
4375 8781
9369 9804
3144 2833
278 468
3644 2606
3515 6835
8712 3988
9952 6170
8080 413
6241 8039
3911 9658
9860 1000
4028 3937
4152 2555
707 9658
9371 2722
6027 774
4303 363
4238 7440
4577 8604
1650 312
3080 8772
7306 1817
1624 823
4093 1672
8448 6810
495 7153
700 1730
7865 9924
7664 4661
7120 5767
5746 9006
9285 7327
9211 5559
6956 1562
5849 1616
5418 8920
6282 3905
7653 2153
2174 2482
7070 5434
199 8507
9934 5711
4622 3872
516 1473
1133 926
9239 1201
8534 8380
1063 5244
4724 9716
1567 6232
2055 7097
9305 8511
3071 5413
4816 9543
247 4676
6672 798
6653 6332
5524 301
2997 6127
161 2255
3333 6131
6183 9129
2903 4158
8093 2204
5153 1191
8317 2877
4442 8420
4073 570
2850 6709
364 2349
7314 5845
7800 2427
2423 9020
7540 609
8683 906
7938 8574
3824 930
6118 5382
5059 130
3246 415
9374 2801
3828 3960
4840 8443
9115 619
9619 3752
7645 4099
838 7857
8649 7094
2571 6931
3566 5923
8255 1450
5767 2667
4855 9090
3808 4337
7985 1184
927 7233
5328 9855
722 1924
4997 7173
5119 6212
5876 6559
3219 5532
9008 3354
5758 805
6790 8157
4973 8295
5310 6326
7572 1300
9887 3458
4712 9583
2924 3814
3262 3395
2344 5386
2957 4363
9400 888
4621 8059
9057 6845
4047 3305
8954 8073
1913 3036
832 351
6247 9403
4506 8316
9881 2218
3693 950
9937 859
1882 6458
4982 7545
7449 1490
2816 4625
8205 2514
2630 4715
9119 4528
2827 1194
8906 7755
6028 3987
5933 5774
2834 5169
1088 9958
9288 2478
3434 7322
4227 1774
8916 5510
2903 9890
7321 72
4867 2229
6881 6070
3134 4704
1252 2432
4420 822
239 4930
285 8012
3191 9976
1355 517
2083 8842
6750 7326
8237 7602
489 6536
6266 9777
1277 7789
355 5347
9342 1550
1854 6141
4419 6746
4247 8030
7863 2125
2998 7844
4641 7899
974 98
889 2382
8414 6453
8881 2329
6192 248
6034 4166
1907 6460
8670 3774
5944 1105
530 7735
9609 208
4960 1623
4806 5995
8883 9531
3822 8219
1923 43
3364 485
5216 9120
8397 3024
4368 8012
50 5144
3342 4013
3582 4513
4006 1494
8323 9163
2676 5208
8939 5049
2000 5514
8889 3079
3915 9084
7984 375
9587 5260
8714 9199
9441 2482
7861 3213
5913 2443
5792 6000
7178 108
6231 341
4091 8297
4515 4610
8736 4716
3209 3159
3118 9952
5704 1463
7616 5200
787 1491
1017 8777
8691 9150
1907 7040
6076 3487
1771 6852
5732 5600
620 4661
2465 7656
5966 3467
9060 3808
5475 7935
1238 8606
4119 1106
3723 1337
5778 15
9449 2325
6146 6393
7116 9499
6162 5131
3435 7114
2238 660
8174 1589
6912 2306
2134 6133
2205 6139
8211 6080
4964 3157
5284 9774
8319 1773
5202 9594
300 3428
443 1399
8573 9682
6685 8341
2781 9044
2337 1760
6225 5460
7715 294
6152 7275
5129 1110
822 4357
4928 7585
4540 4914
26 3279
1497 4998
4446 5671
7425 8674
6191 2756
8517 3152
8508 6156
5990 6443
9570 7445
156 3159
5600 4192
3840 5003
7617 8781
6948 1005
4529 8459
2709 8985
9936 5989
5118 354
8795 431
5646 3309
1138 5886
9090 352
6148 9178
4139 8209
2287 3827
7952 9844
6838 7497
7048 8700
6468 4843
8514 6836
1382 3205
6928 2656
2908 6620
7558 8545
4427 2882
4778 2343
9952 2651
1685 2720
9460 1795
293 3858
2444 3090
5801 8165
3413 1936
652 1573
3421 3776
9722 4087
7040 4459
9007 4167
1491 3667
7525 2882
4543 5877
4253 6148
556 6480
619 8801
1255 4450
8297 4875
8041 6108
5209 2102
7711 9259
9587 5357
3735 9378
8713 2515
9872 954
8585 5133
222 6847
2172 723
428 8450
6602 160
2172 3552
2399 8325
477 8980
4554 3325
9726 2148
5249 3087
9984 1367
3995 95
27 9245
8953 4446
9610 2866
1421 8892
606 9758
7689 7361
2304 4939
2243 8728
4655 3993
4798 9137
5672 8679
3092 3667
4099 660
8298 6288
5123 4240
9088 3385
1723 3889
3231 963
8224 9185
1725 6564
930 1597
3541 4614
7476 5356
9030 2757
5019 1969
4467 480
2631 107
4628 4323
7918 3728
3987 9313
4722 853
9180 3875
7419 1160
5331 4801
2502 5462
5402 2346
4864 5583
9435 5365
5725 1326
8260 2794
5269 168
1930 5230
5164 8600
8555 5905
6035 9362
7515 1897
9579 6042
7150 2845
2942 3489
9533 6510
3970 5913
6462 4096
9647 6790
9378 1622
8925 5686
5268 8786
1557 6860
8093 7588
966 9512
8197 5031
803 9003
7977 2502
9625 2532
9309 3736
8523 381
3139 8853
7824 9824
4464 5567
7060 8099
790 1768
6862 2426
4764 9874
4052 9540
8994 663
5709 4196
788 8426
1605 2160
6800 5567
3207 6829
2658 1044
4401 2357
8842 8445
8719 2893
6851 9749
8290 6227
914 5348
7634 607
1890 2110
7515 8244
5529 7611
459 1231
8988 2359
955125 124532
405996 863503
416036 422004
933417 113856
74674 514163
494099 488352
63954 368085
790081 479416
924404 814783
419794 722766
802984 572134
600332 734303
569610 791226
995847 817018
691730 459013
609038 822897
883946 578271
473767 921951
638909 17897
772331 315641
15568 175020
977274 281873
86219 358344
682651 750152
619396 394424
626965 496786
642289 165279
964454 327751
981611 779788
279820 744988
884279 624431
294174 879455
806383 221159
217083 25512
566955 301680
780751 214849
988761 712798
931441 170307
51862 832174
693854 973269
286215 440838
344476 215369
181648 960386
269095 285105
213727 933743
225366 140481
82576 316920
434627 736364
612172 99914
321162 28489
273597 995119
37579 75517
272226 986563
676148 780750
817843 915396
446103 969220
895513 640324
385164 355718
758893 555773
736639 713999
541416 510189
489096 954579
850478 534889
491834 961308
998553 242810
229084 142279
167509 14571
311755 577565
4248 873150
600827 271268
285887 616285
695796 101270
734025 437317
225775 338999
533966 615302
633162 652494
123016 872912
371971 660384
322898 577207
912289 271162
268787 417238
857944 135074
267736 590042
311097 484907
888786 401181
207905 269288
946564 649235
152464 191745
602218 800346
211068 890437
592777 999012
92251 802561
360127 985721
338607 201326
346336 366567
10448 212022
301301 500016
180362 878563
248103 602503
990253 221296
864613 148900
226124 307249
550713 931663
843917 178411
98338 73213
891887 278601
102083 520801
727555 29705
969858 367297
400735 310178
30065 184996
401522 53035
208002 587614
506734 174618
800725 31735
726293 618627
307662 809454
14194 918302
576128 245999
189874 603660
234183 399666
683930 460113
155201 342749
615062 101367
370912 225742
870959 578370
737137 143076
297553 367853
138766 505198
751975 710689
914962 899199
786284 314927
794959 11708
984234 429288
756102 354901
232330 392949
405701 362946
313420 20797
252924 928891
132137 737890
290297 273411
337252 99451
272230 19876
314358 115865
476063 530430
281845 963574
379591 746534
935487 722417
474906 706198
954733 707748
105956 51506
462011 916013
566003 157765
41107 264958
114794 354335
304522 614657
343212 381145
57841 712137
671227 296547
716087 838735
991574 477200
600132 965921
659230 871154
521834 943736
428496 510362
787858 464970
189450 130882
594674 466287
666383 726485
591779 149097
304230 343349
562631 703979
779315 858127
740800 969644
976418 732066
593758 12731
656183 322295
532985 454975
899579 218391
374256 207615
923481 578144
568743 653231
310680 299811
480012 37753
879992 507421
798086 766627
659743 239554
379748 857585
494030 59216
759404 543057
786812 719844
599240 662034
587885 392368
612625 155328
686953 750375
19293 2272
342305 155615
916609 488622
937948 973328
286416 643549
24938 389990
388532 810149
754292 368687
852164 335633
132518 430388
346722 129171
165415 602250
615195 845206
191456 553472
141075 182756
973992 771420
565353 690236
383810 19762
918159 81228
987445 58524
897186 21005
121702 606365
451536 667103
425891 143901
563559 410625
942840 724878
355245 412231
678310 617961
790673 27292
704889 631470
999613 159291
881787 176240
556138 21381
55639 322790
231420 165091
98444 412188
545936 873783
696281 743662
410565 688279
869140 621698
130678 647179
911199 963195
613894 386754
81861 391281
492596 306742
483290 214485
389915 914115
575113 815674
320292 867660
171866 707390
283040 856325
298821 525091
162252 243909
678406 156240
912758 409206
197789 291955
997058 391816
144901 478924
552623 383299
288200 828373
836888 459365
641237 556514
777344 846976
310370 637775
659120 19882
287370 136062
425793 465072
74170 375515
754694 675164
357923 591412
740554 396962
692031 66425
452252 24268
823256 516247
429452 983958
827224 926258
737586 400840
287970 706095
652662 485284
917428 878649
627134 837243
340037 65597
49981 605605
850644 359818
823645 504835
183698 266361
106839 878696
172760 750199
472895 845799
255683 744716
572275 466912
366986 481779
792422 924107
215269 213744
52834 173235
281746 345003
753930 711495
807714 16050
945056 330679
656120 121972
435650 240732
389187 75517
337091 536633
184487 439668
985506 234487
173777 257462
943719 243642
690891 946152
166616 219180
916902 359188
809127 707138
468027 520409
774865 128092
644191 779250
741552 463787
776281 658819
769656 331917
157177 952004
154000 374960
901721 537870
850921 896850
501674 423461
990495 889601
972608 404418
211399 717318
321897 181151
273161 983792
414514 917296
898496 918392
868323 101089
916457 388968
504024 463128
764891 746579
645282 363785
867760 696021
721387 433701
316269 197810
553244 791913
495986 907384
281816 868779
738765 658270
405130 442256
767326 793758
570258 711744
875854 370283
353078 647728
696457 351078
97442 40733
201782 81128
903685 676469
712346 735216
61483 65320
996163 967682
164124 810114
96684 555478
692428 429152
872699 940344
603983 721880
998942 660625
334227 865374
29565 892070
394798 520580
889995 133527
107689 139835
988310 818702
682966 262956
440882 161584
300308 721002
898375 686104
497238 230026
54910 725278
835774 560765
313133 397656
539458 750720
563316 661805
391878 582870
938746 340309
657024 818732
884044 517953
201436 440788
239114 414625
772516 275026
351322 248872
668203 634402
362444 335083
406151 578158
650889 418347
919068 683895
874641 815213
242658 706817
508551 94854
31976 860529
331071 11473
609527 190792
468121 288195
427345 150556
69011 698993
540039 738947
999547 21730
871664 411698
49501 755751
380545 445470
82823 787013
307191 845741
718044 152462
724878 726318
884450 306939
628281 919121
91812 716766
138977 507484
319730 245634
787241 849661
49566 772152
801117 690931
936512 791694
729376 723042
806461 236563
692608 882070
449358 250705
760061 613999
744225 131744
866917 171195
57211 781669
787108 26802
842731 971593
666530 457397
984759 211779
51691 656705
963103 623645
526313 407340
108090 113927
330387 466660
494958 334208
569945 206495
15174 252201
126807 178862
785399 844856
911055 254173
162368 722628
410679 490989
175965 293934
637144 544545
555749 884380
277223 79612
307514 505641
917618 688775
749797 405885
945989 520618
102782 648046
909563 766969
303147 81523
407360 630154
728019 765747
126718 523287
561071 226752
17363 931918
496120 63619
377970 501961
605061 15467
547541 49146
923511 962215
439563 241568
509506 896637
233067 184458
665644 858102
510547 97470
629318 649839
341265 56023
757496 504042
955274 829666
730255 420003
130302 494714
55593 178162
813574 246015
771718 561605
245104 225325
54212 43968
263580 519764
640351 813595
299335 987671
798841 931604
513228 324008
224201 547702
30956 751838
353646 758775
242609 427617
150422 738119
959036 6475
760393 769584
788476 602792
95327 280770
971087 16754
364395 360053
252857 982881
847810 258747
461713 385221
661801 896279
340132 680796
912140 153347
171809 661254
59719 538
229557 686424
74818 494762
350123 920945
485798 147991
