1 10
100 200
201 210
900 1000
10 10
13 36
46 99
55 55
76 23
33 2
46 88
3 300
685751 3254
56 20
33 252
5556 90
90 6566
33254 68554
123 789
652 951
325 684
1 999999
321 500
60000 40000
289132 321321
789789 123123
800522 265990
175664 952386
43810 964781
526631 656588
100 300
60 50000
654 887412
9965 359461
4444 4444
1 1
338779 556842
99585 222684
9256 32158
456854 951357
657951 223579
348625 952684
30251 60524
78525 656995
30231 66205
6858 9875
1123 6654
3581 9682
165 754
100 2998
305 642
370 904
34 625
123 556
102 7854
11 658
12001 958
20134 522
30 6648
20135 44
320 15
1165 2
12205 33648
7875 32054
65 11123
32158 12985
358 55
656995 12202
33456 55466
78213 65470
332156 775221
3121 6654
78520 86954
213547 332456
2131 5694
55487 11235
564852 998541
65 32
195 3
6475 2254
1235 659
77894 5564
23 65
48 95
10 3590
900 5000
600 6000
120 8542
33 34
62 63
19 91
45 65
789 658
114 329
98756 123
85113 2
2054 3044
6585 123
95 5000
691 6000
4528 75054
6548 66
9952 1
3258 65891
336 4492
10 2000
6281 47569
2035 6648
256 400
358 995
22 500
6695 45
648 923
347 885
16 664
8752 9998
358 4562
2256 3148
6584 68542
778 956
685 2113
56 102
336 452
4102 6692
31584 6658
789 6695
4452 3369
89 665
758 3312
56851 65
82203 99875
652 982
875 999
1000 6000
1000 3000
1000 78952
66485 12335
9467 6652
123585 443321
20 336
15 648
2035 6161
940 668
851 7951
3510 5548
3582 99685
785 9554
125 685
15846 66584
3250 4852
65821 3584
94852 35486
55684 32158
123846 985648
65 745
203 6132
204 6625
9965 10235
600 5231
100 358
945 3002
4585 9856
12 3302
6584 2156
8856 9851
23 958
65 991
28 95
97 2656
85996 22351
78584 3215
66585 21335
9 536
745 965
895 1000
685 695
2031 8756
928 1000
6851 9856
32 6842
957 6000
856 4452
9582 23015
79852 66584
78 654
8021 356
6854 20
333 444
666 888
459 22567
777 999
888 111
362 585
333 222
505 606
202 303
909 707
7858 9654
7881 33215
64482 77007
10 909
805 604
103 507
993 999
604 887
201 345
209 985
351 669
65482 1135
112 659
482 3655
100 359
879 11
1235 557
9468 9587
1077 659
949 1000
358 785
6053 8061
7885 9952
3518 648
133 659
785 880
30 69
13 56
161 343
398 657
123 3009
684 1000
325 4910
99854 6542
95 123
885 926
31 662
485 958
103 628
7954 8319
103 3395
1235 685
9951 10000
5066 9194
9466 653
6086 4318
4283 7831
1699 8308
953 1623
3665 289
3582 9872
5347 6719
542 6635
1248 3609
8993 918
9821 5879
1143 211
2306 4875
995 336
7852 9815
203 6049
8423 55500
6852 8855
9154 9962
303 6448
900 3000
789 6588
274630 254952
485250 722536
432646 444198
735918 949769
451772 13232
99513 795798
638733 591290
172095 391799
86894 556941
321568 987579
6685 12350
778566 695842
98 552
7851 9968
6548 9070
6580 6907
4852 3201
78852 99562
69 875
336 99987
1564 69521
6957 84621
306 9875
5852 32156
95213 58546
125 8564
954632 458531
56 785
32 6695
1258 9965
458 32558
58 4468
957 4861
32 158
79 55689
9875 100354
89 547
6852 13585
695 33895
695 7889
120 3356
9658 45631
6894 66894
20 369
9956 33265
6659 2046
9958 44231
203 6594
569 785
7856 3254
220 3158
9568 48965
9965 4563
246 8954
213 6548
9621 35894
625 9587
32 659
889 6674
85 12369
659 485
159 629
4489 6591
485 628
9662 59479
652 958
695 7895
6685 6954
58 236
958 7895
8596 9548
2203 6659
465 8852
785 12369
9856 5564
9952 4893
876552 10
65 9956
30 2564
69 8895
42 856
95231 123
695 4578
66895 32156
98564 100000
1235 66954
4582 5
8 9663
6 785
223 6
101 665
459 33
2005 3001
123 9954
2368 4568
2013 6959
2234 6485
798 6585
2321 4569
7895 11123
9875 60321
700 1234
99875 446852
597 7789
623 4495
6852 12364
9587 45631
156 3215
835860 480884
233255 602465
468911 934825
546872 256713
639723 712362
146769 683892
872088 792520
649925 298265
965155 45763
845724 495464
977067 980878
889 4568
953 1654
996 2231
4458 6689
4896 6542
66895 123364
7985 9986
302 1603
5548 9856
2348 5678
1395 8521
33695 45684
2236 8895
695 489
421 336
5489 465
6895 352
3589 78956
3654 9846
654 56498
9345 155648
65987 5164
96854 123546
4653 848
523 1123
49846 98756
3218 68541
6854 35165
684653 32164
5468 9845
65231 458964
321 985
4562 4688
9956 12354
9000 78556
68945 98564
1340 9223
5994 6052
5653 7040
5044 6582
5256 7520
7186 9600
67 924
2477 8726
4793 7821
1708 6564
3811 6151
5708 64
9523 44568
852 652
9563 21354
321 605
3215 9546
6542 3210
985 6542
123 7852
985 32169
68752 45689
6542 9986
4520 32156
325 965
523 9956
85 3215
784 6895
6882 45896
6523 123469
5237 9958
6523 45689
564 987654
32122 32156
4587 9865
20013 60135
90321 45690
6580 32105
48662 45689
3356 9003
8001 32150
65480 12390
158 9952
681 923
89 548
230 1164
12366 78951
9521 1662
7885 9546
5231 7895
9926 11234
8564 99265
4523 1234
87 456
9987 44563
65498 78962
1254 569
45662 55691
321552 123684
7895 4562
6548 9521
33485 66955
9523 6846
325 1254
78955 99875
7283 8742
1819 9899
605 1631
4797 6045
2827 6625
1135 5999
922 2640
65 49
552 12336
52 123
954 1236
52 62
94 96
89 49
31 201
65 985
458 236
745 995
358 426
8756 123
2113 6648
2315 4495
250 249
235 224
158 126
88 11
125 21
217 203
75 249
6854 2135
9958 44563
57 995
65 623
12 303
95 69
654 996
65 852
32 125
69 58
113 669
456 663
254 698
885 445
556 6623
632 123
998 95
35 68
956 789
654 1236
995 45
556 684
236 85
835774 560765
313133 397656
539458 750720
563316 661805
391878 582870
938746 340309
657024 818732
884044 517953
201436 440788
5856 446
685 9564
523 694
5521 798
523 1254
996 3256
95 258
695 4581
369 4587
3133 6585
4558 9546
13 6685
6523 1235
685 6697
7896 91235
584 462
668 9956
695 4851
9856 4569
563 3215
4595 6954
3254 7865
95423 19845
6585 9954
451536 667103
425891 143901
563559 410625
942840 724878
355245 412231
685 6694
2385 6598
3021 60254
6520 3250
9854 20016
65485 65420
956 3215
98756 12358
9884 4563
22350 99506
65403 87560
84603 98065
28241 102147
72109 32698
23316 11364
52327 28490
65644 8518
67149 17109
29740 12088
76876 38490
62228 3583
80147 83062
28836 47872
8698 80790
95153 7818
8717 61375
65485 2346
65482 22354
98765 95231
5569 9987
33215 65494
7852 32156
98756 77896
24842 102960
91737 65423
43107 82383
70019 37171
80096 6911
107285 102156
92757 26704
34171 77473
87741 111323
104774 61224
89337 12978
12601 74853
87027 74451
6585 686
3215 889
120 3026
98756 321567
21301 65484
65488 45613
65412 88964
32156 9875
99323 48820
95523 37944
79106 10613
49797 108229
72014 71474
45925 34332
20732 87376
1 2
35 213
201 5
690 3
4568 9577
52 105
601 998
937 941
789 862
468 668
742 798
965 1117
523 642
506 575
524 603
239 421
326 510
753 753
679 855
789 889
483 556
963 990
439 575
997 1189
34 222
252 349
190 272
818 910
683 817
522 619
844 887
526 607
667 848
966 1082
951 1133
462 591
549 610
937 957
41 50
856 9963
1235 5569
845213 669781
589 6542
1236 7895
5568 6894
3215 365
982 1236
695 4569
698 486
2236 48954
568 4569
6652 6648
32125 700
500 800
900 1235
600 5546
400 12358
9000 100035
60123 54864
955 6594
1103 7031
62 420
6031 1230
785 985
302 120
65 203
325 856
36 45
669 965
453 2694
103 654
9852 4523
890027 632772
402074 464156
360442 35543
610578 394479
485074 616014
555390 36981
242987 189521
653888 33965
373279 747847
263169 787478
4568 6854
2520 3640
6940 1360
8795 6684
32154 30215
954 8456
1250 3210
489 6548
6854 9820
335 4568
42 3321
6548 9789
6548 3215
203 6013
987 453
52 321
3210 3215
9956 3212
3215 2031
668 9875
986 4456
685 4562
652 5896
2231 4658
167638 468645
880006 320857
698096 667849
576392 401516
865116 45374
518419 231906
957890 941147
75738 917424
312771 346948
811974 830565
567292 997214
764245 789380
2835 9784
5020 5693
2696 3899
3056 7969
4803 5349
4464 7363
1538 3559
1880 4525
3957 8736
431 9416
3033 8630
315 6529
4325 6346
6582 20315
7895 6549
2031 6520
987 4563
2016 5864
98 4563
210 368
985 6321
5568 9987
6652 1354
6654 5256
9987 12335
62 1230
846 542
438 4458
684 4837
6012 8563
3988 7754
1814 4787
3517 4565
3909 6207
7354 9090
876 7893
862 8633
2462 3079
1123 7284
5127 7179
3201 8504
306 795
6548 9256
6032 4566
80 1205
6803 4403
1032 3065
9024 9980
4065 30215
207781 414895
534450 196947
857432 300219
346386 379825
923801 496006
793436 848830
728372 378349
851926 579188
418080 608472
526796 808269
888561 233926
106432 664074
371920 573706
276465 496142
675703 775588
396997 524419
108727 934342
887656 263837
807542 883784
689521 486279
8031 9975
16 803
654 995
125 685
125 62334
5468 6658
935 6542
22314 65485
56482 65482
6694 4568
9532 6235
4521 6213
3221 6548
9956 12354
3015 6548
2154 4896
546 7895
2213 6548
223 6548
213 2031
6548 9856
7754 6548
231 6549
3215 6548
2036 985
654 1205
654 3215
954 6954
4586 9546
8865 4553
6621 12335
5564 2236
7753 900
7993 4181
6098 3380
6226 1529
8876 279
3980 4649
1454 2380
1574 7201
1668 4078
7160 8067
8985 215
5633 5189
7246 5111
5437 4761
499 4642
9874 9992
7033 7627
2565 1050
68554 46895
654 7856
2235 4568
6695 12369
55312 100321
6603 1230
4021 9920
6032 4203
12035 98756
841436 44
736753 54
237394 64
508233 78
955546 18
361177 68
135327 55
524501 53
949764 11
887829 36
53599 26
521653 21
523055 5
88405 47
749698 20
83908 68
946404 55
7895 6687
321321 4566
98745 23159
4585 6213
88964 33256
213 3215
882 2136
5468 22236
99 654
12365 65921
3256 6954
123 8856
6548 9856
1235 6684
5856 9865
45856 96575
1232 65485
5568 98565
5564 44532
413339 576439
819699 927435
330503 560332
747133 977258
831406 992009
550118 706815
646095 947955
613029 756574
636868 880539
232594 948930
873363 943050
603170 790527
926943 982252
58013 880936
101773 848539
324230 969567
327856 942817
617681 779648
264326 730695
726214 802521
220899 896715
668106 697444
677631 730766
862281 920293
131222 331141
285183 971804
479869 77110
6548 522321
6889 42130
6548 99031
6201 22035
8056 60456
90321 80321
1023 6025
1203 6542
9540 6580
4580 6320
703 6203
403 3210
6032 4569
6850 6210
4563 3250
4556 9804
3320 1034
6603 8850
4560 1230
75201 65480
45621 12354
9960 10000
96520 98762
450 3320
4560 654
7895 3250
6856 2348
9875 6695
12354 56821
9564 10003
65482 3215
2793 2766
8872 8869
7935 7903
1935 1913
4099 4025
562 588
9764 9789
6620 6664
1689 1628
2783 2721
9732 9738
4568 4520
9681 9656
4225 4225
2079 2097
5763 5706
7532 7545
8681 8663
1902 1902
2200 2171
8442 8416
6548 9956
32156 54667
321589 654667
123564 123336
