834743 416633
111418 496434
304184 377910
286639 60360
467391 605658
908303 328013
915572 81945
930164 152362
425498 622051
122940 749231
662628 68297
805281 574481
996136 867257
391183 389432
25887 346897
871084 881964
836322 950887
526129 534655
519762 5214
471144 49592
587654 276352
993765 203693
903759 22
650093 746508
683282 617077
24476 746301
941242 46648
108618 106072
945437 621554
568167 554473
734405 814518
207891 869964
161546 202083
995398 645454
911826 252276
14838 237105
14726 302407
482985 138262
16093 698510
838595 107324
475695 973860
743570 869682
178155 660257
499175 309378
350580 40266
25619 807357
946870 36240
771241 95130
603341 295985
898841 159513
384702 889755
494388 617426
868066 306700
783753 989180
348034 973458
272585 506169
778426 833651
650853 939913
46161 357049
820091 270868
798457 116301
937023 180305
326960 109639
908415 276440
780440 47231
873350 189847
423182 914587
411575 571359
201466 9346
157936 913691
476680 871171
709968 793462
850949 369108
311041 463838
457704 192282
495370 263434
668264 50137
601316 435313
948052 900459
550684 19753
256415 722155
934142 739910
206903 147678
367398 795927
175396 683388
694623 873595
183601 915188
384061 888863
501350 866462
870750 658825
890616 938531
552423 362945
168335 451699
518439 439418
922355 351084
815090 867341
345585 38266
577462 749318
659504 17951
547806 41902
629256 50718
664395 918856
950093 436133
439290 388409
614796 445848
293377 370433
267153 171393
415317 129441
248558 649823
277617 23336
562760 519347
535302 973806
44041 830696
261295 901687
716408 398067
772793 662251
430008 105996
554707 945281
396940 605905
949966 97501
408772 241491
239624 639104
626177 813714
341116 202064
315868 9905
838812 975617
886673 360274
249826 986194
960091 576223
20256 155837
579494 731520
887714 480031
94912 843322
90952 914301
66940 242159
287869 624676
109236 260515
970425 786560
470236 289612
896287 962805
735142 450460
451255 935222
767761 690501
856912 910802
487075 447742
149421 625995
356019 877709
545258 428004
366574 205612
773691 631859
871940 74447
384980 244603
582556 154030
183283 249894
117038 27921
828258 662612
398965 963993
126115 454016
573115 403747
260355 900673
915799 945829
828032 405423
494251 996394
548810 935655
717167 741368
22606 509634
669529 696587
794871 524678
73769 355969
743433 551599
774429 904201
603790 84248
466098 200358
375435 680771
404793 176297
794509 992120
285272 194208
901197 499072
114612 932346
389659 107367
713944 922128
114708 852679
503883 646268
266128 364489
99167 303505
925707 651556
672655 29254
280353 310962
455448 666899
879425 189783
763410 41920
897136 977022
919027 448416
482350 166780
49936 528597
303660 405826
631436 639717
343585 735063
133469 20911
28165 228666
438119 240083
632858 846404
500961 431034
632889 713489
996223 782631
61190 468280
814291 552139
525294 577359
289774 299129
98234 497513
501666 450359
666902 821822
873532 882949
154534 371547
807181 293688
746858 727098
808038 727071
680859 419482
384776 800895
42593 683848
747968 172753
16896 696985
343383 897305
441108 616665
314248 979696
67733 265194
536211 313402
631890 908876
866934 336508
352972 861232
175932 907194
365403 577845
609199 630800
771667 411918
994784 197865
117913 249693
346945 724859
537324 369333
902493 276828
846084 148560
299700 589490
137127 42412
367501 108570
391519 616795
282247 298908
163951 579496
944243 166494
358329 464605
859463 317430
635782 17354
268795 600735
637568 940029
823860 818465
511919 924330
40546 836684
218626 594977
112125 122006
768151 69936
556441 488633
976369 555603
58126 68194
157716 152520
643357 674100
809275 29399
673976 887309
117107 471435
43552 155291
926852 953971
585422 605699
457129 790533
337828 949122
385645 719712
254695 35242
539167 457913
863305 32226
225907 264242
419899 384382
501554 449794
945112 551578
372685 344739
120067 774014
593462 210728
991735 504190
358729 520289
921085 233854
936992 208416
437817 756258
400352 95757
918172 856703
751949 46413
729611 672543
264959 593131
965114 95087
918468 273661
621118 452388
26357 369336
276135 202453
815399 677227
498491 653776
1212 527984
314178 965023
390615 203687
158439 965412
609211 723213
410037 295418
536989 909566
124320 222679
806778 717725
958663 590701
60818 237241
429940 378621
919888 197871
462556 826166
275519 23467
230187 940441
274803 306022
386790 240245
264877 306419
851989 66072
908400 981275
662455 732072
125909 984742
591400 93056
300149 895502
643190 945274
729990 259026
891697 918386
662153 924938
357230 629518
487521 473458
296883 483281
160725 662897
345744 623924
15876 717564
489124 422785
466785 41089
386527 535627
667104 883412
139934 215633
244605 436404
549010 151465
352715 543913
298173 539566
512415 444390
386102 617171
101719 907395
169075 390631
968029 839286
15653 199321
252553 605413
767458 810575
579912 169118
300123 429237
461154 574111
967273 641811
899443 392737
355500 628897
396779 899052
950162 963443
61531 490276
994982 233447
883543 323779
319111 606958
811095 138291
822078 406264
309277 525881
280181 563974
371705 629393
252862 373438
93844 12893
87916 393264
585512 572906
435954 709885
670581 164596
731025 326720
675719 988785
971124 354027
859570 991644
614403 265008
115247 190982
663420 581280
278952 993081
903756 336229
400649 481481
379712 683831
285182 346504
125147 734794
458457 510390
355309 227530
942265 824127
974265 810837
352858 746294
42528 61985
122979 181207
81789 546687
214778 697983
685037 870222
516895 494456
157451 705980
517205 299877
968088 527170
490649 42250
796960 909281
372682 306002
446845 207498
855356 129430
81771 840723
334177 676317
181486 765040
227797 319395
952501 583305
569084 818632
304705 758654
348305 545069
161283 395258
706494 830964
64210 558843
56265 751562
268761 751714
908205 433129
684345 685187
759569 904037
698537 853288
87857 253451
601446 737287
127238 260564
355458 893743
801348 488637
596573 469944
195265 662148
574585 484003
725437 743389
781075 498487
991311 36812
825196 19350
609991 438656
464770 163565
936286 333879
17897 222056
493167 304329
526876 271965
885484 578227
418700 982317
304877 545967
575428 618805
584418 271734
780753 316210
715715 37549
847533 633030
104995 523991
798229 134403
462347 576235
192395 441376
529777 439773
82387 448193
359397 347758
2527 639959
765998 525173
825588 179804
72880 383562
427880 891023
562664 688640
540401 288295
235897 706342
409462 984165
905838 129025
380700 888859
93378 886469
215725 752756
927298 473693
987658 886618
898753 539520
654218 491921
272485 652223
632328 755463
635598 767328
379577 959740
961006 333116
816594 962174
156547 858602
192593 901079
568819 485463
393891 119287
911547 680848
340708 103108
373284 745309
828255 976700
406992 206020
652630 738296
326386 646020
606751 65163
432540 166886
916906 474316
243915 647169
25321 206174
739621 483990
65236 11420
914977 962910
306176 615744
988115 266588
620119 946322
628715 241481
770123 317419
249337 76677
483025 755276
898107 969281
619085 79653
444852 52608
510570 188850
411653 619286
780263 155155
517957 919192
753915 274310
476107 952113
40816 175444
654214 279991
884192 438916
290048 828687
917638 487261
212959 602028
314703 260769
60809 118631
661483 419461
198936 778155
376105 535167
790256 110574
145441 267702
201408 476146
548095 940650
368133 232731
69026 543097
472361 514006
237209 893896
19568 481803
793227 10401
793912 228669
801496 590090
133447 833529
957597 526542
718327 342421
2503 217086
58987 185560
198820 414132
951986 498205
660492 366660
487123 649627
996613 886120
918903 653801
739067 843599
762260 107713
854850 88031
819460 368239
130428 707691
317837 223407
126450 682160
865524 733962
535025 799187
60549 50430
50584 31248
458715 208332
782390 389871
618641 162110
437012 807087
775653 243990
778548 479219
970347 373923
669582 158023
353691 652676
115411 246748
157818 272602
472976 341547
356975 656822
264508 650254
502081 680653
994038 231796
920859 273331
958626 829964
277575 518666
177416 727058
21806 286629
122537 133147
754534 746252
615077 251586
963529 471055
3385 171112
760694 327047
19466 324616
53451 895935
865831 173844
928345 607963
667714 997001
924668 11415
63862 436976
558045 771839
535594 624114
663684 981860
407009 647224
671866 179630
626875 258453
669060 397366
71596 161911
939864 329215
922319 990508
565157 748276
536480 663712
720956 853362
456623 26886
100363 508120
389160 590416
954172 828721
821209 262701
211607 520347
12826 378787
333235 698938
948512 256624
82028 552760
657206 265337
111520 255801
429133 648632
230882 26803
962925 979826
738777 65489
849110 697428
953623 964110
300841 431182
980951 839128
53155 575645
514481 387598
789805 994732
713110 456399
252413 408576
105154 770126
497594 548987
61598 86753
427223 203805
614458 100144
883987 707469
181872 706331
938610 613188
736132 838835
87733 714280
964013 186657
652694 118233
118349 155320
932230 702480
192006 356937
734372 457841
22649 259169
330088 832425
984237 219522
448423 210855
754334 332238
956432 652864
881974 124298
16568 279001
920217 123120
364373 874106
489159 915192
715668 996240
153043 792605
350455 312482
831017 12407
812767 990063
975159 850965
906335 996782
875797 902120
138568 489665
186530 767403
301051 47098
34994 154077
331373 482548
505019 871681
225850 745710
606172 864864
990189 260963
730638 581207
275661 693842
176149 870965
702940 931667
341169 868734
914425 165591
444320 565690
305644 432269
989253 406179
845716 887289
203674 983332
975337 449980
393957 609472
351822 683463
759500 96941
603612 911581
585908 124392
760637 304295
396991 739263
333817 293955
909086 919587
720725 548198
118122 877172
743569 221565
280139 414716
853766 212509
537259 643732
50403 146926
220525 858095
862250 962412
650733 510690
263323 158888
976893 836206
786786 176352
787268 212271
95583 835566
927135 990623
681122 327741
312147 488857
183176 398428
636315 216708
324096 520703
28847 213593
294487 975983
829067 632160
151941 281405
873074 393073
709701 97080
573922 96819
353281 870915
16379 903280
931462 661808
750035 103196
408871 902251
618356 398183
463998 317926
740669 275838
7154 329629
73921 859962
673311 319629
863713 564054
804867 966282
120118 554894
650099 308555
980748 927096
684452 299305
146024 49134
104290 406894
704668 723300
344283 399135
66968 864835
707942 332994
270646 819184
972275 78178
269873 106894
496524 943855
575497 473558
332752 270850
584460 899928
883027 135346
626332 454412
68243 732467
985682 134545
317640 250306
760501 62576
898601 948461
132189 760770
370896 569823
2954 897855
424693 998152
737360 519966
381212 813596
216940 425373
236337 556928
313337 339303
546691 834077
509933 399914
386726 43839
196843 729938
367022 367988
133560 794747
9606 554483
962370 328852
688611 894445
643719 660106
776111 647141
666484 293112
199320 238391
313789 728430
619514 214489
413046 891468
138464 272565
664148 630641
678458 471131
474081 25685
252661 361410
208503 7410
482858 692362
13195 417115
373723 532987
253005 622913
934229 720131
969006 100591
357619 866824
215202 747907
317039 868853
973053 310996
821812 555195
238385 638273
727253 839967
220868 667998
184826 571590
830791 384676
916126 927481
18704 927253
918788 667661
969628 773492
308169 516809
562616 925073
347164 444437
459682 601982
359480 689330
379416 893070
127044 363278
465150 856839
199353 969876
172073 913615
831727 856455
280786 623793
811363 126935
627870 445803
664652 214882
61714 252489
68409 702793
718021 728430
937107 51961
189994 366717
281563 275785
8075 592585
409620 185004
971074 390501
13861 920683
986848 197142
374347 41766
3119 14693
319933 960064
704273 43105
847818 241095
527035 651216
640594 622879
929484 477688
789042 229871
618046 663025
572141 764940
825694 633986
406973 51280
615724 498014
278104 32590
581517 610356
139483 310198
681777 86355
243896 513059
245593 142592
329034 203421
81202 945965
466649 321324
92243 119382
114063 126344
114041 482000
926978 472881
386606 184099
176076 464308
234490 309391
644162 408812
803361 526207
458309 979103
658986 367896
852919 545570
662177 41233
68424 64451
458336 811386
803679 94388
585253 15592
460170 394924
92899 503748
651828 743700
659707 106232
935345 204563
46743 323318
683595 887249
545138 411808
233625 980537
814641 52815
854364 980534
493440 534073
151146 28578
222023 322423
51138 727516
60078 421634
480382 795931
914954 59872
578693 281911
481323 339859
43220 611756
447978 718937
311567 542275
883621 708060
56869 420507
845881 69917
660458 405304
134854 408024
52295 660307
174110 109664
233088 200974
996651 42916
565118 425888
918229 716653
977049 492474
994463 311138
508921 293370
355065 674097
177635 47680
59995 194013
386721 730570
773763 901204
566391 129742
278664 614881
805206 916241
526839 976536
786539 921162
826007 316014
200825 382395
807990 221273
601509 161985
117513 985609
893689 905716
342349 951906
126723 792740
854328 540951
316144 951191
624271 625720
784035 191719
110180 877504
744873 848365
420984 280692
646256 340006
682733 399071
625918 683811
859203 519570
589331 920212
403796 74016
573263 605177
874162 346874
122193 640546
241678 381328
586452 390800
579499 410127
494640 165161
17877 812143
694359 652415
211002 976361
107166 442776
528607 408501
517337 292276
871302 910896
755055 991816
781141 408025
770145 122967
979318 819993
304470 551676
782667 535730
442584 214541
40281 813308
907725 715850
789438 326255
629469 689216
873822 385526
131713 734628
811516 490380
51825 748802
794446 500962
257070 584740
527455 824772
340525 115144
225303 72837
456462 916232
750350 628104
528974 311533
29755 696501
361141 97519
259698 608510
419984 227849
812876 696498
39505 882475
23007 49514
48288 801327
920058 781852
696310 77475
13484 781957
911112 264317
90236 147068
535498 432636
299323 569964
63792 550123
