1 10
100 200
201 210
900 1000
398676	219808
776743	336734
171694	40382
641707	663249
996706	548674
267809	691639
524570	690126
892768	756600
289571	606122
923551	551949
718499	513187
548446	203209
105084	921543
260366	947634
124035	593513
518954	997995
863307	887038
835629	178995
856676	214234
742429	756925
967593	214237
666038	780950
865107	390245
331992	465570
4543	592532
871112	277371
54207	656843
200992	710121
341043	569609
858943	954533
891393	907415
212478	838430
460390	290898
37166	417071
7907	183241
568220	130334
437866	823921
31138	867118
683510	161901
717697	650544
682604	953548
647196	428152
656545	550233
154260	132695
893669	738588
175210	625150
120592	902781
948027	532762
544033	561646
885745	581590
686059	991355
808451	557132
440302	320457
865733	46357
314792	477897
91956	396096
723600	173592
813832	220160
982870	525840
108801	261190
726265	769540
428078	78557
524377	138501
208360	149476
929178	699683
205930	627288
623262	276885
413805	878120
440348	977403
503905	343715
736938	945324
779059	267882
203078	83508
533	507236
601526	265911
401907	44155
739697	21426
303914	95339
377749	51885
75003	398746
148355	550714
503319	848956
268656	581733
54970	734576
770575	598049
184883	894428
569542	519246
183436	614444
504421	92500
317042	230616
649917	397517
820071	663618
501427	382745
244934	543392
817750	39097
147506	443516
969164	533052
615845	19758
577853	523711
951659	108504
771082	886674
323293	108412
466877	674094
782721	743799
384691	258861
138601	339539
137882	38931
661814	459967
315133	536364
928564	421444
38411	732305
684726	730235
590218	127579
586258	696169
100780	519507
12311	551928
875496	525045
791965	221845
754880	568249
253508	251363
275027	950219
936645	90847
953462	708323
482745	370894
766763	480876
371298	471306
615240	287013
280702	541393
134700	56063
629588	368838
38261	355456
827698	450207
687828	591426
530353	257062
966630	266251
333036	236634
601938	573361
32705	187335
66229	226315
156586	365051
378787	884792
134187	521402
129812	523431
607974	28366
664412	292900
791148	341570
782771	959651
253373	236883
263767	783080
553034	138335
471949	191090
569765	818070
747537	328048
256293	462738
494831	370352
369478	476502
609627	519494
408663	338454
694547	85811
129478	5442
325410	24578
501680	901727
619984	111089
758287	803241
267745	644899
944372	24257
73201	499855
715194	153651
121493	838636
141058	920795
645036	210174
973284	795599
29371	76796
91093	441417
696706	774075
421123	100804
51220	728947
316492	102313
497578	257008
838753	99086
513322	254559
950688	193084
107889	142418
500689	31181
460730	917461
795929	367130
769323	307611
501276	702528
578520	910965
156119	4533
5321	112838
209793	722445
255913	244865
804428	876569
939019	720388
891818	541268
641025	903293
477951	413269
832755	503824
586019	253277
384504	256775
530396	929252
56872	677800
539673	451961
147200	250735
584443	455900
738115	802342
792427	668237
397508	393014
617754	594293
397250	35560
788527	595444
324506	654180
695755	538880
974609	649410
977617	549965
987878	530017
768327	323236
952892	980215
325593	451891
417686	578167
788988	343884
254331	855374
269005	904979
900133	875222
154676	910634
723335	102380
7689	141553
431485	515312
471159	608374
785867	90255
22585	992979
887900	258825
719864	164548
991213	21529
36927	559882
942224	172220
229518	337162
160244	486445
908214	904462
98774	93433
475310	621064
611603	389681
924697	861301
402678	372854
675779	223707
351927	843963
447559	899032
906845	838740
907297	250255
552581	885224
395648	616448
671191	587930
724224	595802
337056	216400
394899	295063
676146	774257
847776	196235
165222	984915
579483	548699
508902	610170
682345	796994
214544	215092
456927	523353
604675	929400
510713	612335
926343	118074
254887	900329
932541	936297
201108	716268
483626	360094
39067	104606
866919	510434
461825	333015
572362	297202
382080	974378
837967	512508
675520	99501
327434	824213
763096	621921
696251	523149
891565	45263
305468	571735
138633	520313
75903	504443
932959	175695
641460	86174
700271	605523
355313	10626
554913	661572
787128	588392
712206	549439
55097	312958
570691	615057
405347	198813
63627	248231
962314	687244
540510	591149
401561	382168
145810	794029
235135	35342
139066	439665
644716	406290
917434	933813
679277	537136
962674	771972
634349	914563
906602	89263
271131	81432
902745	787982
523511	990897
999115	517233
482544	739631
602537	560451
970468	750352
782214	208649
217037	364750
541356	850399
363437	433345
364031	264639
684641	610339
797344	536649
306836	457369
47322	790775
13814	896405
860837	415794
262901	97436
124221	384119
808683	481621
351486	785297
874214	130369
369944	462596
130337	145609
397164	586634
103916	984447
38903	99062
408528	834272
482441	605459
326416	567630
843333	613752
822218	636345
933934	862911
568607	822348
988778	153923
113693	532358
342493	944191
136044	892726
631547	481580
150376	804815
134005	489422
280055	818927
939781	165619
726504	112632
841104	448816
808448	755607
330782	960521
354958	945449
951392	370710
161160	67332
963967	458379
481243	786520
605311	201544
563839	424724
746780	258659
414966	716314
636133	529168
787064	654749
356875	746405
558981	370245
428067	662753
913223	423896
241797	343654
209299	814810
557299	572763
926723	699656
323460	325927
261141	397445
984971	179575
258055	764067
861756	111866
739860	615430
313919	811463
407567	831005
753458	589594
929869	768187
821034	233241
206939	822536
923377	467097
559801	296549
213683	593712
779936	540608
99458	730309
62156	887421
327478	730384
163759	707359
948560	937847
874239	953853
968620	662114
218052	127520
679000	627917
480568	571958
713879	592652
284621	548118
897009	241710
235471	733651
188482	196988
442327	393174
97063	308753
793906	43491
165784	525474
986737	762428
630280	630159
600618	564651
906482	224432
455866	766473
863254	600206
154025	176989
810751	843877
149168	327261
177402	834657
654607	566638
393295	919748
602110	623980
120824	285792
227528	265409
108834	684606
115095	936708
103565	980890
436251	385440
524183	258590
451800	648945
132369	183240
158402	278431
113387	708516
395600	147888
397855	996992
671629	275314
397134	378825
368330	379873
632002	890886
576976	592052
839939	333494
990071	281915
699529	514509
505426	76542
975766	789185
948209	838712
865357	354637
310865	419630
271862	541505
510347	538875
182993	843304
246896	664406
594372	602978
570186	458497
754372	646629
381464	792622
408673	952965
792568	691851
785627	425639
125776	643350
371084	912955
336333	59380
83887	438851
210638	196128
951495	380353
572781	256253
406372	119297
6087	476269
158667	402822
21360	436489
65517	884998
561522	501654
774791	769707
505257	700497
923622	628542
724451	785937
810282	149520
418479	157080
293695	872267
543976	494943
792536	189772
54401	668418
893279	630458
371570	752476
720109	319968
243046	206280
55308	380749
613968	880446
768427	820287
454737	343203
921882	915045
49704	637267
809451	36383
599831	844054
465616	470141
724416	889875
442854	245324
254493	657118
336852	345027
501119	138098
48260	567970
168844	632452
554272	703900
591809	820609
676086	631540
149644	131573
633134	978175
771795	644246
754853	377037
134479	670304
677538	343793
580837	859282
294452	341522
271277	737002
480636	827908
467187	364331
499009	264652
619131	375616
868032	643759
167473	59152
267095	389779
9356	938046
807885	194335
769886	44709
689679	626765
892968	184387
502858	774145
657381	237593
909831	35211
92212	877457
1344	329876
788350	63247
445680	374791
275011	663923
975686	896191
518217	203128
448523	813587
744356	753945
242246	287362
141442	809278
45990	408934
453383	463096
341922	513304
623290	319992
507901	195643
353567	293405
353529	601932
469972	321689
868059	972598
815073	638310
239358	831285
335929	468663
528925	265776
480340	439247
956939	138950
704166	66376
440253	324948
252831	396085
444855	36405
226957	628996
864395	338398
251829	704118
609231	525113
124888	56401
864629	181986
980294	753949
948892	443113
533941	1636
266642	591455
475168	383676
318222	985477
999712	532908
671723	209758
760244	632072
377793	564477
765148	671859
725823	582699
288495	956119
588168	348205
393332	695097
526910	900821
291583	651323
822730	749392
256199	487072
652875	911400
839577	701068
475988	218472
964069	730175
968721	305637
716116	856084
933751	541685
450453	161237
504575	582944
71981	655694
387352	629719
223786	25332
96453	53291
80725	557613
554289	649922
93234	744922
438121	545229
120901	913063
885225	264615
221837	6847
323810	10624
111351	156653
143137	808224
443983	792838
998473	782857
29678	829683
972850	633470
659108	736399
420144	14313
508926	175210
248197	24354
331621	642889
143191	117419
224772	247249
398057	268756
525929	449031
422241	58036
138132	202188
243737	9554
646502	788552
419752	398410
649835	551102
531057	743254
593364	33349
424153	268403
104654	751791
831931	334551
46522	37810
397116	312071
247253	214201
586351	33216
970892	558751
113312	411571
387283	971748
638520	571482
931734	972670
987481	974603
646174	494634
608955	913433
991740	994924
866060	363214
327348	341380
952177	553706
521207	932202
491230	230290
743666	182706
581162	315698
715393	651856
987430	990145
904505	43906
371574	393070
380902	115550
811478	762587
524097	95732
868842	584853
475744	583172
406331	934238
654946	598471
104199	468282
51469	170791
723175	531740
397334	210666
53732	780567
355919	857211
820000	170632
456894	940284
843258	231170
504853	63671
289042	700165
316665	474802
588872	848273
529628	400217
360691	294728
536966	416737
886174	770326
619205	749074
377506	538329
287710	832178
991422	932987
751943	592479
257688	221031
981867	774900
30962	200620
423069	312179
44412	538327
177071	464665
312880	661656
647175	999648
483536	649519
31118	863124
450032	103233
138441	752290
770554	834566
699557	930104
158288	806847
917306	89644
211878	673183
6991	183589
292699	529450
958409	449074
847082	513726
677489	959656
720370	365471
683022	57094
610995	645941
200384	120960
850253	883993
586647	133314
823280	684617
70027	568685
685703	676066
391924	960638
401450	728726
240201	906319
23979	45953
119028	979545
298918	18486
355641	68828
177479	183023
881735	226711
199216	196794
280618	593537
888825	845781
444456	777379
474867	449116
180548	807303
112356	642591
279694	53486
293706	945798
344172	107571
854200	574815
945162	306850
346944	455781
650112	403865
326033	333514
90862	560705
196695	204459
482028	157447
260482	550052
867778	5294
390211	305050
344991	318311
416099	433302
968574	285553
375779	80422
223355	283224
814897	848704
980051	931905
496278	477791
510607	512692
25329	781330
811131	184355
550916	396941
43667	710215
17502	509035
371989	814434
98176	947290
25526	832696
519954	396399
970527	568607
14538	157401
357827	541401
785083	376808
16873	698237
996076	14536
831762	238341
2697	467185
200832	306962
23487	791187
485865	311116
792877	944246
12158	707598
931014	332983
391226	22094
773254	361121
243630	850416
836768	903106
444035	493109
897051	788084
201974	799770
141737	661135
883639	964314
217353	265298
299974	913500
517479	542447
988299	351632
49029	160827
215204	148261
665557	704591
913713	374009
249318	374381
943631	882125
327260	506220
72671	316872
147285	449446
236316	941607
279672	495170
64180	441654
630453	739219
708438	601424
331187	99199
933719	756478
850522	437182
733311	450198
758908	692596
892503	245185
402848	200170
260400	657939
988653	378562
473267	387281
395645	443438
51223	231447
754908	272034
482442	505902
103215	508090
401021	640405
37195	565269
431856	777194
407604	18981
460394	989388
485543	224078
231094	933009
46468	485425
242574	55809
580282	321457
131185	761958
433384	78930
2706	701263
596387	106395
67028	429801
834039	681448
910000	578317
839751	603623
781882	154099
658728	477368
716533	449073
953869	46477
198664	703098
550404	535202
772857	782867
657705	171854
934736	708137
334033	342188
346257	408871
804281	592215
794727	750046
554895	945778
264437	390915
212097	764136
861664	713816
105787	926409
35117	429576
464499	673991
810465	137235
309596	78333
163035	885365
957977	694545
740649	74778
463835	632490
789366	467739
628784	371216
269578	373370
75646	739021
797810	958343
233019	958404
443226	548591
31487	646088
480350	908312
14802	89919
605914	868128
122715	394782
33983	577446
934008	539892
302816	33391
466379	988177
16737	456621
127090	543433
515215	472554
891768	454801
152581	239858
599483	119893
938406	66003
770519	261623
44308	723779
793100	194241
562147	604556
665458	601710
243117	545407
917387	187887
480024	653417
941436	123487
431901	836273
971400	813750
707099	591594
648141	516478
23976	848936
754186	634950
639357	432125
101874	768177
343591	604613
430276	564308
771488	168979
643190	39016
162849	215825
689600	261454
156034	966397
16977	443596
471676	692071
191151	705863
869779	93057
787000	480091
538710	844243
558560	487659
324070	756073
91034	307022
396990	844321
143851	914391
18253	139774
927954	332418
935709	125569
967737	367011
465388	877428
476867	892651
7353	428317
243324	220014
691711	875243
951657	956869
115715	884151
440728	483473
423653	183493
43103	963459
992355	596053
367321	798505
103357	93394
62348	463467
547391	894442
164885	813171
759730	587211
66066	98210
445624	809095
779545	680715
57891	329700
466265	681906
338271	818786
666632	670572
813915	671047
484874	25452
730486	578138
311839	826542
210479	998985
323110	481812
975512	366660
128190	284968
384070	551170
932550	26274
945186	400676
614640	863540
124074	613685
703550	506097
697376	639187
316417	709011
205777	671191
783719	119383
546621	992259
870842	176559
149154	899371
949172	643278
473146	439182
891825	99980
330422	461326
922300	121298
56188	86278
93547	573216
927058	380499
706164	2897
291451	605167
464040	302792
42908	88969
631334	868944
56814	745634
20475	817347
891932	773273
372120	248012
715230	876970
935017	653497
459726	908258
85586	898023
886549	852699
174610	197601
111234	160757
570209	578823
480354	199915
296419	818245
505202	733429
757150	478405
