938306 80742
245656 519049
578481 706309
290199 778921
860693 456222
956598 485967
888913 759678
357921 253182
571567 774502
599776 473782
466193 104012
263632 595752
228406 128540
157561 205567
713310 124123
838692 165821
719069 84348
199074 297550
304862 489273
590675 165555
459699 61478
165726 348612
821155 523646
601793 392722
812352 201570
380708 278545
305581 158545
874296 48192
287084 546062
767962 394
184389 606654
680418 903457
205207 879492
715211 510068
368765 820090
675622 828463
881567 841347
177076 702722
879198 293073
95444 691550
494642 476152
484300 314428
148901 358596
876823 435984
418862 644785
950582 117456
251439 631000
20913 970849
24697 250329
480917 393461
70419 156539
736129 951986
512091 427409
654708 391289
720481 264357
82839 729328
254713 567138
557960 403613
439939 434783
353801 373005
593772 304383
490460 359415
449588 25578
330265 474284
275906 811181
381950 346324
481925 118079
812514 994015
545487 467223
385304 780172
245784 468142
23705 500496
549485 581664
418313 503628
530651 772113
390837 124423
590701 881297
998042 554493
906874 328307
28777 696984
653692 410726
557512 135617
43009 370027
129632 102700
351454 514935
882872 597237
497282 420781
611937 560971
516650 544454
578803 47301
316567 969639
685928 421472
365141 683970
975964 786219
526481 4742
483203 180173
929671 40716
315790 486885
924946 445421
589584 276400
474561 986660
387841 486047
407442 999777
47018 438296
544231 625820
485596 375002
109664 685728
796474 474805
883902 286643
261024 410383
291384 744227
104761 735260
299147 420550
222145 224093
380175 325933
14697 368940
312594 402537
854986 234240
916518 416208
672535 974953
556232 672335
349955 665896
872268 660633
140701 756170
947276 915928
680758 752864
660155 785518
2329 473506
720272 738677
211803 614651
64611 226499
983591 891408
629035 352782
639852 545553
768990 826591
34711 325222
498926 384666
505322 371194
559503 160227
641569 20984
76156 322327
288053 250515
622049 290381
724021 342321
29059 935823
956971 93669
162323 454767
499281 305562
321754 139133
365320 604948
965723 400030
444374 978853
298900 949696
864252 858403
109923 505821
393591 186078
342352 681643
436593 964400
972024 674818
820925 1083
124846 292101
608955 801372
261073 108236
106935 582826
761572 472254
187774 241500
872283 632147
734557 171184
581843 598809
543791 205971
618834 937381
906252 475390
619025 857049
439790 105254
531867 774919
106336 170918
67021 229495
972289 328093
851934 79224
425123 613506
65682 612896
369210 452170
759247 103767
137558 341091
702576 681348
61266 835614
132934 967517
311005 266163
824567 264999
371416 870638
554123 991955
41556 621143
735654 13846
463440 587588
607273 888562
201094 187160
501458 570303
639329 260705
674070 291091
116000 890850
486643 691469
240669 619576
658987 65878
399944 997758
845081 285564
382601 399204
277520 424157
534551 13174
952206 997990
600762 73684
886552 316060
260843 902214
400568 414376
677123 588842
705466 307328
993896 192109
513001 234565
325890 171988
814647 725833
683950 659728
11397 66552
58932 803120
4913 107687
330499 471323
105677 445465
545006 506433
761524 320054
922851 676296
248634 114179
779342 468305
421506 773238
174618 448712
522008 500507
620699 336655
740544 818854
996382 266146
399610 569518
69266 404522
677204 913968
390049 297085
359433 449259
317722 635162
769312 240573
311458 532151
354751 90801
456 290462
378243 175073
739173 900250
189785 874076
236905 444533
207135 747491
710678 606744
831213 294149
525470 22622
208117 915518
833910 81755
364778 151632
716916 648294
906408 542578
694649 261160
147583 695104
65826 525826
384382 319203
940280 88371
193279 691390
532903 400414
438881 243582
521362 784299
51935 561037
321125 774255
476555 155036
856009 355537
306667 87130
518036 213076
629708 212685
988439 291495
421994 568469
817320 806375
887671 757601
894745 80950
448991 941852
995567 402076
699638 31135
700579 751572
592171 21705
40033 582930
690944 410246
452672 511815
497376 970707
724890 641288
697596 227534
932782 119590
796002 750103
440169 683673
21909 849118
278828 985103
790971 788599
901383 4814
819733 116168
270591 926108
137872 310623
509039 828815
720868 961710
340630 218244
446622 579725
373736 658422
321463 306519
292217 631670
570826 732385
315343 106939
95709 108375
606246 400884
896974 507629
405697 230912
623796 676287
157021 275872
501114 180264
618891 221983
656178 473726
954430 102800
567655 328167
275426 403322
148890 567642
34992 719715
814232 864539
826653 909940
972913 432899
825028 384092
454732 230725
615004 592733
421217 772024
382809 922330
466492 515905
658517 122670
989630 127153
739673 71490
969523 15099
474811 118413
582741 24008
838127 911177
888546 178985
335322 861459
126088 160350
245552 580819
905278 374760
687756 326495
660988 70566
763030 127480
586470 935751
250149 90305
577108 989821
675998 546631
4920 150809
665043 101865
174816 17375
13042 577566
196359 348363
439026 836650
22917 198782
931674 928195
573541 619430
768894 234529
689995 46129
876212 790669
496085 126361
880973 73193
116182 556971
619824 635305
221985 799071
737170 911004
816446 264416
488571 527009
126984 441801
363660 149900
154787 295334
592299 728327
428968 361194
477060 118964
921526 353272
423837 417611
993836 304811
490804 110018
375986 110628
259527 112175
909698 510901
537384 240349
775317 540159
767358 416505
496164 645222
80609 650950
454760 672908
893481 883727
548306 884745
516895 984036
752221 940732
401648 746057
759747 892451
370279 649937
517283 629805
762112 941185
140707 813700
695739 430228
353859 977301
846732 850022
622523 441545
15177 591487
628657 908657
475214 691167
793402 506314
675204 545623
447046 76852
291680 720997
483507 661958
370934 514994
805967 647250
456179 946673
460950 666122
376901 329013
643423 223633
693239 780150
179383 708415
371637 808039
131277 361056
499207 924678
867369 174411
984505 828619
765466 790389
549616 248973
966551 434754
763966 772519
82005 734349
719192 57159
400472 96094
900376 558099
833930 593615
338250 13313
816235 224091
821352 947511
585146 834763
386395 966719
9174 370900
309543 774639
161290 373363
537816 642045
808117 301782
414564 404326
550335 133757
461484 465011
744054 361860
23111 577984
469680 875564
105502 285915
99655 441058
747630 199006
275821 134025
165725 284994
19130 989472
573837 694623
362835 111653
336668 685156
927638 751232
603686 992177
399193 65171
457189 143247
941234 994503
721230 410914
870067 826731
211033 969721
267789 958663
168727 543609
606892 848656
342807 626021
352333 430848
834848 229372
542500 171517
914528 984342
436953 518214
976520 836145
97589 947913
979391 553028
942416 214826
478146 812483
41558 203384
296409 823550
676251 979340
881364 283143
342201 738375
423369 694533
169224 258217
923904 225928
943937 352637
724475 380890
385056 700995
731239 996848
648908 710630
549876 591324
925456 542227
918011 481218
745610 728624
818972 421861
707964 700336
219208 50165
952916 642576
744697 122140
414998 182807
862271 873139
535443 586746
768234 920498
801945 499473
917347 450853
724308 981427
556381 649764
523654 988596
645186 269264
717221 464158
205329 425185
678699 424537
989554 631615
581317 734251
267959 996314
917057 644434
383659 966705
231181 151893
887203 33126
165570 318755
998183 889877
814387 68769
53846 852245
57366 213236
635714 288791
677394 841042
713975 870297
265579 217734
501912 846896
951985 284075
357415 383247
928508 255278
349952 673893
921374 751360
221224 86945
584319 733611
491026 912910
802379 59077
765156 373949
272312 400870
662739 463910
241912 890919
334207 21696
108653 836118
382796 574842
634397 254415
472294 77111
509693 822245
751003 431067
87810 486431
32216 186334
220042 523242
99244 22422
582318 864399
910574 854629
265269 87519
318540 21386
978437 652746
43081 601294
3070 940080
690341 151671
194495 162635
228781 218392
499084 979784
649459 586894
466215 681674
773227 200462
719120 386675
737087 301438
251075 647661
670272 30548
735179 503016
51933 227821
669966 609217
343320 673035
549297 33661
338911 743792
710499 567691
962183 209583
61680 125847
310681 42100
807521 598112
242561 526641
984787 979647
342284 235862
141513 12556
266409 390897
515571 318342
618717 699741
927558 476241
372777 991060
24106 225892
734852 734604
793582 211240
944187 369467
851291 254868
411566 173017
852980 654126
213862 837767
147978 556145
587833 289490
82905 854241
194591 112680
686787 813308
812421 128551
803753 699402
119611 827859
925293 368667
562463 233080
94111 506650
602546 945401
275723 14112
118418 642907
182442 332280
994878 844623
402629 582711
648318 485534
951156 842908
112418 152149
170421 924838
280699 974174
138445 914513
802033 63738
797384 878700
811022 405699
385351 413568
351101 175278
941884 983722
818184 638530
830206 327267
997358 232836
909977 645676
232574 375338
2789 344991
527486 173210
784034 322389
661588 922478
751106 463621
500421 548490
856525 311443
954189 241876
239215 819494
931357 181099
803216 263746
333834 147628
591012 331192
380463 500989
491072 127241
876327 493860
986435 918017
181274 770469
240407 842861
207153 991512
820686 707573
54208 677212
533220 8397
433292 772434
342095 364650
953533 659515
142600 801571
807142 733612
132763 701809
748805 138039
343254 139337
631898 329690
57355 813172
614363 297761
170238 821515
803477 990924
43293 857684
182341 576512
380285 615632
348947 236584
494486 816684
896099 637086
618255 217446
370698 265222
919255 119503
403260 262509
258840 549362
106403 316194
876738 720766
128159 46977
542281 445840
552105 585574
817729 734445
162086 712218
350077 511032
948802 844563
841920 844901
481649 460175
62347 366551
725396 495806
486053 642860
272520 259097
192223 378922
89495 68961
99688 731857
115937 156174
177698 182246
255952 509631
916690 418037
221849 266768
443274 170651
625535 285194
529756 621388
259574 106308
987938 499174
116318 988195
142035 388837
761497 848461
281964 850991
917421 381651
582849 547563
52029 274751
729808 307980
784381 646499
240222 520434
427471 683495
205290 567210
482893 735045
188598 256671
355557 690740
755845 471875
678935 897879
860711 440432
746340 656879
805628 177966
38531 902681
239733 604763
691636 969541
912743 990221
130245 152965
510655 71920
350664 715944
639129 347761
965194 827726
604432 320751
32671 360277
792625 711605
772360 167542
666242 32905
824420 986074
725074 377155
888755 964807
981918 94596
448553 408866
84817 93002
76035 595471
164921 426698
825620 804049
774458 790814
145980 893094
625769 178650
767575 932599
404459 539935
614345 584905
87044 952969
570979 812118
330125 973938
776925 826247
68534 225478
749317 667554
318479 825351
263026 997603
252049 602850
315857 540711
907868 976040
433806 533637
154690 715585
466236 73353
255521 594785
172463 342564
547755 257646
668886 877879
745789 445811
218331 328527
185493 967647
996081 18176
792998 773311
15779 559251
376161 845839
614166 284029
821879 47972
331870 490773
763557 312311
564126 533282
907095 250793
390050 454850
508438 58937
846933 254227
18952 579468
582754 718649
547115 578835
736824 854317
866350 266808
927772 242511
112647 541939
40744 448731
104115 886817
939503 381876
199128 17834
915157 620428
268626 819412
589482 777064
878348 436416
545495 411504
530088 642453
130153 591408
221288 866977
445725 601842
647989 373498
844352 274840
915436 399300
723570 19551
286118 663074
401427 999449
680907 830788
619877 463738
650200 209360
755006 42753
159980 300501
454257 690067
942954 98614
795679 678446
479795 241405
280289 127784
129107 638845
402624 558747
38146 126194
92502 838467
303472 493928
837916 984379
838921 971998
448117 3326
695562 203123
46079 369746
17828 14540
574017 474986
113153 369697
153433 592948
611101 947925
234936 254412
586770 637559
813158 139120
277958 905659
491791 581429
913792 329708
80013 266918
815910 42334
270243 511472
759660 830525
881217 777488
359269 455234
252474 472422
339135 920110
579574 464440
382240 328714
718851 483215
480478 46214
622334 758435
466078 628330
339864 379870
958037 934081
160992 288152
976414 431234
799623 736075
775964 195045
513563 135233
164483 280241
121859 503618
714556 215637
968057 96796
544351 201114
94215 24829
247327 230754
297468 713404
859083 151536
607478 817120
85617 768469
619476 62032
713908 419099
798106 489872
128348 825873
139309 807034
620318 261168
824856 334874
991008 792914
945874 535359
508232 40089
74392 755558
270842 371859
983167 129925
523395 590645
461249 609011
873319 80725
185247 587227
14028 983352
591303 656579
323430 244816
463614 943748
505983 288470
792826 496992
595588 252905
546555 103820
292994 620947
373583 78040
992805 356750
722169 30405
947394 697622
153621 820713
292552 338867
922144 306579
836424 27652
477363 159854
272468 940976
617806 292655
743650 924837
303851 339239
177742 850406
957262 984939
985557 330845
62980 978362
687594 299353
522972 149194
996974 676592
484111 289526
15459 920460
110310 851882
948111 587672
525941 734783
42853 143747
541643 786502
68584 845493
639945 760530
695899 597208
745469 681456
442257 322653
174024 644056
622005 211200
793249 133185
887791 791564
936914 417454
712024 47224
783541 174341
149100 309482
423328 191952
967432 964970
978454 550221
810464 618399
310751 20568
729811 570424
216229 172069
893077 904456
816124 29287
115656 123578
162471 517651
915141 613590
935104 627166
660813 232850
315711 809913
542331 739038
516069 23969
704009 494523
88394 514473
627127 913348
49245 871142
483772 265473
557415 891053
169929 887743
920340 799788
11321 597015
317439 926462
210605 766748
67833 385623
999597 383543
709740 56134
636785 225809
594306 340794
234537 196904
369471 375868
110252 418716
247010 108228
198393 318630
999281 882526
206373 433826
682314 217694
545045 513958
658360 269855
794910 240397
655477 308712
138144 879421
879049 774928
619434 987559
115723 853970
184463 999397
