1 10
100 200
201 210
900 1000
3777 3822
1777 3146
4382 7219
1022 7363
1900 4681
3281 8150
5844 6461
3244 4454
1215 7182
229 9574
2122 9853
7794 7818
4763 8446
7434 9685
6415 7035
4223 4627
2076 5243
3727 7355
5732 6347
870 6214
2029 5174
6442 7810
3251 8326
3910 4766
3808 6545
7674 8377
2657 8607
7325 8525
632 6751
1265 8423
2004 3003
975 7138
6295 8264
3020 5397
218 2881
1637 2637
3140 4083
568 5335
5435 7031
5416 6831
3639 6732
7264 8431
7973 8316
1275 2629
954 3549
5892 6216
1407 3715
5716 7514
3817 6487
4065 5560
4674 9543
2803 4169
8386 9159
4264 4672
5720 8317
1301 2366
4963 6405
6604 9820
7600 8099
446 5798
1228 4469
1501 8452
1056 7148
5420 8916
7868 8437
1325 9355
3618 6737
653 1061
7420 9575
2790 7178
5008 8202
7356 8420
8315 8849
5028 9937
3064 6340
2933 9579
3182 3825
1172 4396
5400 7355
3170 7981
6080 9707
1043 5477
3254 9307
701 4668
1973 3494
1110 4216
405 6275
617 8334
1340 9223
5994 6052
5653 7040
5044 6582
5256 7520
7186 9600
67 924
2477 8726
4793 7821
1708 6564
3811 6151
5708 6417
5993 7009
6699 8751
9132 9133
5585 7326
2492 2779
4994 9768
4655 7750
185 4883
823 6651
1796 4554
6734 9355
3301 9935
4329 5408
6914 8087
1513 8687
1120 6436
292 4098
2866 9209
2026 6505
2095 2496
8547 8845
3474 5890
2573 3545
3142 4055
6176 8025
2097 9947
6507 6654
56 4115
6974 8320
137 4032
3440 6657
4233 4635
3048 3955
4390 7077
6925 9537
1220 8286
238 4024
774 6076
2562 5420
1827 6450
8166 8971
2123 9178
2287 4759
325 1866
513 4761
7351 9395
3936 5470
915 1462
5297 6141
2318 6100
854 8781
1617 7676
5364 8332
2324 5031
4359 5101
2414 7407
3575 9693
804 3819
4239 8778
3117 7434
1288 7153
526 8612
2841 8301
2975 6731
2853 4306
8 7359
3629 6445
4605 7340
133 3394
7135 7258
52 1952
2063 9756
7248 9049
3813 5086
7160 8898
4481 6813
5628 8403
2261 5622
138 3912
3062 9111
3508 6635
6204 9845
3425 5194
324 7644
4454 7789
4002 5889
3038 8053
1775 6058
1295 5947
156 5855
200 4617
7283 8742
1819 9899
605 1631
4797 6045
2827 6625
1135 5999
922 2640
6017 9901
971 6603
2515 3880
94 5219
442 7311
7629 9617
6315 7010
4954 6241
3061 9313
1641 8489
381 1528
833 6797
2301 9784
2954 6018
2714 6754
1101 8092
1126 9860
455 672
3537 7335
3267 3961
70 1145
4136 7722
5061 6854
652 7954
3112 3159
2250 8277
2447 6407
8419 8484
7216 9596
2442 5535
1176 5720
1511 4847
2829 4507
6266 8669
1935 7651
4407 8323
3056 7150
2504 7142
6556 9856
1875 7449
4359 8992
5374 8653
668 9906
2373 7451
1837 2474
3451 8142
1510 8653
4331 7695
1622 6809
1802 3352
6333 6467
2761 5484
986 9681
89 879
2787 9669
2199 5300
2086 5662
1603 4103
1100 6988
2441 8890
3000 7750
5354 8330
2255 3214
2789 5879
3897 8704
2490 4292
1107 2568
185 9883
2689 3104
723 3111
2579 9170
5331 7282
4601 9910
1341 2907
992 3978
6532 6801
2319 6425
4913 6930
4926 9799
6161 9747
5812 9575
3044 6895
5457 8954
1527 7705
1234 6756
2825 5138
644 5434
3355 6374
588 7428
1196 8670
6587 6915
1982 8930
3051 5187
3346 9098
4721 9715
5544 6578
1994 7605
542 8955
1970 5989
3109 4874
2302 7093
8416 8547
4238 8347
226 3061
884 1722
3209 3408
4049 6168
2831 8987
5135 6952
1750 4451
1420 6806
4746 4764
6855 9590
611 1237
544 2312
10 1649
4163 5820
2387 6919
5684 8155
5901 8403
497 5649
4971 5044
2020 2498
4175 5501
6843 9761
3691 7382
2594 9988
469 4748
3581 4305
2300 6508
6072 9438
787 4904
2301 9910
801 7560
408 5104
2112 7107
6728 7180
3154 4911
4177 7786
3728 9471
2881 2980
7825 7851
4568 7345
990 4243
8177 9319
841 8633
583 1377
1203 6931
2794 9645
5612 9258
1175 3077
5945 6334
5630 7037
577 7047
1198 1443
2587 9087
502 8691
7723 9495
7025 7778
258 5854
5820 7542
878 5631
2428 9260
1286 3088
4392 9898
7089 9514
967 2203
3628 5818
3436 8180
5174 7238
7243 9557
6515 7378
5646 6820
495 8749
4586 4993
3406 9575
1493 8946
3170 6271
712 4643
4355 7712
2490 8195
2430 7201
1227 7368
6585 8430
315 3040
7365 9793
1325 7874
5724 6685
2633 7069
5195 9397
4829 6381
330 1518
4504 5830
1392 3830
4459 4737
4037 8943
2538 5270
5820 8127
2148 9330
3531 5287
3799 9661
1335 6661
221 4281
2387 7897
5624 9334
3075 4277
3327 5945
7495 8955
611 8188
8686 8870
9050 9687
24 8184
6148 7822
4349 9191
926 7382
2124 9428
3575 5867
248 3344
7359 8367
649 6991
7310 9955
2559 5708
1159 9605
3861 5396
6833 8415
2624 7092
2268 9735
1726 7187
7125 9767
1937 6053
5446 8655
689 5527
5361 8205
1860 8766
8536 9912
1090 7155
6825 8991
5577 7080
1821 7842
7005 9082
4525 7088
6527 9853
317 3500
1428 9818
4405 7009
1385 9950
343 1721
5065 8969
7084 7971
3689 6311
1516 4663
885 3811
2208 6827
6236 7446
2347 7903
6275 7904
4754 5880
3455 9975
702 6991
94 9281
6972 7580
3096 3831
1230 7632
3593 5597
1181 8754
1677 4927
2752 5101
7213 8336
4999 5370
6090 8381
626 8432
410 9563
3125 4027
2516 7637
4949 8464
1846 7335
4666 9967
4947 6515
4958 6313
9064 9796
3973 9806
1690 8914
3207 5985
3692 9341
384 1235
6525 8122
1332 6573
3895 5775
6074 8175
4146 5644
1383 7299
2127 8863
8131 9775
465 6276
647 8732
877 2256
4026 5244
1522 5240
2843 7105
2987 7595
2888 6321
786 6824
6992 8415
6685 9967
4597 5879
1982 7549
5774 6917
270 3534
2799 3596
3885 4837
5406 9163
4033 5247
437 8361
4564 4617
818 5839
1650 5913
5910 9509
474 4446
1031 3261
4063 8450
474 8902
2961 5897
3648 4569
8742 9816
4334 8077
4403 7460
4143 5571
4677 9351
4459 9865
4419 7642
1922 8541
2229 9691
1333 5690
7799 9043
6206 8170
4423 7124
4353 8317
5527 7339
600 6235
241 6412
1436 4511
4076 7231
3849 9357
1748 4791
8828 9812
2942 4708
6614 8422
7078 8359
6717 8532
3127 6863
522 4455
3891 9298
1147 7410
4630 5653
1056 8651
4220 4931
2407 8332
4313 4413
4756 8552
7451 8409
880 9609
2257 9957
2322 4417
4060 6622
4773 7536
1386 2588
7145 9505
7576 8572
1261 9722
1180 5297
4788 7635
7357 7664
6266 9648
5279 6273
6265 6565
7505 8751
794 3694
1612 6514
2467 6999
7303 9370
653 9432
4112 4544
5446 9604
363 2022
3169 3424
3276 6804
2761 7255
522 7638
5325 6269
2051 3551
586 5158
6681 6684
6536 9438
442 9080
1680 3707
4258 6804
4480 9961
6977 8029
802 5206
1494 3871
3154 8692
4172 5281
450 4635
2965 9546
4754 7334
1367 5387
4413 9042
4149 6104
408 2815
717 7007
5121 7131
522 4058
2881 9864
230 5394
1803 9057
1197 4362
8276 8712
2440 9251
3956 4020
5344 8050
6382 8433
97 5929
1942 9979
989 1154
6530 8213
2020 2656
781 6504
1660 5606
3798 6758
2294 3982
7496 8183
6845 9746
2930 9834
1511 9835
7378 8917
2571 6935
384 5477
3124 5853
1205 9111
3082 7273
2338 4283
3871 4178
6812 7443
2633 9168
6513 7706
841 8723
955 9935
4918 7231
2199 2743
5167 8539
7600 9010
390 735
1384 5290
2484 4396
2518 5348
781 9684
1790 3971
1497 1921
1320 6618
1543 6024
6903 7607
4780 7771
1110 3548
1618 6512
2217 8528
1337 6451
6771 9663
2227 4193
813 7667
7685 9000
358 4413
1317 6204
3919 3995
299 2398
1455 8422
6022 7544
113 7835
6616 9909
1362 5312
2683 8401
541 5145
6979 8539
4305 8414
3909 8980
7218 7763
1830 4571
4524 7044
2449 5179
2448 7121
6102 7999
69 3357
2565 9624
8027 9379
4609 9508
610 8862
5856 7805
3191 3830
2111 4187
8539 9526
363 9358
3373 6589
251 7130
428 6491
3310 5851
2260 5209
5059 8852
90 932
5138 9411
5105 5275
2724 5270
1855 9926
1119 6989
923 8315
3163 8108
846 1777
2960 6812
1984 4151
6057 7031
2313 6119
8153 8552
3947 6284
1225 8540
4778 8682
311 9877
243 4426
7162 8535
4478 9659
1666 8879
1195 8748
4017 8956
842 7208
2396 3713
3923 6592
8805 9493
3428 6719
555 5951
5467 5645
535 2386
3139 4472
443 5328
7506 7865
3756 9736
552 8538
5662 6566
1472 6315
79 2853
3811 8879
1151 9826
416 3462
260 8984
2467 5990
1092 5320
7849 8668
2671 9499
913 1833
6200 7363
2255 6204
93 5325
9275 9953
215 8791
4234 6415
7178 9227
2246 9392
442 7033
2708 9446
1140 6952
5650 6345
7477 8094
821 4036
1897 8343
2848 5050
4016 9330
794 6654
897 5850
792 3571
3638 6704
443 1901
6495 9511
4306 9013
1757 3642
178 772
663 5565
9092 9915
5939 9823
5381 7509
4066 7921
9697 9873
862 5166
4174 6922
797 5635
2484 9349
2685 8566
6174 9778
2489 3640
104 3669
841 1664
8738 8815
4039 8083
3622 7784
745 2843
6820 8301
4915 8264
490 6609
2723 3480
8197 8831
2707 5580
5798 5833
4700 5331
5065 8706
2420 5593
1609 4086
1782 8408
3147 7384
2887 5938
218 9861
1513 9000
8480 9508
6352 9185
2851 7018
8966 9094
7233 8354
1977 3913
789 1950
3206 4748
7364 9355
459 3383
7077 9745
2306 4734
1500 9082
4918 5584
8397 9294
9528 9623
1723 1732
6235 8145
5067 9124
2540 6873
7975 9479
2354 9262
3185 6412
713 1593
3982 9911
421 4724
7278 9564
5113 9933
827 6133
1077 8597
3893 8725
392 4591
3275 8699
378 3786
4174 9756
5805 9744
2887 4406
5951 7906
642 3972
3201 7816
1494 9263
8050 9334
588 3063
2873 7278
2683 8014
588 2786
4327 5356
5999 9811
1353 9867
2544 5025
528 6359
7774 7793
180 852
2925 6528
7276 7866
2545 8333
5028 8802
1625 3712
116 724
5446 7207
217 610
6224 8361
1590 4905
1249 8214
1929 9430
1969 8875
8243 8695
3790 7538
1749 8241
1798 3191
5015 8781
6107 6653
326 1803
3751 9965
520 5769
3771 5445
5182 9246
9134 9829
2135 9855
4674 9308
4034 8526
251 7601
4978 6973
3102 4059
4109 5603
4371 5540
1440 7337
5675 8279
5840 7501
4925 9057
2395 4189
5640 8159
8226 9699
1328 6452
1570 2653
581 6971
2369 3981
1012 4084
2706 3788
1918 9189
495 2319
233 3564
2168 3476
517 3581
2158 4598
3399 4907
2182 5885
5090 6183
4490 8787
1905 9652
5383 9581
1061 9150
2555 3816
621 1308
4167 7909
6585 8684
9040 9383
1653 4729
6148 7539
6887 7448
2635 5585
3514 8894
1523 2072
1202 2142
3688 9718
4607 6253
353 473
5022 9362
2011 8265
2 535
3401 3402
342 4544
2432 6724
7607 9667
5081 6775
766 9429
1749 3625
3769 9886
4674 4902
5795 7840
4817 9580
3871 9332
2728 4708
1675 7269
2926 5406
215 9254
3909 6870
3784 8137
8638 9823
1065 6296
4155 9734
6400 8581
2854 3131
463 7720
1020 7813
1503 4651
620 4569
366 8627
1493 5115
6970 7008
164 2172
18 6941
5804 5936
2134 2645
4916 5989
4586 4627
1131 2804
3409 4300
2764 6371
7835 9893
3384 5656
5940 7546
2856 5636
2800 9838
2599 7609
7441 9766
2009 7219
5099 6330
3441 7596
2011 6770
5993 6713
1611 9191
2047 2981
5054 7573
