865 215
6 1418
277 1451
341 966
666 1867
545 1153
917 1272
149 411
19 818
837 1067
296 1112
533 1352
701 1292
439 903
781 1794
241 431
636 886
41 680
116 1788
333 578
526 259
475 162
642 451
602 1527
875 1382
996 571
417 1219
200 1381
460 1781
672 1211
105 1562
652 676
141 1111
560 1772
308 841
713 1889
460 1078
479 570
459 322
152 871
337 894
938 547
220 554
98 406
518 1995
85 71
621 1656
849 303
15 942
26 1576
295 1236
381 1253
800 1065
98 635
693 1624
355 1197
75 910
203 1285
76 370
453 878
617 1091
666 495
467 1744
30 850
366 144
768 546
370 1873
460 834
391 78
119 667
292 538
550 1742
924 1081
596 759
606 734
566 306
576 1759
260 439
15 1077
430 401
750 447
392 717
64 902
148 350
419 554
507 413
756 876
783 989
384 997
232 1837
958 1075
657 1094
39 468
430 1828
95 1099
533 178
115 1488
526 878
486 340
543 1979
242 210
593 1877
344 672
521 1712
628 21
387 265
184 1157
18 462
546 1863
685 857
109 887
862 1959
913 248
212 471
664 641
755 1455
559 1944
429 1512
924 877
743 233
602 1085
418 1009
943 679
181 1678
150 1386
108 1290
245 1133
15 869
773 1465
529 766
57 1361
114 667
878 882
940 185
454 789
663 1725
648 1537
297 1240
175 1309
333 441
765 547
719 1852
453 1904
922 1344
338 264
486 1351
207 1543
665 566
91 610
161 1932
448 1596
755 656
801 885
515 1555
990 396
696 1396
789 1348
595 850
503 1301
468 1292
76 1882
401 244
899 328
172 163
874 1726
704 1782
383 311
888 341
73 892
660 84
870 759
257 739
377 771
587 1248
303 1647
873 604
791 1825
662 987
348 1623
399 421
960 1704
366 362
198 154
706 946
900 1388
193 369
803 1571
411 1306
525 1475
284 379
114 3
541 1158
271 195
255 399
196 297
910 721
879 1782
14 988
970 984
405 1753
382 200
5 1406
267 1796
964 1052
517 1847
217 693
68 436
268 108
416 450
939 1909
167 1729
29 555
469 1979
213 720
335 1237
173 1183
988 1028
588 173
1 125
678 1774
878 517
126 100
425 615
266 82
783 1972
571 607
547 644
136 1927
421 666
942 955
80 1446
966 375
48 37
523 1860
822 1699
894 1460
874 1616
416 155
540 287
659 1262
31 603
501 931
666 1301
67 152
371 1929
534 799
602 431
948 519
16 1917
925 1510
891 633
400 178
751 267
906 79
330 657
867 1058
547 1341
61 1845
504 1097
497 1475
92 1227
760 1411
825 1315
26 689
511 1841
975 1959
161 499
200 524
696 1660
889 1923
574 481
37 388
385 1357
998 1223
3 452
784 396
978 1796
896 1928
168 807
238 250
297 1829
940 1308
476 1431
762 1157
889 1750
776 1083
294 1762
959 1430
853 462
484 335
853 1401
82 1447
179 1704
531 724
444 878
930 6
66 1005
392 1976
810 1542
3698 19698
8286 7901
8051 9979
9091 7928
315 15148
993 8614
8356 7168
930 4956
9980 17975
5777 16586
9940 11786
3153 14429
8964 4857
7431 17565
6920 19295
4053 19447
2572 15079
835 19157
4111 2712
5628 7496
6775 17484
6850 3560
7633 16094
5503 7634
3762 7266
970 14096
7727 8878
2 10167
486 8022
1258 7690
1864 4982
5329 15899
547 17256
1133 17042
2111 7125
3523 3270
1477 4360
1621 16360
2567 15198
4264 11455
3072 5370
5777 16141
8217 2837
4476 7121
8837 11954
5273 3814
7066 4496
1732 3017
3757 18712
4750 14455
6760 19734
2573 5621
8298 3365
1517 6921
2619 13347
1009 1702
618 7684
1322 14853
9462 1474
2979 718
6325 6577
3591 5142
5300 337
3167 1923
972 14173
1468 6986
5709 14176
2749 19769
8106 2599
5534 9649
2256 12241
9325 7563
36 2531
890 2684
1705 13433
8378 7091
5834 8215
1928 8927
6298 9821
7225 17485
5829 19385
5306 13614
8483 15926
9512 8088
5961 1490
8044 2051
8795 19245
9985 14068
1570 4381
7731 3414
2166 11710
3014 17059
2008 13383
448 1635
7455 4441
2020 19724
3117 1520
4684 2407
877 8316
4370 13235
7899 8425
8107 2979
3119 16025
3697 6658
2728 5940
1339 13527
1873 8310
8683 227
7395 10439
1411 8775
9143 17576
8837 14307
6614 12072
326 17625
7727 342
7231 16656
5604 9169
7328 5845
1457 4572
6448 8475
3161 12717
5077 10371
9759 3620
4860 9815
9151 16441
5334 8720
1863 17102
9216 7607
4645 14883
3421 11689
7502 9417
9410 5331
7015 2222
7005 4861
8020 1591
2787 19459
8299 1868
9445 12574
2324 6924
7550 13954
8127 15650
1948 17888
2722 4335
6424 13420
9886 7623
9507 18553
2429 2392
191 13887
9290 14020
2072 1919
3292 10416
3709 4509
4368 14452
1167 10892
9747 11635
8949 5960
2169 10405
7912 10877
3629 19760
5842 7077
6069 12982
46 12078
2464 5863
7820 13081
4175 15542
1620 13663
8718 4937
1412 14286
1230 19147
8039 11313
2976 10716
5156 8238
719 6344
7568 10185
3402 13332
2561 4870
4222 14132
6881 7436
76 13114
2027 4581
3852 13354
8917 11905
7853 18217
537 11546
7671 435
5010 10354
8207 14123
1872 7992
7415 19181
2071 9002
7952 5087
9658 5332
524 18151
9920 3991
8868 2102
6657 5765
6483 2178
8015 713
3918 8657
7235 15523
7088 9073
5074 849
5989 8324
972 4681
1283 19353
6290 12643
8017 17750
977 5011
8165 10993
7711 18515
5037 15486
7345 832
9529 11651
7958 10363
291 7207
4580 9968
2925 6088
6941 13587
5830 8652
6829 14822
5800 18352
2195 5879
1329 17628
2698 14214
3515 5847
4755 7045
6058 9943
1056 3672
6290 16624
5599 2555
6339 16590
4177 9347
3682 14590
1974 252
6373 13734
4327 15698
5738 7381
9072 6092
8692 18581
2248 7250
900 19389
9134 9903
8688 12931
9042 1649
1282 17999
3053 8845
9952 6282
6701 10464
3907 15925
7905 5041
2966 18294
2286 13714
1869 14061
6700 11493
15 6982
8704 18170
1682 3303
4054 8886
2434 14280
3290 9392
4253 10626
7539 11286
9886 4800
5917 7660
1236 8370
4658 13940
670 18849
4805 11785
5221 637
1578 7877
6838 11505
4053 5475
1946 18168
8877 18687
4916 16041
2877 14297
5607 14574
2215 5336
3873 5971
9877 11659
8472 13561
462 3498
6544 3306
3425 6652
3782 9158
720 10322
4939 17564
1612 18672
2608 853
7593 3052
6475 13515
1919 19343
7076 2519
6556 1336
8542 18055
5593 8352
773 12878
3719 16440
2912 7925
7333 3470
852403 1190191
604018 372719
388853 53867
52345 142982
410952 717922
921374 956130
987482 658320
475667 1533974
949079 1899552
193399 1922842
543913 223072
111708 1001231
981517 817108
74355 1076768
404243 1423718
219798 622212
153266 1662011
962290 204832
223749 127264
499407 860360
92710 1756067
607742 1968678
986790 116158
3614 1867827
357926 1808303
918922 1259875
629013 960867
993826 1946462
18822 1025808
922677 526184
130668 955618
101704 763105
828725 598733
389318 1977192
344641 366081
1539 448667
372862 69628
717358 906490
360994 1899321
758035 906986
276995 824582
60363 1466197
183830 1185267
904193 1813486
460610 1125606
818529 805522
508640 323788
488606 285642
86482 1041770
481440 229997
123901 164433
84425 222691
579684 1075952
877411 952068
666722 1919427
629544 1525790
590468 1080106
735725 969878
894144 508500
499435 1018149
108566 1578202
276331 1902916
795522 1643240
914894 1450403
159835 1800214
124790 1218770
849740 1824085
985749 420483
846700 1624196
358160 1987558
656443 1871266
164431 1810356
681979 1614110
450275 22344
335528 190411
199957 1817831
28886 1739887
33927 1645216
619559 272762
698761 1877967
769445 189012
281851 1764155
268418 1512015
120794 1229791
380457 1582908
335145 1809990
185408 1838617
696316 1746703
725693 50024
765988 840592
243746 1014299
177394 579095
992726 1507243
962730 230604
703650 1974983
589702 757938
420996 1399722
106595 1507532
694707 686213
834444 19804
865393 44700
239010 736839
511302 509421
621348 1582356
455262 742922
203169 1829907
126209 1403784
211959 1827226
800746 581648
452742 179051
238279 687506
397751 1020593
568012 441882
326243 699817
850676 306363
606561 1742046
721814 86055
418415 565772
401376 1905632
656891 1727142
479538 1401225
697871 857843
87129 875350
874072 1499347
971942 1159843
177809 1383968
161771 646944
575249 631216
479761 913193
82413 1330678
338137 1381939
707275 889416
115437 1242338
505028 859323
148642 238776
858229 1745706
978061 1408105
938659 1706838
124543 1150154
346952 1593895
349278 1530727
204926 98065
409825 411443
362119 167186
654183 209498
391735 1339991
904821 50483
691198 1918718
205578 1374417
673366 812663
493665 1214777
69701 1601795
845187 937261
259151 996319
510214 19751
704316 89082
684069 1745378
32833 1471329
268605 1883281
203790 1517755
837794 596275
582195 1137008
246108 346110
857904 1420646
210305 315896
471895 1799139
840944 562597
133856 765334
442919 801115
344521 218033
641410 1452849
410792 126895
391889 193302
458319 88627
82644 262653
445210 30097
74262 1752630
479767 1201765
84131 465496
584019 1400417
259302 977371
65341 1949861
897252 1463106
535033 153031
573455 1740533
428356 1338994
622728 70445
48511 466090
999796 1604744
888154 1092141
33594 870716
683038 1647221
941718 144104
439958 59611
815133 338566
137947 305877
900173 1649533
630011 1992800
571856 1652691
833670 62585
609486 950644
550340 738027
149405 1429942
396944 732388
122747 1446040
688946 437313
518289 1328527
975822 236984
351629 1162341
756212 499614
631243 1300798
133542 72330
279651 545861
191352 1880456
459805 985976
744208 1458679
430592 673422
936653 1037952
608904 904193
147012 207411
252213 557883
276134 1399231
711104 1508449
411389 364878
294697 866358
672981 1904379
569259 1502638
380215 152561
528657 1356048
829841 1660065
614370 1487046
580209 1620511
851512 159428
938352 1915674
557999 1082259
944875 786550
813304 815737
532845 1635208
335309 562247
160553 1723501
828927 217407
457442 207495
161323 1281311
294573 370070
605387 974158
994702 91374
859304 1915682
352832 11866
31725 1806540
152785 929038
695256 1624929
574889 617537
386313 1836421
515371 101615
728573 811830
902451 761897
270548 1712306
810368 984087
726990 1772934
366763 1554828
110356 626229
935317 679236
851251 1171841
120160 1499453
315683 1212505
895700 1865646
949381 129502
393697 1298728
146412 1915155
366340 1790920
329555 574754
667458 1000982
909740 1200581
224337 338686
20120 426839
856342 477417
525874 1589496
426185 1491574
412485 377430
278389 1070170
424030 1611807
748572 701521
292029 1013760
66680 587839
255269 26712
830747 401896
65811 900990
2104 1308616
189259 1348779
644474 1056785
362701 399366
558226 1685695
199335 1567819
519438 405465
104740 1724438
68645 839110
859874 93778
735503 1802696
922433 302521
700753 1027482
675255 883206
582294 11810
320065 971327
867705 523475
584500 1371416
211424 262691
21426 8582
254146 900259
620024 92770
716936 95296
539731 1502773
884625 146452
50930 892838
485968 1922282
558807 1287549
82641 353229
893352 143187
193049 1754059
282082 350168
727082 1463883
665197 123201
795685 384008
660042 515020
754954 1324969
992872 816113
950939 897279
44310 1820711
508448 942938
831635 590799
125251 1603976
617922 1828417
444315 334827
780218 1710066
11526 595894
715385 1769151
881326 187332
662328 1974232
65135 589717
903641 1381580
242895 163429
203837 377004
984363 1161323
676786 1210719
114611 1813291
79369 776834
536268 1668472
534150 10361
333908 177930
195441 1698199
233154 1310903
724042 895974
27370 1151314
961945 1981075
23776 1214749
76835 1859449
139317 952427
114937 807752
234077 1283031
532458 575057
718513 771866
821464 554098
930831 1818893
868584 606617
915679 1515580
244307 37366
166577 813219
868890 1535937
647362 1690248
391638 1455269
436510 1494644
988461 1151304
272351 101327
218209 383480
981075 1739415
236802 984051
909435 1794365
849156 118482
243248 1681948
204779 1250580
408161 607383
895202 1712195
437623 719181
316524 1753285
906265 1746555
499314 1278658
241483 1835759
890170 187948
86385 281125
586616 10351
389234 935552
473151 1330487
511736 1409190
998544 700377
382419 549880
671059 510559
49469 644781
117731 541875
258296 976394
337732 1235942
93844 663104
271792 1694
