104 199
106 116
82 256
75 237
42 206
187 172
243 252
228 71
125 195
85 249
28 233
232 142
119 91
47 100
52 160
202 155
103 51
14 184
50 89
164 91
38 94
6 24
89 234
95 213
172 179
206 199
156 181
85 18
15 131
117 66
34 62
221 136
113 234
63 162
66 226
253 104
63 2
127 152
235 221
108 151
144 57
93 43
237 177
60 252
51 176
61 85
237 25
220 93
3 27
255 68
252 251
171 59
252 42
210 231
6 61
125 149
118 217
191 98
138 250
93 188
169 154
16 150
178 236
242 180
6 240
248 1
234 162
59 230
203 12
204 209
73 72
101 190
32 36
31 169
29 124
101 198
21 116
91 198
95 76
122 100
60 113
101 37
18 159
10 221
171 213
173 243
28 17
176 60
52 206
228 81
73 72
22 93
188 112
35 26
187 156
126 246
12 226
27 29
128 36
249 42
249 165
28 20
182 203
79 233
153 51
57 225
122 78
62 53
189 96
79 120
251 204
109 6
173 135
34 44
171 27
86 163
191 113
182 116
60 5
93 212
55 149
180 176
227 241
229 159
80 51
22 74
254 131
79 170
9 113
213 179
139 42
85 73
155 11
189 214
15 25
169 69
173 92
244 143
77 216
46 156
10 67
230 7
197 52
176 206
164 133
128 46
174 213
119 72
223 51
29 237
75 197
49 247
33 36
134 109
252 179
8 5
245 237
12 186
33 187
135 196
63 6
242 237
218 104
52 184
154 81
164 228
21 212
218 53
248 95
161 243
17 169
247 6
149 2
191 181
189 69
121 251
74 106
231 36
209 27
219 106
107 127
77 127
82 38
180 73
133 84
59 149
252 50
154 145
51 88
69 239
156 189
234 230
38 208
9 246
234 227
95 84
97 171
211 179
209 134
251 85
217 54
233 213
103 131
101 153
218 169
136 118
102 113
91 139
64 99
129 42
69 223
125 166
138 79
88 90
212 82
174 173
135 150
129 237
24 229
134 242
141 13
103 242
125 193
125 188
35 253
229 103
219 98
12 100
176 99
189 132
181 106
48 59
256 176
40 23
148 173
8 32
185 110
18 53
46 142
240 80
138 213
183 100
54 194
200 229
37 132
104 217
238 151
19 237
70 58
3 217
230 11
249 158
120 10
210 166
151 194
245 32
150 171
131 203
109 74
175 145
206 23
105 187
173 123
167 243
181 169
203 154
179 195
56 43
204 9
208 98
202 196
129 95
111 4
41 219
77 216
107 26
238 211
212 154
77 122
140 1
35 87
155 213
25 210
255 229
218 206
70 164
146 199
2 256
202 43
218 22
2 68
48 239
22 3
136 98
125 20
99 159
106 253
115 130
206 114
102 167
63 172
74 208
114 76
207 59
118 168
80 119
235 127
101 256
130 236
98 254
255 196
156 104
192 14
234 141
127 79
51 190
250 125
141 107
200 92
165 61
3 245
179 238
115 23
237 244
2 78
241 1
17 140
104 208
154 81
92 24
160 143
213 153
11 98
4 210
189 168
14 191
156 192
172 15
214 153
2 215
230 243
215 247
126 63
198 23
143 34
47 46
176 3
199 186
100 202
139 32
113 152
223 13
87 138
27 44
34 28
2 8
14 217
254 140
23 195
162 165
228 208
211 147
211 153
76 54
98 214
86 210
109 52
222 195
189 248
238 223
20 240
230 33
200 227
172 222
165 78
130 137
29 84
27 239
236 103
37 77
60 122
31 169
173 252
107 105
244 89
71 7
72 44
39 15
14 211
236 179
32 109
59 60
193 85
43 172
187 79
249 247
200 23
159 116
18 9
220 5
97 35
11 168
78 50
182 92
4 161
14 35
14 72
94 206
156 136
121 87
214 113
77 157
135 235
16 153
243 236
157 84
14 168
251 91
217 177
182 220
81 195
254 94
10 91
43 166
227 164
252 184
20 72
85 155
50 100
51 36
79 207
119 92
118 114
183 78
34 108
41 114
47 38
208 56
129 250
221 99
157 216
26 177
31 110
75 80
210 125
116 32
75 234
124 193
91 50
14 124
157 55
238 203
92 189
3 220
182 223
62 83
183 88
3 213
197 77
37 150
201 152
182 19
129 49
211 220
98 225
87 254
23 68
201 114
256 203
78 182
169 139
8 95
226 10
52 167
86 88
60 30
239 241
48 111
33 3
74 130
227 161
128 249
228 72
106 228
18 183
153 186
66 160
25 35
169 76
201 254
163 5
27 145
245 74
255 22
76 73
151 46
233 22
38 204
93 144
175 110
70 71
40 135
230 64
170 142
139 114
139 45
118 165
189 107
239 187
128 58
3 22
104 235
44 141
183 136
28 101
246 98
172 29
232 145
92 145
31 230
3 169
18 120
78 206
226 60
136 97
117 139
119 220
117 162
105 43
41 132
144 30
229 59
58 205
203 149
93 233
122 95
146 139
215 223
88 184
26 224
25 142
106 143
106 222
48 210
9 88
85 152
118 58
210 175
6 156
68 98
133 189
193 22
72 151
244 159
78 13
126 102
154 231
244 3
197 35
212 205
123 41
100 240
98 53
158 103
208 225
200 84
158 136
105 229
30 92
131 108
104 1
209 2
231 197
4 171
231 216
119 97
256 218
80 97
14 238
199 222
206 142
49 107
22 154
79 51
245 210
158 93
210 111
94 184
51 97
99 25
56 217
122 55
179 201
151 192
182 93
157 132
235 206
238 256
103 61
50 91
14 208
183 223
62 20
150 112
117 248
136 172
209 1
227 131
202 121
66 127
214 223
2 192
172 240
191 18
44 240
108 57
191 35
23 252
54 172
107 170
164 243
86 116
243 56
246 188
176 55
59 133
21 60
68 192
43 2
209 86
242 61
142 176
95 164
172 148
80 22
62 243
8 147
102 251
202 91
182 121
145 240
254 166
44 65
101 86
67 54
172 52
114 57
227 208
221 142
99 44
164 160
30 171
50 131
165 251
221 91
116 109
74 113
18 117
177 119
203 243
172 118
38 29
174 9
236 138
150 78
181 57
238 210
228 31
84 136
26 48
226 141
157 44
253 174
160 173
36 106
160 207
223 197
235 141
205 214
22 99
36 203
155 17
156 126
47 240
6 72
31 231
212 187
18 208
105 178
125 140
27 28
91 250
224 69
134 173
27 155
15 62
101 169
78 1
39 124
240 44
196 14
18 151
201 36
103 49
213 227
188 239
254 22
232 221
91 109
137 117
8 151
178 108
64 255
108 102
122 91
145 61
105 162
212 49
197 58
97 153
28 28
136 25
50 111
245 140
220 126
256 227
20 177
78 83
175 186
184 40
20 72
101 124
234 56
172 174
113 12
71 140
40 206
164 89
60 152
228 23
21 227
249 41
147 71
123 65
256 51
104 19
122 204
143 99
3 58
17 115
70 87
254 109
36 161
197 95
57 168
118 77
138 110
117 28
180 240
92 179
34 195
198 155
143 84
254 145
141 14
4 210
100 1
62 135
162 2
229 218
169 90
38 50
200 155
77 123
138 168
46 171
107 243
69 249
70 66
137 210
79 140
164 178
141 225
56 46
227 29
7 139
118 44
189 61
198 9
184 79
177 229
249 27
215 62
19 28
127 155
237 206
39 144
127 179
113 183
224 83
211 230
221 72
17 153
133 215
162 60
37 82
32 30
108 246
91 126
17 217
24 253
166 62
141 37
240 253
219 207
79 173
180 43
244 197
196 120
155 101
179 191
182 210
220 33
199 54
158 215
15 181
212 180
243 96
216 226
92 178
177 170
94 100
212 82
40 151
201 194
251 124
129 176
77 92
208 20
146 109
234 160
34 189
83 20
28 43
245 119
220 165
32 58
9 244
139 48
138 83
242 133
206 114
52 27
205 4
46 94
112 23
253 145
212 80
164 239
122 153
102 85
61 133
142 69
120 24
117 2
107 102
134 56
215 185
82 163
188 127
1 44
150 253
188 105
76 96
87 197
248 188
26 52
65 167
121 184
191 237
185 41
82 62
96 40
247 178
202 178
48 202
221 197
199 153
45 18
248 132
215 239
63 240
34 127
150 154
55 84
134 239
124 215
45 220
254 35
141 200
212 188
145 177
129 87
73 173
105 64
48 63
46 111
46 79
237 195
233 35
23 110
18 146
69 62
109 66
96 249
9 51
181 154
227 53
240 43
225 88
106 17
150 151
127 195
230 107
134 206
142 156
59 159
45 127
220 154
193 59
146 201
109 70
98 80
122 82
122 91
169 228
107 63
122 233
1 95
83 134
44 224
33 103
126 78
229 89
231 165
147 120
110 256
190 207
79 55
32 200
145 201
171 251
7 37
227 7
131 54
141 175
21 173
21 147
250 249
235 224
158 126
88 11
125 21
217 203
75 249
146 220
193 61
214 199
97 185
205 227
238 89
145 2
6 165
148 255
158 127
223 59
252 54
69 120
74 29
66 148
21 211
111 213
15 69
155 111
253 104
82 234
192 226
235 197
135 127
196 36
253 162
94 248
215 162
111 32
190 176
179 211
130 34
167 145
102 66
255 98
