2 3
3 2
2 2
100 200
201 210
900 1000
1 10
10 1
1 1
999990 999999
999999 999990
999999 999999
89015 111491
80038 40284
70061 79086
89198 83006
69511 107857
96333 93702
49374 33174
58908 15593
16747 66773
101294 92058
111667 82171
34603 59101
56592 12683
30935 19258
5982 3328
1437 86708
13609 94996
60699 52906
22529 55101
49575 7946
73079 63471
96644 3958
104364 9070
75843 13601
77090 7729
61331 35186
65718 75375
59489 67365
86623 8927
97068 90423
35181 64036
17081 98504
9459 48789
75322 49212
57157 3419
66889 11514
15471 101668
110737 50151
35183 91267
98995 44629
51246 112273
45697 18375
85739 3581
97321 105185
53657 58979
94446 81007
37560 88837
109058 111527
47356 47019
50437 70997
82510 75944
64229 88758
110340 69413
47297 33016
49076 32140
2462 4341
107529 100322
75334 48158
39960 79885
110296 30705
111711 93617
69071 91359
89503 7320
54338 64746
107174 108290
70852 76207
23014 76302
3764 106512
26145 19971
23542 22492
111646 46653
33592 26004
74161 105792
72294 80357
111061 85553
65787 40639
18616 109389
3327 106289
29085 79550
74458 29096
76734 22876
70609 3359
109870 99747
91149 45804
39727 107447
40717 1309
27312 37990
1831 45740
12714 72904
45074 45557
86195 10393
91213 82292
46631 104810
42410 65971
66499 47147
41454 3485
91657 29850
101029 83495
15916 88144
82208 78795
51535 55643
65064 94356
26713 50278
9800 66895
83883 39427
21251 26305
80029 56695
19555 83895
7916 98091
31855 33396
36880 74414
75695 44740
14852 99968
74729 34773
85000 2200
57842 14987
109342 23152
73430 94337
19281 22673
33531 54661
52397 103163
17908 26213
110107 103857
88565 8894
42289 4640
50485 91851
108023 50600
37185 12798
47570 9492
11691 83345
98331 104001
13771 40964
106733 65723
59827 58632
113292 12631
87226 93357
6187 23738
14213 105133
644 87725
92365 74209
52678 42932
64963 29467
13696 47318
28241 102147
72109 32698
23316 11364
52327 28490
65644 8518
67149 17109
29740 12088
76876 38490
62228 3583
80147 83062
28836 47872
8698 80790
95153 7818
8717 61375
80124 18165
6929 107226
26541 79797
91160 50469
78958 49857
29806 30104
47213 31219
14738 96955
22062 48384
23398 91613
32724 55721
103592 103544
42383 61560
40809 112290
31714 24153
42317 49525
43369 83270
49684 20677
71145 41341
62629 27461
28996 8153
10803 92435
76007 47640
96023 25541
88585 69500
11839 90852
81013 7927
40918 86862
57201 10013
5597 81726
102683 88915
30234 47913
40021 4101
45441 79917
78809 82598
62182 79502
58554 107804
13494 72984
69956 105992
62109 80948
58418 16591
24517 45379
103673 26048
36061 65434
5209 47491
107837 13089
61002 107891
111991 24688
76036 72454
41669 15482
94983 41462
7316 103850
34884 11586
4195 105623
73188 76271
92861 37735
83114 18223
15703 3995
40860 44836
92326 23195
36283 46069
12009 86781
82900 68716
27788 10618
110913 45554
58447 40888
2788 63945
75530 37194
29434 37671
85373 79724
4076 74054
63708 64852
40278 58621
103456 79410
74036 52570
98638 53832
27230 110319
37084 82078
64127 81561
98546 36303
48623 61657
12219 15043
52236 51410
60512 87748
25521 53102
13773 32502
68785 1029
31081 77480
14940 109063
19682 105969
46418 60407
28775 4937
58446 45079
13257 65859
73593 9191
70847 111803
13463 8833
60242 54498
295 37130
90231 92185
96119 110630
111658 75435
10965 51521
18633 29356
21942 25904
57742 38314
14682 39791
84869 86517
10425 73128
82318 98126
67978 84017
92850 11214
37143 81440
90001 11141
103326 37438
6117 66850
28902 86062
109014 4392
5179 11298
8633 14265
24010 111935
38343 66375
39509 38692
83251 94644
79387 49933
105381 52186
34831 33982
86853 84848
67421 71974
80843 63471
101752 57364
1475 86959
62782 102086
1 81920
67616 67960
37944 8634
46440 91626
101749 47719
28980 85948
107312 71617
95234 79798
85211 99310
42208 16682
60087 30113
93583 109628
25041 27547
1123 53385
42088 26515
79866 35336
74728 13520
106967 34100
97157 112671
18439 40024
97403 85523
43757 18850
98647 62764
48692 110422
13721 41907
72019 90899
58576 73808
72786 52220
77036 83616
81562 45341
80676 90555
104074 48045
53576 42021
12742 69091
109114 37350
9490 2612
21462 64567
13948 24678
21717 91540
20065 62639
11587 6870
52109 92083
2352 41594
11827 11512
28284 79387
56559 93388
112865 80392
9030 18683
87773 53058
90408 106585
109197 54936
6120 71329
96007 102090
80247 20068
54138 89155
96024 100311
50444 37157
78750 6182
17694 52795
18800 62009
13446 17409
97800 46790
65472 12928
37418 78262
71464 11294
66230 14443
57203 38710
112231 72349
63848 11259
100414 79096
37456 89418
13192 54487
60669 87899
27312 63373
11999 49794
67202 17543
64332 25445
9804 51620
101313 101236
112529 47221
33095 59394
69536 36808
80589 90298
101556 68384
5529 31054
91903 60019
85938 14417
73747 105094
26517 4656
54449 101058
90032 38515
35391 93082
2751 12414
85081 16627
63847 104063
21507 84227
92467 68374
45289 62474
17475 59673
62158 4894
36345 107818
8852 40679
3822 8900
13555 82598
41706 30338
40285 39435
19134 103169
2200 75675
63733 106699
97379 87280
29557 14198
82571 90317
39408 8641
39745 99291
75616 56883
22750 101902
29198 111960
92291 3033
85630 33020
63357 77277
3329 98767
88554 75073
8798 107277
100593 62185
7515 72530
86727 56021
32956 8503
17143 27347
98069 72363
100677 56887
16838 60303
30312 94858
97890 46036
50487 94035
57929 41570
26954 461
46966 32690
111398 86939
7174 55763
14910 70040
12678 14688
23190 73069
71847 17065
60860 11764
40082 56534
88268 48154
29630 56919
74386 90011
70663 98951
27138 11490
96765 100024
19331 54092
112462 30348
86110 102160
58817 6253
105754 101019
60705 71494
59991 100375
112138 19170
47135 7468
27053 10269
67188 106834
83462 28114
13683 113005
11113 40743
112198 40820
66343 107877
24842 102960
91737 65423
43107 82383
70019 37171
80096 6911
107285 102156
92757 26704
34171 77473
87741 111323
104774 61224
89337 12978
12601 74853
87027 74451
1889 108527
103021 85842
75419 39663
76517 99294
68294 25205
62375 6242
13152 109744
98517 29089
55792 91868
55958 49323
47263 61395
94050 1749
99540 38654
125 41436
2505 83572
78716 58583
2475 89207
15487 68354
25697 49325
74530 63436
69677 93990
90352 108336
24042 54260
4177 46918
96241 51266
84092 60135
33315 30121
40207 64759
106194 19472
103044 11763
70345 80130
55954 68377
108163 44251
93576 42873
106308 105291
57331 26155
21108 34034
59725 5732
52649 16582
67847 63901
95467 6939
8492 38556
74746 15399
6303 48698
60460 67557
5737 109346
35772 102236
33105 61690
75994 1984
78707 98112
10884 40351
45816 22655
28386 3423
20004 105540
27491 52466
59405 87850
97837 94389
81220 67896
88025 59200
98189 87522
54917 6534
108769 75357
23664 62120
35536 113305
69466 71090
82872 860
23514 80349
55204 15306
92277 51899
104364 75207
21107 91199
72206 21818
89713 90375
7625 40043
98996 35787
42320 105813
67787 40530
74081 9139
9061 62882
105403 109616
110475 78527
16925 74893
61630 20606
43936 43560
5385 40524
18341 6350
28167 26491
88297 90546
102020 89312
11716 95921
59783 87633
99594 25468
34606 99001
48501 60292
56526 43666
93624 11953
58277 53618
45656 81981
12158 6524
47048 61023
67372 102356
100278 36820
98797 95539
42900 75193
57731 87434
33116 54615
80082 4132
103132 19327
79618 86119
16403 9682
21635 107575
19243 81458
21488 51343
57867 36330
97352 5078
78865 104914
113165 51342
4930 65761
27571 98579
72630 47829
73875 85301
60864 77177
96503 12007
98125 50614
31727 34170
113177 85959
25467 53361
76136 19037
55366 18386
23463 20620
96965 39335
62108 102328
26138 96747
81943 38469
57729 53708
110440 12622
89798 18222
30228 57922
79967 44350
49951 99784
72361 111693
23104 49745
68781 69259
87644 99239
91290 95578
106345 111107
71484 74872
58236 55070
93539 97621
9378 111610
95663 37885
27538 6435
35788 43510
87859 29197
15599 87186
56929 109241
45604 59391
15267 80032
37320 85816
68012 102910
72066 15227
61530 60974
87475 1599
99219 91197
89424 39063
48380 80028
57895 43136
86645 75917
76546 93682
38918 32553
28411 92144
9584 95846
33927 45446
17880 24850
99191 71246
57904 57323
4914 29307
30905 6051
97247 63820
102883 101556
68201 44720
87855 37880
85228 12713
77827 32549
65101 48391
111966 3362
70639 93511
25575 8167
4448 104565
62428 14886
72208 75071
104377 91763
69245 48553
112372 106713
94886 53109
69260 101872
111183 21137
33849 43732
47712 54461
102851 83107
57900 112812
64372 72867
52465 15156
6338 89946
76263 28345
103415 40197
18577 35088
83640 65841
59171 87821
112361 54062
13983 40675
61811 68238
83401 11784
37676 67091
36816 17730
101973 27144
71442 94715
81303 52963
958 10525
38869 87640
14455 77221
83740 333
66173 4463
63716 53998
108059 11961
24067 62694
102364 93473
76688 57309
11018 43814
32976 981
112939 19265
85411 21566
45960 70998
81522 53331
27589 46918
95570 91822
92154 13475
17937 65927
6542 44944
28337 53084
2396 86032
66123 52403
109712 76191
91436 29428
1841 92161
82857 11029
4027 1397
72394 54885
79648 21418
68335 11966
103787 78668
92142 50522
3067 82559
98934 81510
21212 94422
38504 13888
37723 108421
42661 76058
76917 5484
97644 20714
3175 78757
80153 67118
93434 92015
50 39165
51130 59699
24984 68385
90338 12966
95524 88557
56685 64836
45876 52508
66395 49328
44366 55811
18486 104117
109600 87026
79171 95402
60777 65293
103842 82345
60977 112361
9575 83894
1642 61027
100843 32136
45102 26626
86614 49230
684 112057
51182 29916
50675 17991
73801 4195
79743 95040
40115 92286
45737 47393
112685 5904
59680 77945
76924 103145
45088 7275
39733 86498
5252 18161
16218 27193
76422 21785
20459 102832
104179 48537
66527 43073
18699 41472
107943 26945
90662 98441
3883 34676
12011 23017
100961 3186
77762 71690
50396 64502
9050 94281
112441 90128
88752 99115
7517 15277
89540 51792
100328 112789
42479 80336
8425 24905
51849 61177
17668 2986
9093 29129
23577 21550
109549 105917
64224 11155
47089 73928
26258 86052
62797 56138
13302 110131
96839 38167
61390 20818
20224 72996
39949 19767
44671 34135
95311 19806
107605 67952
97080 112978
105960 3315
80663 92088
103242 102126
34104 31504
88987 36948
64517 60361
28541 38402
48000 77818
70067 11997
84992 109389
15773 61723
95857 96373
2796 31876
99827 77785
48813 110400
85146 54956
33661 41390
30133 52426
55361 23520
31900 35668
67461 30966
40799 67848
3716 96001
107998 88798
84804 73782
22122 51039
34029 72008
103883 4596
53813 8256
90087 90327
31900 102625
2064 61850
85707 65560
60512 32196
39296 27686
30083 63843
18308 106756
89374 70881
17728 22023
95805 83989
21646 102531
32588 89358
93954 27106
35362 23089
84847 5816
108440 12066
45348 3365
40356 110503
748 17672
16789 72299
22759 40043
33416 18303
89183 41067
34521 94222
64828 106910
67490 101757
77733 57905
56443 100078
94598 29736
35551 91804
75301 66062
40858 2040
83974 7266
109752 52646
11562 84721
96196 97972
2893 5753
18251 101043
81882 63507
28467 52771
41146 4760
34096 95956
54083 90310
91477 90538
40391 6730
72792 98459
100498 87124
65821 85081
24344 71089
13859 62190
46780 7338
97904 81486
69147 49672
113178 2772
55542 9078
98651 28262
95650 68119
16478 19365
81334 7782
14512 107954
64462 8343
66898 58735
30433 51577
94097 19336
81526 26209
4978 107956
47491 99737
7458 102881
105652 88069
97147 92067
91761 19243
58794 82415
73211 45460
53241 75271
41275 41163
20937 39184
97918 105736
15363 87834
107169 14969
12609 109459
75464 46744
4530 17586
7084 9573
69073 11987
75486 112735
18595 52837
106684 53864
99323 48820
95523 37944
79106 10613
49797 108229
72014 71474
45925 34332
20732 87376
54885 11144
29319 4772
22357 16966
111352 33849
17267 29440
224 67043
91311 92752
4665 103633
39070 56044
93988 75419
86032 21210
16056 31143
102617 107260
113023 88070
33495 6591
102548 105187
109958 88379
76777 103299
23765 18933
19804 46178
84652 12463
76647 20028
10278 62581
90056 81311
14780 49347
41989 70661
73236 100811
66120 29476
88977 33902
11924 37192
28996 9090
68900 1090
104388 25572
15936 3726
49904 99584
112046 35739
55766 105987
26617 46742
14671 37475
86822 3291
45383 29450
101692 100242
16335 5236
10569 25861
63052 105312
85833 22493
108396 92048
89051 12782
16508 99401
57034 104986
112156 37843
30447 27129
73871 54540
92014 28496
31786 59973
89422 36885
108558 48600
25268 49163
46455 11511
88254 35836
58328 109506
59603 32136
44917 53341
10791 6703
83120 32856
70698 67824
94953 81894
107865 72577
101072 26873
86845 57928
66245 104289
