21809	69759
48564	58978
30667	20561
41259	73299
98272	65756
15118	66887
55340	55300
99542	78245
41017	16213
61992	38949
89343	42234
20589	112513
80378	55899
8468	42235
109709	53630
64067	69769
17252	99078
67724	105597
28696	15718
36332	99967
16468	55128
108693	53890
87888	41261
98015	63719
39692	24704
67221	67377
52149	21181
47218	95355
59140	30215
88995	39179
25221	30644
12434	14839
31221	95369
58081	36274
71966	26934
81526	67802
25390	6629
61150	8330
100398	44627
46907	80352
56098	25948
3636	31920
25787	62539
35229	50131
35229	7657
70711	106866
110807	105231
67583	97885
60181	15152
52287	99482
88761	47833
9667	64528
101966	74947
32409	84880
48076	17884
8147	7145
22726	44480
66802	90149
6280	13468
9270	39769
2477	643
103968	68938
41113	58436
29521	96551
9584	19406
42854	65967
36288	27022
68928	30624
14242	39655
41753	106747
55276	20553
89200	47380
78849	104297
68873	80290
42698	112804
105954	62624
59839	7751
90336	57820
89962	49597
93285	87280
63243	90241
37434	112434
22840	90819
76305	25135
86504	71831
108567	39316
80700	76169
35186	40345
3596	2647
72307	22793
49568	11944
64653	75637
66929	59605
105972	75982
90279	44645
58456	36667
72818	16197
90328	90239
91160	54538
23743	60
96166	37673
80932	100282
65261	21223
73011	54033
6680	40293
104237	43452
90650	4003
99242	2584
83572	68534
71988	39193
64165	37924
83717	34560
55139	95157
66418	15510
25163	48287
30150	32768
35999	49323
81879	76256
83919	12929
52441	63544
63535	87408
24617	48938
32111	31379
80955	10822
112916	52016
102344	52210
108531	57882
34383	20269
68971	5176
74088	101624
87980	45049
71482	40168
31158	51301
27094	44207
84215	108134
1760	34015
74746	88269
54854	52190
84070	112441
13610	101612
17598	20816
105848	70979
17972	56819
76381	66227
30936	103497
47202	25475
30168	10472
19824	109946
45320	62378
36720	56348
88569	108747
43987	22628
42913	102784
354	60676
106436	90792
61215	25574
60207	97274
32819	62905
38359	47883
55848	14415
13164	48177
52219	32921
28913	34842
76325	61039
63188	8140
4651	26062
1087	41074
101535	42032
66698	4284
16533	95782
916	102555
10753	84580
16060	111573
90292	27204
87140	81420
41650	23426
39291	23665
74659	32749
98210	93423
43174	2598
44713	66220
101854	22713
93908	40239
24753	60267
86183	16583
109147	57884
58863	59622
64892	23765
92023	78956
26618	37531
92676	106974
34435	112156
112864	63967
59982	73682
72734	57496
107390	58082
30271	111113
24200	107006
69541	32892
98214	48844
109516	95583
104772	106370
106657	66329
53523	31803
12047	5827
70719	28605
99093	17466
75253	2784
65844	99810
72574	58811
96442	102265
60805	52521
48589	107646
75139	86895
75047	64209
40881	27545
9479	109210
33671	54215
80695	111405
107540	112497
14185	109634
91417	12439
102080	71263
13406	71066
32432	13623
103399	81869
15446	6228
35973	31840
71243	82438
90076	8361
75956	106231
36986	56122
99072	45767
84718	41866
39448	43242
11279	99825
56144	12225
55639	23599
31832	91602
81429	110881
28069	40312
15560	87981
77339	65344
108331	93356
7042	41716
45126	39080
6190	36250
108940	20026
12868	72926
33781	136
62889	92009
20067	34549
64775	101717
23293	11737
61899	49479
37386	99394
33415	11357
26920	105555
34323	8897
75811	69587
21968	93234
14502	20895
60225	39420
2314	20941
53263	85636
5321	17332
70419	62803
102203	26674
65135	40171
6923	2541
87233	35176
48308	84834
64160	79909
64323	105310
104337	33181
92539	3343
50468	75599
24423	69023
38075	67450
104551	14926
110908	23806
70091	109686
79160	37792
74710	48968
105733	74035
10774	9453
21673	33322
53204	78147
73268	23568
14343	47940
8158	94128
4752	22968
25318	11014
5811	45026
26636	6426
67300	97382
50860	69635
110529	112605
75371	74313
107840	46826
111183	82967
56503	44479
9983	106453
52070	88813
57421	61563
107944	83109
93325	77847
93450	45526
42033	108146
106768	109890
80447	57246
22781	11
108219	26224
56271	49039
25241	59537
37366	6094
88399	15123
99919	82523
51727	67952
102534	24806
62597	57305
9494	33379
110778	98234
109418	53091
38013	8173
87191	84320
42417	73957
50547	2619
98840	10680
54427	112192
82301	27569
59753	44248
108763	33398
48188	2921
32448	72822
89819	26385
53714	6620
106845	12867
28850	26830
32225	18966
78856	54612
41796	91365
90423	25056
93548	57340
13069	33668
26103	54179
7784	87187
85141	31177
40724	2576
94264	46083
91389	107630
72440	63052
109761	27452
71949	23737
68954	85841
9505	65937
68351	102829
39090	66718
8305	80565
42740	55300
15677	111824
31260	109717
43055	34960
91104	60646
12392	45155
40295	5812
111427	16722
97274	27249
32471	3451
597	101754
1591	58259
73731	82577
106535	47302
100829	68299
80064	64851
46675	8805
54496	29483
34763	69803
76142	32567
8173	61412
30242	55952
20894	22764
7080	89953
16307	110648
62305	54259
34857	19441
45455	11193
109525	74378
34342	45292
110173	68527
73492	10725
50509	12808
77686	56981
25292	91612
58566	96924
110651	105084
58632	26506
108218	75479
58512	15599
83569	37117
93573	37454
108971	43212
17629	92550
9235	97814
62842	38973
28026	19384
75793	46883
4650	38467
24310	109038
56499	43149
90752	16453
111457	104391
71788	18089
22541	109989
68031	69437
60281	106156
17971	5814
85911	111291
90457	88868
56713	102818
46090	33193
91424	43514
110356	71709
3895	92465
289	76723
79282	4690
111829	20897
11485	76367
76862	91761
79958	36987
50612	102379
10073	73887
66159	26025
37248	22984
76106	74829
50563	5734
27199	73812
7480	69547
46494	6458
105648	29955
62525	89724
88402	44697
112323	25870
11613	39004
30822	79851
92053	34992
9844	17393
101363	15329
29266	37025
95748	27293
41666	106352
570	14945
46102	12810
8666	66096
10627	77507
63476	62431
96289	62171
54327	69736
94474	74691
88707	10523
68528	73303
86040	63436
76625	55614
74560	47516
48689	33496
39621	67688
30518	75915
26847	48401
4174	80844
92135	4262
83590	69598
106535	79588
15525	102286
63158	17510
33065	99456
92923	20153
80787	48242
94921	109496
93191	701
77441	77824
50299	92528
28917	35372
107385	17095
16423	8725
21597	64863
3688	88679
104204	51712
79206	65673
23746	8494
83286	97621
77613	25859
81777	105889
46287	66048
89677	72155
45508	84869
94633	34750
46891	37412
99218	14949
30978	49250
111995	87671
94762	84708
46629	78436
91477	4601
102814	90819
23876	79241
52432	65957
81642	28166
28367	60418
82378	100801
61753	25889
42962	103387
1020	95322
18666	71119
26252	19683
27643	112409
21443	112323
14666	36972
41213	79475
33484	73026
38001	80742
25550	77268
102887	33708
107173	57854
56626	73555
20189	110762
38353	9971
111703	100515
86008	87385
21415	860
52313	63942
83674	45696
92100	82489
83080	16670
87875	66983
64160	98064
2178	7891
75719	50028
20423	94016
45308	75902
60419	30795
101702	108243
63490	37304
76433	80890
77510	87288
60879	59853
37760	24872
92539	67942
103640	88205
30377	109975
4367	98344
3573	99316
101211	22945
19985	77025
20755	71408
15156	20360
63343	72739
91720	21550
84534	35165
19193	34487
86616	68485
81774	18797
36433	53472
106162	78723
65351	109086
112650	52287
28230	100302
40318	58304
46436	8037
12877	53977
77425	93926
64579	6453
43506	110763
106056	23889
15437	21516
45876	48708
60112	47934
39847	45839
46267	73324
84486	99467
76897	1667
107106	69294
5571	36834
73202	95893
24539	43217
1602	13121
84003	34904
44563	77565
52804	46024
44630	80453
5578	101083
112268	40100
71987	30412
67202	6293
21351	70837
82188	67254
17713	31431
55615	7765
32182	54066
24669	44087
73250	69880
100020	13903
93564	67959
51986	109165
84248	39735
33041	48248
47131	23910
7109	70345
81892	51747
22793	52887
91534	77858
29742	15789
79764	88990
55827	73334
10853	96889
57307	51233
65282	19615
93141	51388
36784	92442
15157	72679
26403	60843
30178	111951
91664	6421
7663	44087
68648	68732
79084	46852
19329	88060
23244	78459
51625	75915
71575	107074
98774	59302
188	1997
7376	37252
43225	61338
85604	41677
47154	42738
108909	56455
18442	110597
9405	16143
106974	31521
89063	86643
37261	33136
86340	16750
65725	7612
18671	57538
58431	37685
110753	19819
94455	111442
69138	46931
79038	79563
95697	65580
94409	91071
49996	97051
89118	49236
7999	36834
68610	90353
81391	66114
38497	62033
22120	85309
61647	6094
3623	82427
57607	104747
82402	64155
58951	12671
83239	4012
17588	93903
103181	39364
76985	88733
95673	16682
96090	41839
106350	8276
44492	70507
71871	86996
14509	71410
11796	61534
92419	39001
15013	71580
69436	26206
87905	64342
18405	5119
96725	44241
62672	13409
15840	91843
47033	73146
99098	106725
9252	90736
12309	45863
36073	69899
4120	1473
80972	44003
42407	111688
92496	30401
65054	42624
80052	84520
17755	64944
22917	15954
109997	77782
51159	43969
39395	34581
34944	98720
8351	98654
55078	95566
24075	97267
6009	35421
91211	105786
81344	63848
58348	31631
13960	90020
71104	72369
34794	91207
88719	34934
11597	31799
49268	111317
22745	57099
89948	2190
66864	62968
18674	108248
13075	87178
19523	61151
78328	82480
21469	33614
68852	16267
57497	43724
72215	5185
61506	10825
81077	89725
71546	81346
75696	76559
69742	53982
11495	68285
24670	79712
92949	44870
97178	36083
91228	70249
77152	25204
79067	71897
9031	12853
45734	88408
78724	43174
14649	35176
90018	48196
51210	96827
45213	10032
105194	4487
27125	17852
36460	52039
92861	57595
91975	43041
64373	9178
96843	48302
2460	46564
72727	190
91940	73484
105090	10393
68874	49595
37144	62455
14871	94772
40460	23136
13355	84914
44292	112139
9664	37608
53881	97109
64175	46018
25828	23595
40460	97211
535	29472
97142	4646
49719	89535
62624	77744
54756	75550
76547	100741
67145	66974
96578	100128
104130	42969
3375	36017
1457	58705
30198	43436
35695	8208
74067	27380
36476	65033
58863	108808
86497	98773
19497	16425
53268	96164
9310	104542
58377	66533
15395	30760
69304	37863
7834	63943
93113	39318
10133	44646
108437	2661
57415	58267
18635	59380
39941	94911
36476	90288
81713	99550
42146	25762
54422	86294
23302	89467
4760	81739
36094	76475
16650	14340
80119	97399
69728	85345
85060	13715
88132	84491
101960	106664
40150	72232
109026	29592
43364	87865
99624	7808
27599	26665
9747	101650
95181	63020
46846	4068
4558	27754
47222	102090
15297	76767
83245	103917
29679	35828
1640	7290
70313	49639
36571	24686
29342	48779
80391	43689
47420	93632
1756	31662
16148	95496
75446	36047
93843	71908
81663	68960
97414	22180
60043	31041
46400	77468
42560	59383
66212	35081
12226	62158
2160	94983
25811	42862
89415	94867
34458	66243
22266	50462
34952	32090
101646	20223
31013	21805
68673	84971
70789	65162
50589	14694
4215	34266
82860	56293
69317	46604
99382	32563
68046	103572
73796	78099
96944	91646
106670	93309
101119	92615
59654	52958
19609	48563
56322	36605
41913	73214
17263	72034
68259	36187
62405	15474
226	31412
67963	74621
16723	54565
55789	39629
49772	99096
108804	15396
71152	78120
89059	36070
2678	96405
49323	35754
22860	106945
67897	84876
70068	107285
81811	61581
29969	30132
75697	89465
21934	37156
15526	6953
32892	92238
86268	39257
44775	103965
64872	60755
44307	57744
19484	52974
24730	69519
87158	60754
10990	44650
95955	108896
102615	66340
40489	97098
43008	70184
18741	11320
13538	10605
75215	77245
105896	44174
100831	30410
12348	34062
110272	43853
67067	88726
37983	22183
64858	54615
59441	22985
3448	20493
75335	66361
46472	101151
29927	59897
53208	59306
25525	90394
48003	108385
21963	106857
91221	93785
93780	30073
111996	34691
68635	46163
80352	111027
15101	55137
43361	51249
57228	24281
50517	94410
45442	63560
103370	10908
85768	76467
90071	58885
70044	96243
36184	62407
83817	107635
112073	89954
18099	19714
77796	51351
43257	24941
52616	85909
12355	14541
104028	46751
34017	96243
1662	23665
80198	7620
61579	109968
70224	78312
31755	99153
90125	69606
7320	61229
56992	90492
19612	4491
94767	53865
57183	56750
95983	80461
98487	22954
40150	4197
88695	32974
47723	14026
71523	25956
75127	1035
6989	82166
80385	2702
17457	80840
71884	85896
19267	78901
45045	75589
7749	52156
3017	88043
57023	87714
48339	31610
71169	26100
30796	111675
55871	15809
18296	70290
51863	44008
102194	69312
17078	48863
105580	96582
6342	104948
10966	54977
54589	27901
92950	50188
380	71038
47617	29515
69312	84062
16699	48699
67496	24282
103129	66421
17221	60507
1119	78967
58744	102162
58623	102642
24944	55465
45221	22319
42282	20153
38750	6550
7367	60185
69894	39814
16615	109060
79238	94936
38424	58672
46782	90416
30477	88761
99056	64927