561830 726413
348376 915546
6128 594459
872254 515475
959262 975369
169614 661710
316995 528772
701494 788671
255361 74118
574537 329925
338124 583876
238289 30980
172041 928803
966276 19757
653811 779548
477893 336121
66079 342604
13886 414913
841715 907518
282984 651628
920446 570759
848287 7830
560441 287018
889643 729731
1074 702559
262211 453058
337957 223759
934392 872264
478194 717612
978831 885657
767925 336434
703110 671580
166948 605661
497976 66672
646995 768415
664893 827054
851626 144887
533145 2385
306180 493986
328326 97028
413880 692512
562210 625202
696503 755147
576243 461902
319661 777641
994613 751757
582694 976489
397532 178001
409353 449654
142920 835610
633487 576305
355688 399880
153664 791973
97931 492121
152899 542578
838083 739462
619388 125166
839607 128982
115863 765898
802937 442497
257550 208313
66187 887974
347611 339496
494463 838315
843796 924480
380985 798209
451058 316914
277990 499716
197719 135187
329199 454377
708486 546797
203022 881856
463739 726157
338156 346512
985147 954654
770938 597866
130509 180164
55029 349946
503839 761135
553293 514042
430575 852841
423708 359785
74714 764564
134059 203903
956573 460216
170810 219968
418903 395528
453394 140422
23952 734974
558904 585474
706067 841265
480998 767467
443318 989852
670829 914191
19548 923356
419164 875551
204713 790653
955052 889981
898386 354015
988555 367294
197113 73419
218931 818961
25852 678207
455345 674912
226214 679004
807059 306242
635892 537559
913716 300142
811549 794632
96499 831581
55237 545628
372607 85668
619293 208516
194511 156672
417414 300122
458649 295153
885840 252332
444622 340896
279824 363253
166993 572591
612463 841742
624513 772216
496961 224540
982962 340519
62496 982027
407418 310789
546487 353600
375978 224430
307586 702544
411387 867125
421891 452284
639137 466668
187260 572091
735054 368557
88817 3910
562766 101886
707117 221258
739033 863629
833115 979416
161849 549795
883760 345360
960401 972461
744967 678809
509876 190358
554880 245218
861596 396035
53521 724263
397762 735204
509562 657090
48076 762791
75944 339729
412627 997511
119584 881394
613834 543024
882335 43454
776339 651726
29131 317736
741570 766593
308747 148488
185938 143196
122076 989605
334480 361116
168923 485741
253309 959575
383096 35646
438131 124237
325653 495545
825773 331940
765020 828121
478264 706706
643199 474227
650048 350661
736903 692611
822125 536011
5496 166860
300749 457271
195643 774854
943345 333665
237384 657665
695691 915733
647971 201088
993010 461006
593316 414033
778763 136780
432062 982243
355022 52655
11219 611328
720523 635178
554345 262755
937370 567739
452006 323752
346259 531165
982069 277789
306881 380590
599565 883863
188402 163090
809621 317316
151084 100777
842263 779014
400197 357516
940154 284346
858927 464427
326205 303725
768704 69034
462117 305048
746585 312031
16612 469141
211057 423593
335071 530917
991851 711236
124292 884526
72703 538052
342800 280742
531594 810908
7561 803467
294285 991734
364148 300336
179773 687702
106834 908461
640364 592080
973163 636315
702252 56869
847375 960994
23358 25505
838676 16688
509192 541850
208894 754036
815713 41579
519888 944164
749749 901889
554053 263421
898654 426233
96388 941430
192785 339847
815495 933766
657580 948060
581401 365620
711352 681316
872976 455768
574389 333135
168365 82842
430920 137583
344154 906861
573590 503992
921222 667715
594378 317581
901501 494405
786789 673485
622131 244362
115447 765282
184268 142765
298619 18670
818796 606232
14474 853288
484767 115550
140157 207481
878780 153635
437032 702160
70152 641220
388969 587820
39026 265137
324784 291189
616882 11478
280052 592581
560500 761424
985074 658533
504090 240224
267454 616784
665240 542049
461710 582741
551084 274947
214130 465158
413884 477693
792005 878961
529261 729967
893655 373415
185740 511688
595052 373789
935635 49833
97108 870613
654111 164743
93467 568086
619033 118925
116412 48770
443979 733903
976067 827743
527477 420780
998872 991947
662137 910377
827915 513673
155303 125553
609267 746771
143497 745075
453881 379727
872010 962016
354085 54391
937711 84129
752837 683518
362734 160022
741942 515230
569858 700238
715924 10511
330458 555567
253502 85376
228381 106962
157634 946819
662989 8577
2370 996807
910227 838628
64509 218649
161974 51655
149588 305021
154693 417924
592785 303888
138026 683882
650883 274201
814737 607037
495167 209291
179202 659693
31190 234356
277512 160943
999235 173181
57934 492285
130086 872791
538911 212847
878563 205809
18395 198809
96165 666501
57593 587238
533988 434126
735612 245870
886622 656736
941514 238241
203820 819563
582123 414669
349429 168745
319731 54527
286902 35772
295906 914711
991518 687340
134336 193434
265517 930119
78464 734031
56448 304709
73623 80593
26146 311434
836204 221479
170288 576060
909911 404044
128754 512436
198962 352475
429640 549499
5305 454513
387727 387374
762251 5702
250569 799990
562518 882527
914308 243242
678939 927672
296768 182287
6691 967407
152667 136730
282896 730194
937999 886422
959436 131068
822199 149138
982817 527930
175723 614369
400218 617269
416649 829409
648484 657332
8716 493391
711946 395983
188300 29443
606809 946636
400833 872213
3067 176962
860900 479453
947488 147670
920142 649686
231353 750310
617719 897636
628951 301409
815045 175720
211535 556746
97090 495768
184539 16438
865950 865490
567080 396393
258538 475644
679838 751866
870252 245089
321345 817929
43478 84361
320424 987560
99791 981598
341861 481422
117629 871981
555821 572514
610854 456108
421662 846073
505204 285149
270634 502211
266061 619196
39376 955318
953772 134740
798393 373496
602128 839989
289876 523194
848909 997824
627602 743222
552443 776323
22041 759683
410606 563599
906214 306945
261246 693895
382205 235254
378371 592941
22084 528509
170611 386963
127707 475235
419363 900374
842656 386406
265201 806800
773861 755674
827555 417398
512483 357702
505663 704772
979082 887606
381032 695082
199746 730736
629232 248364
896515 197298
560902 600555
441714 287028
541996 277944
649393 748766
584067 109203
153274 826281
85489 429033
271636 140636
405503 837134
661397 729965
639144 243084
271943 156185
628557 221641
92979 749554
31368 259777
476100 342246
788462 200696
713174 213353
127627 571865
386304 502830
17797 151726
498917 248362
740479 990142
366616 9683
6140 256078
584620 919364
934604 858875
843639 997680
865097 732436
33376 129855
928567 987330
986739 508095
333802 483658
900841 420375
95627 152562
477594 937568
589507 268336
609446 603128
125437 64892
459995 284550
678767 330129
302819 424726
413370 724605
224672 677635
991662 673564
229296 80109
974316 709636
610540 854191
708921 42070
48 546682
826043 495622
686579 698116
836775 193902
221481 633631
657137 966609
519266 93500
564155 703299
741422 331366
362098 372441
881184 644016
775084 181578
416421 484569
821041 613207
759090 700425
209906 630878
370566 774071
267553 378133
372701 111257
215631 817984
612806 267887
469757 677340
870632 313261
280165 95152
195659 185960
642188 640672
603390 331350
831592 818664
344226 987073
913405 441507
111093 239887
890750 873381
822488 340431
290385 703493
415207 857287
983958 258555
79590 15046
890675 576492
634438 226989
536377 134607
325782 666113
185328 898603
794684 795344
510324 810473
865736 742589
825262 877256
234275 969946
596839 170210
238402 192072
440363 333179
188806 501728
75543 675502
546995 9887
258129 835511
759749 112094
47763 359114
513092 963592
575746 193668
271480 580461
101245 586793
337831 83643
957383 778403
495278 277724
467534 237316
92948 496535
520356 409785
886219 75029
712335 434918
438475 245939
397135 364360
515629 883475
324371 959544
94945 113466
781017 657482
846137 708045
439232 810122
382481 710169
612812 186615
685167 42004
423944 258776
470491 379811
482690 966033
195398 898931
478234 754169
393202 982634
468557 773587
558668 593816
174734 968342
687804 729737
215055 353160
372205 663726
920552 635007
508574 990140
669850 30666
433316 893875
745139 554611
477211 125768
632763 106315
33615 482391
803947 813924
502256 957139
993485 455281
300141 575897
841177 418348
598030 958161
582291 968819
701407 518602
769727 649467
737249 664556
597355 314751
803549 959513
877446 356056
629495 134627
554025 146618
882466 946339
647050 9362
998873 111224
686643 130517
925186 462848
611896 962906
261635 648144
682304 335405
844558 109737
397819 65260
153223 675366
882728 274676
64367 295180
938347 132893
592148 949607
608658 76992
553058 613754
183674 116745
679016 551450
488917 947495
898873 144330
9101 844392
728217 363990
719594 173390
318769 864964
958334 771807
982653 290028
703153 466193
871663 214614
968869 342890
265237 639289
189667 189085
384722 270040
234784 313775
943262 105290
654974 908715
549133 430447
571097 369631
340808 63301
490021 323716
756575 598929
272806 190149
699090 964940
539441 813668
308929 133034
269566 862473
651018 20531
5451 78768
213774 608012
196426 54647
516405 240800
417379 52598
616305 87431
686496 595384
655314 440556
937108 875943
532948 200979
468532 654205
232529 358010
153151 978097
237936 78361
296416 697834
437948 483821
777785 837123
899098 664503
663666 821291
324878 883578
17687 154565
147471 649451
435993 893138
5087 656853
453267 422099
364868 518895
394889 630312
540922 983650
229387 594348
128038 459579
300417 323317
721467 585667
394918 572177
789763 861803
160831 506241
176682 595606
761764 891498
37111 660064
621567 316167
98219 384506
775261 412985
516513 301339
377155 57871
585009 692650
967743 820295
915647 336629
439144 533968
614574 707457
117509 479707
134469 908892
609842 163609
554396 453561
941922 161808
813736 252638
941962 90728
23221 445298
870738 43688
374380 181195
699372 389749
234008 779684
552159 260749
263854 952268
690419 851051
733727 464238
376167 67198
859927 819680
787924 250201
25203 349369
528020 492838
851193 611423
952917 386525
441422 984543
341786 78020
269949 258129
19880 2869
555723 472346
221462 177975
913437 26313
473381 882404
884431 222170
184337 401607
26493 712931
841185 13192
385012 293263
405502 102565
40599 888645
72553 952819
284918 99605
980525 389769
723482 645697
555324 740225
836069 174073
108990 461521
223992 804615
251805 72584
172240 762934
935160 243250
297701 427369
736440 420430
422161 213525
110573 247631
412675 611903
310019 785631
452397 143208
838177 3240
667002 709431
637877 485341
646171 292342
778347 186460
538607 986558
482766 299662
142836 467653
513766 644530
790189 501600
608582 273588
698768 909302
414619 399309
271619 264691
944288 116809
659257 920797
705942 55941
435727 994698
188723 586656
108549 876670
606671 538569
964939 600911
995381 643656
71675 99495
604317 401649
23654 262970
246900 683118
581590 617249
262183 200949
254250 30344
548922 62759
384412 587578
360466 830598
869447 392560
188992 368558
591790 622105
819418 867708
156653 939258
714017 96794
552706 699568
164163 984166
875169 768036
326123 913073
676085 466196
999071 834991
212674 663370
898902 929597
874724 873406
87370 774166
979504 892668
78362 15331
525236 698929
981486 225819
592858 263295
498384 662061
228146 159160
449487 659842
870023 238859
185807 770372
597989 766661
108640 831145
778973 721404
221070 606306
258517 324238
586142 132875
171666 119983
329827 71704
675796 538354
971567 330963
322889 425729
732372 528291
645683 397542
502351 11098
341935 381432
930951 907537
663127 966734
414024 417642
507422 373285
306895 386342
118181 823976
253974 758468
841906 14116
55194 891678
628125 609505
98363 266678
33692 249354
513293 768074
523781 756210
811377 917704
515422 374958
961180 797461
90342 76391
372276 645282
552793 832737
942455 443525
782199 426651
540745 189148
718075 46386
702589 499933
582124 935965
887681 904405
249509 7458
828346 68513
146826 891134
207112 418717
768906 183242
367229 438541
587510 893733
737564 736481
24680 353362
823114 559225
839983 542150
420676 205017
812295 309325
720935 410158
119327 759793
295532 922604
463211 611524
508014 130592
583148 830913
216709 587841
628849 299225
97599 289214
256595 461897
881344 531271
882626 36596
588934 367098
237307 387524
992405 333287
668490 276425
3581 163416
777464 110269
86189 896905
930079 93012
550969 302772
116100 437367
929568 345750
557713 118398
975900 568683
787416 859431
834537 316099
111457 376741
987918 305303
142304 435434
587574 563862
501895 197561
237824 392900
573767 243007
395759 787018
948897 598203
489802 301698
312856 970256
210773 647608
203561 387971
186463 552739
549630 291607
877276 169221
475919 272421
709369 30317
46608 439555
931008 843881
149779 395142
694817 33271
26774 232641
75704 588067
990426 937445
213952 288201
975288 964133
815875 94875
174109 34051
741910 388402
102422 998291
525392 585108
110622 713339
500587 189568
230332 677592
726173 82909
346180 946942
581658 470434
96130 217243
304804 903833
84641 999452
800957 174335
496522 194505
366965 397522
584085 756860
986044 51448
193325 572830
168555 591806
433233 168934
287543 980057
655743 337292
338615 479600
93864 295068
916481 982763
867561 670483
612585 728536
534075 767760
5062 633627
11912 190327
527310 810703
11814 384931
667735 925226
382754 560873
257069 147766
304559 762839
288742 362846
784517 684645
462669 535262
205649 319184
176827 312316
211626 785453
543121 578910
896037 505684
691418 216859
737340 188041
811859 528131
761254 595767
255156 696792
18670 218603
690753 731136
143799 921905
952734 568858
614648 601709
927037 126371
711535 493216
510142 679162
729663 752041
34445 147190
465857 371181
112585 931356
332392 842607
252197 737736
444939 859747
836513 300733
388582 852131
314128 553008
57619 912476
656316 747239
209313 309578
51965 285689
666446 135877
785868 975369
519989 673407
128531 704495
505943 156022
558022 114331
109987 470416
200399 791144
829426 341381
273906 9671
367655 228432
874096 975865
