50611 895473
129569 488329
533974 216187
669583 746231
776961 478867
20182 43230
108271 902544
787185 789269
272401 197735
22656 887677
114730 515235
438672 594154
454456 999907
937233 929978
982315 406764
176579 103338
794451 50154
809198 971774
479455 951520
973078 439065
512514 427253
595346 821506
78763 515330
76167 641377
347361 577938
960866 9490
648472 136987
279490 744063
967238 500417
335576 639779
662002 19407
859703 848717
338458 880087
608394 163963
367056 178075
685284 107063
617917 650126
88962 112055
605663 844437
250699 771702
386004 699593
615333 65629
226557 471888
639827 725426
286314 701723
936612 408367
281322 442018
672553 149279
388563 285039
749475 639156
445681 818774
738431 239495
841114 19972
17455 282914
357362 748183
71330 133486
629525 943611
451922 684283
811926 351311
468962 455036
507519 595270
283639 219353
7983 208090
711205 138845
416784 785509
703819 710571
283177 779698
181117 444591
962010 571267
603586 79997
32377 367117
442561 320665
757571 159774
490735 526052
749452 453554
778340 527728
712256 713888
712712 758927
384054 528363
942740 182254
568451 281514
364711 79795
454810 740124
632409 630208
262189 321767
511796 339001
610326 976555
429453 811028
920464 550534
603956 58365
579414 218885
220674 522047
562224 78082
213002 252774
701946 268365
346847 243534
819435 61383
470200 736201
481744 192567
985946 434493
244645 343798
833566 947324
852905 89125
524224 459380
21429 804794
63708 579891
100977 14575
919051 555906
144142 392320
537136 552985
630385 175955
307422 504063
383372 60542
275944 106359
19514 732816
364036 906544
603507 85545
322764 55981
54864 807298
162851 240711
248821 481700
339900 494956
685667 549939
546030 92256
64481 491325
561559 474975
90387 358857
254176 230730
368892 370305
478068 453454
296504 599974
321763 437080
443767 942337
880996 541514
44983 425937
491674 243355
858350 644432
148083 837955
840847 541380
652744 994748
794186 36358
896879 384392
381243 12202
554229 894107
686844 996665
386010 526696
802426 466499
301086 939098
751003 77943
292961 717907
437052 284826
383995 912157
205310 743989
747297 47768
23193 627420
248002 833394
263402 461515
748221 34036
556483 396065
653714 536603
207522 869076
345377 460736
226791 478241
334940 278544
111112 495856
211799 298503
130841 871217
706682 541637
26804 752982
487928 992171
702175 533745
627391 440236
706204 170010
25580 650769
49865 63007
469383 390637
167894 99251
410793 925081
647393 544480
1338 954971
680030 360585
394445 607915
63085 172364
836768 19151
973970 549421
609553 242254
673526 488241
452376 715008
755323 980466
704168 272434
551342 335612
30202 746796
828826 489944
268755 523505
968778 877968
627473 32208
403461 568939
186978 43939
208454 278064
428054 818059
394210 550504
288798 596831
622726 886036
79403 680798
786870 823206
434771 334762
133045 34025
368956 72004
382311 293745
410479 443468
610726 784966
743821 319021
486604 571323
259978 789473
830531 233197
427710 240888
363413 596406
937185 856858
938475 204534
139002 789715
515064 686537
404096 508293
625256 453494
663851 377681
108693 221862
554755 355523
446726 705286
788238 799778
113881 443024
593869 774427
982791 140263
342876 912493
968184 84069
748986 849842
776167 168461
364884 478553
836958 813045
445127 785287
242385 591907
630115 837910
783893 702918
320800 562738
992450 502324
60067 315113
418660 205497
714280 887637
259575 511922
757268 523227
838071 350992
499072 704263
371375 164898
673047 974452
927169 145880
397471 816635
458948 627331
161597 657601
336642 391733
151106 400103
844234 3106
924236 492589
702985 397660
177387 438782
797066 873534
97772 822099
927790 309015
590769 373978
603316 908322
490875 350566
582598 25047
717716 498780
135542 645553
222373 190655
755700 928118
484291 883951
367552 788322
265362 927366
907300 897177
305274 870295
524271 615697
651051 859940
549453 328116
353705 412645
808337 355648
336241 831724
817164 133694
339777 810626
894823 617617
988344 308128
247084 945662
177957 611365
635492 232369
191848 612859
330176 991752
171277 719280
663989 96785
830146 482572
654791 370192
591665 998128
843388 871262
646608 350095
706524 694403
785250 900453
747482 627363
238839 16392
641299 330521
181534 909596
617233 793385
989992 621407
598041 700415
835340 829422
483795 995490
691075 73962
367386 372855
380437 206919
399499 642067
858130 350854
482804 915475
523764 422832
968219 348968
998217 325306
50559 730206
459136 235479
616524 553294
328081 34936
884899 344814
829365 812905
297013 913359
699437 549397
764894 883215
115674 538546
565255 342516
734755 847842
879324 687224
583332 125538
221726 774484
427468 366372
776020 312376
162411 824840
960157 7841
710498 125620
382066 370499
892564 762324
713691 227333
747014 598639
911273 941675
810732 689992
640274 49655
947325 729235
725323 528262
410702 686465
938657 191376
965814 760905
464997 773624
53393 591919
936446 106633
181820 786550
17889 418217
956809 212601
141585 192285
418369 179096
139007 215714
644535 580103
198684 408162
902678 313203
790688 781791
981710 800539
941605 410062
722313 238196
518202 598264
177353 278776
983702 543175
280921 212394
427476 645197
381986 352895
537124 293565
507452 258981
581338 383680
759417 624010
402600 45382
822751 153578
880682 61891
161629 516633
321086 241453
117455 503672
746961 567125
785652 854713
128710 294913
245076 830063
172423 296441
441345 488521
406398 849529
784198 810479
954486 768581
308976 257535
565597 236370
73679 95517
180664 949807
315524 824481
561506 224491
774770 357066
280445 516337
508591 165679
675208 413273
464057 479375
210538 526012
56853 752860
56127 864088
11131 52910
589880 221866
755929 711612
966192 818930
744899 581164
850823 940241
168600 491592
917142 603688
662427 60577
722898 346121
778262 833692
142359 63697
184239 843718
615571 468324
784542 69278
94640 129241
209964 945893
716383 257224
419959 36694
911315 358653
478250 205317
870900 637642
916557 150164
38121 556664
484835 957034
560860 279577
501404 406248
453231 815681
462701 130716
546936 559429
49866 363032
182853 577616
178202 932510
992519 434365
275569 377175
49790 563954
547074 521091
134916 202490
585939 633995
846391 671691
324243 338064
820394 371475
982247 755739
373273 182821
371327 2889
469443 108310
633049 23194
35243 885009
255742 932472
288698 992815
999933 495798
935810 951115
185321 95582
795900 47590
644487 565405
661702 675224
532346 562252
974315 267043
95371 728864
198789 412846
450905 758324
623020 118166
404434 614556
670826 322923
341475 585279
719447 735700
270748 548070
842412 759321
166647 815528
860611 784358
861488 192142
577580 409447
871884 423306
99416 210754
708554 46043
695418 527657
415233 761332
742441 357703
309843 839551
914133 861107
159888 743389
925630 163540
314085 106679
824956 115703
633515 442981
34272 419113
418132 474299
87306 59810
908241 768222
283692 305119
355621 450833
286611 613370
105219 123115
27055 682424
605920 750163
146187 520094
777667 215377
606680 858033
702241 435906
34599 450370
176302 420962
815287 799363
267857 421229
959891 632565
651053 365448
283570 19473
159304 109343
492103 360352
692980 632433
360509 605914
345486 209841
305481 973742
370295 759103
302824 115848
401588 16038
281776 161456
162394 929131
839977 310095
746705 678458
366050 682310
445803 23046
431132 948766
4082 259643
616394 853262
135948 936261
780476 121136
112891 605417
138950 401774
238657 324876
427308 832414
70431 317784
849670 530154
315291 189448
477300 820067
433673 364600
254185 289526
115426 956860
791345 822351
959044 111183
687222 611086
880967 970460
198382 771712
9366 809014
702953 592312
75638 548613
548625 635704
606853 826688
557695 885756
543709 21839
673582 878090
261062 158269
976355 288113
351909 408676
569285 762773
950731 994206
644044 877183
818399 640438
369132 973219
888373 389967
114246 294421
482728 495010
922741 270033
946568 317545
74968 20695
20679 649860
47238 159327
874833 634996
164257 742934
357896 514389
767365 794558
685995 759160
776508 159318
486221 751813
110836 584474
840956 76730
550960 820647
736624 650703
275323 229837
110775 378811
483789 855578
512651 756359
233505 161572
244952 854139
855201 677353
738285 422165
92562 603003
824844 426115
412933 19702
524131 191080
774538 728823
931095 468797
503577 899554
805827 167429
833963 643469
504008 187021
93115 354231
958595 789142
479165 151547
525750 195803
868084 50770
641833 660606
113642 542965
403300 84175
858783 115034
377646 356273
963939 865434
181056 998610
275907 778265
617247 355195
610408 406987
461989 531202
502036 688735
299102 516637
487271 361186
166267 447749
429373 986165
152753 756915
668386 897649
506247 40891
