<<<<<<< HEAD
48 23
78 16
94 36
87 93
50 22
63 28
91 60
64 27
41 27
73 37
12 69
68 30
83 31
63 24
68 36
30 3
23 59
70 68
94 57
12 43
30 74
22 20
85 38
99 25
16 71
14 27
92 81
57 74
63 71
97 82
6 26
85 28
37 6
47 30
14 58
25 96
83 46
15 68
35 65
44 51
88 9
77 79
89 85
4 52
55 100
33 61
77 69
40 13
27 87
95 40
96 71
35 79
68 2
98 3
18 93
53 57
2 81
87 42
66 90
45 20
41 30
32 18
98 72
82 76
10 28
68 57
98 54
87 66
7 84
20 25
29 72
33 30
4 20
71 69
9 16
41 50
97 24
19 46
47 52
22 56
80 89
65 29
42 51
94 1
35 65
25 15
88 57
44 92
28 66
60 37
33 52
38 29
76 8
75 22
59 96
30 38
36 94
19 29
44 12
29 30
77 5
44 64
14 39
7 41
5 19
29 89
70 18
18 97
25 44
71 84
91 100
73 26
45 91
6 40
55 87
70 83
43 65
98 8
56 5
49 12
23 29
100 44
47 69
41 23
12 11
6 2
62 31
79 6
21 37
45 27
23 66
9 17
83 59
25 38
63 25
1 37
53 100
80 51
69 72
74 32
82 31
34 95
61 64
100 82
100 97
60 74
14 69
91 96
27 67
85 41
91 85
77 43
37 8
46 57
80 19
88 13
49 73
60 10
37 11
43 88
7 2
14 73
22 56
20 100
22 5
40 12
41 68
6 29
28 51
85 59
21 25
23 70
97 82
31 85
93 73
73 51
26 86
23 100
41 43
99 14
99 91
25 91
10 82
20 37
33 56
95 5
80 70
74 77
51 56
61 43
80 85
94 6
22 68
5 14
62 55
27 60
45 3
3 7
85 22
43 69
=======
384 887
778 916
794 336
387 493
650 422
363 28
691 60
764 927
541 427
173 737
212 369
568 430
783 531
863 124
68 136
930 803
23 59
70 168
394 457
12 43
230 374
422 920
785 538
199 325
316 371
414 527
92 981
957 874
863 171
997 282
306 926
85 328
337 506
847 730
314 858
125 896
583 546
815 368
435 365
44 751
88 809
277 179
789 585
404 652
755 400
933 61
677 369
740 13
227 587
95 540
796 571
435 379
468 602
98 903
318 493
653 757
302 281
287 442
866 690
445 620
441 730
32 118
98 772
482 676
710 928
568 857
498 354
587 966
307 684
220 625
529 872
733 830
504 20
271 369
709 716
341 150
797 724
619 246
847 452
922 556
380 489
765 229
842 351
194 501
35 765
125 915
988 857
744 492
228 366
860 937
433 552
438 229
276 408
475 122
859 396
30 238
236 794
819 429
144 12
929 530
777 405
444 764
614 539
607 841
905 819
129 689
370 918
918 997
325 744
471 184
491 500
773 726
645 591
506 140
955 787
670 83
543 465
198 508
356 805
349 612
623 829
300 344
747 569
341 423
312 811
606 802
662 731
879 306
321 737
445 627
523 466
709 417
283 259
925 638
63 625
601 37
453 900
380 551
469 72
974 132
882 931
934 895
661 164
200 982
900 997
960 774
814 669
191 96
927 467
85 341
91 685
377 543
937 108
446 757
180 419
888 413
349 173
660 10
337 211
343 588
207 302
714 373
322 256
820 600
722 905
940 812
941 668
706 229
128 151
985 659
921 225
423 270
397 82
631 85
293 973
673 851
626 386
223 300
641 43
899 714
299 191
525 591
210 582
820 337
733 156
995 5
380 770
274 777
851 256
861 143
580 885
994 206
622 568
505 614
962 755
327 260
945 203
203 507
785 22
843 869
>>>>>>> 6180842dcfa583d8f2feb2627c09fed3dacebfa2
529 190
873 909
959 499
37 809
754 249
304 334
134 649
891 755
568 747
369 530
501 47
789 798
250 991
304 34
364 498
254 893
687 126
153 997
976 189
158 730
437 461
415 922
461 305
29 28
51 749
557 903
795 698
700 44
40 3
429 404
501 682
648 539
160 152
536 135
340 693
216 128
505 630
50 965
286 430
344 336
178 901
239 972
950 290
368 989
293 796
744 145
830 391
683 341
542 570
827 233
262 43
361 118
24 762
82 310
191 426
997 368
678 235
691 627
525 58
615 169
206 359
313 387
101 347
727 995
917 553
579 530
947 291
648 971
52 81
632 594
858 628
313 887
215 356
513 91
413 480
611 970
190 275
356 642
621 434
988 889
339 567
771 285
857 418
607 261
850 238
206 60
218 519
946 784
874 459
874 638
290 484
608 479
758 315
472 730
101 460
619 439
26 389
75 234
158 682
494 359
271 700
418 840
570 364
623 795
174 848
432 463
683 391
293 792
58 116
522 158
575 492
948 952
232 22
538 741
55 31
99 326
82 517
517 3
232 140
797 405
339 581
219 22
971 863
813 380
978 686
537 905
177 484
208 760
858 745
500 912
128 951
237 561
819 106
564 50
245 712
806 935
292 376
956 615
590 769
994 919
806 883
823 983
718 31
94 575
127 594
487 254
544 75
815 714
180 378
763 776
89 920
711 733
295 18
347 236
138 692
154 944
574 329
926 292
711 19
218 837
964 56
91 859
131 905
572 662
634 686
790 74
605 852
806 251
869 504
486 7
196 640
950 121
968 227
764 678
597 982
866 561
37 956
771 519
212 343
533 197
380 322
271 985
173 428
235 41
284 73
399 831
64 348
951 31
574 715
60 523
48 925
83 436
233 205
955 444
899 487
641 279
160 263
263 684
42 849
724 325
<<<<<<< HEAD
6273 9123
4155 7336
5822 7458
9366 2748
1172 1777
270 5219
8702 1704
4654 9934
908 3960
6729 2807
5798 8721
7085 1309
5335 2699
992 6377
8899 2716
1053 5172
8190 1560
2507 4011
9017 8225
3110 6540
1 3379
8110 5054
5082 9115
1339 5990
9427 8068
5148 5224
6788 2232
6533 2123
1282 3876
4851 180
6591 2255
5351 1132
3814 7858
1495 9182
6082 4604
5721 2434
7983 182
7488 9416
9297 8826
5405 8723
6893 552
298 33
9135 3182
8507 416
7058 9709
596 10000
1963 2298
7484 5777
155 8978
1310 2588
9933 3383
5022 4267
3564 8861
3683 9212
7686 9087
4286 931
5991 4584
7315 1477
4117 5821
1893 7526
5529 8840
7526 7491
1137 1361
9619 7644
338 929
6583 6622
4311 7956
889 4226
6816 4571
3438 854
9 7723
1784 2351
8658 9098
3828 9127
1270 2072
6652 3150
911 529
640 8399
1889 6611
2394 8578
3891 8977
5200 4553
6932 6088
8778 100
658 8567
953 7018
2642 2736
9369 1299
8185 3196
6777 5806
5267 3429
8955 2529
309 9594
7279 2198
2556 9673
775 6446
5001 2326
998 8284
8413 6128
8383 5422
4694 9335
2440 7335
8422 8160
4986 2958
1355 1762
8763 2973
1542 7717
1853 1851
3663 5483
400 6218
5155 1174
9016 6507
9852 6365
4791 8264
2492 3173
38 3538
8860 8829
872 7281
6988 5857
6591 8342
3971 5353
7666 5512
3070 9518
7362 3084
1352 4113
9301 6507
1639 4668
9365 1490
1033 4155
6105 9876
3680 6142
3413 2539
4970 637
6171 1957
2845 2761
6650 6815
4466 4315
2327 3887
184 6040
6970 1536
153 2622
4394 1791
7290 110
9632 4674
4265 5736
4549 4296
1878 4314
6834 3199
4950 9356
5156 7794
8469 8157
961 2934
8824 3287
3172 5359
5678 141
3246 2182
2762 3991
324 51
4101 9955
1076 8365
2043 5625
2660 3920
6290 5845
3470 1239
1552 4977
5384 20
3134 6344
9305 1957
5982 2476
3667 8012
8968 6913
193 1730
903 6869
8132 5003
3175 9208
9719 5217
1184 2378
5488 7473
4574 8958
5063 6126
3934 6798
2497 3419
3142 8154
1727 5475
6981 5394
3486 5949
2306 31
4030 9560
6899 2161
4563 6425
7720 4281
1642 8903
3011 3481
2727 7584
8790 4141
3709 2724
939 2558
2494 432
711 4221
5906 7691
49614 29392
63639 38271
79422 27668
7830 2672
96181 58744
9096 13900
43025 37089
49155 52387
10570 58233
79970 55711
92374 31
98434 9664
32588 67280
20095 29650
91500 22352
7340 57465
51743 87331
12087 47516
31350 19916
50187 43882
95012 75635
74134 54388
12723 23288
6774 39644
81520 86743
95355 90245
3125 10140
16260 52064
77419 36354
81713 85270
58706 5405
42734 26800
92735 54820
74316 40436
91088 40854
670 2451
16488 74803
56838 45563
98090 63611
85206 95961
66705 96912
2558 69830
23404 18817
21893 822
71523 3606
2444 46580
25362 61529
73379 34448
32701 64046
74883 23788
4900 75552
42590 21387
50354 99427
66949 64795
63037 68507
77108 46093
65418 79665
15922 88821
98481 54167
5995 86355
74124 8438
32934 99485
86318 6313
33932 19018
86710 25166
59157 91609
17070 1746
12996 67423
1172 96296
48570 80560
64802 25677
26653 46572
5341 58926
51744 20173
13092 74090
6528 3567
98879 55813
3051 85197
62125 53334
4214 65187
78500 63371
56795 95569
65116 86142
79343 82640
82438 44264
63199 63591
69940 6203
26514 91632
65129 78258
11805 94572
52347 34684
98139 51226
90496 17541
36422 68973
87227 40635
34159 65726
20357 90953
77646 85473
93447 73340
68112 75884
17604 47662
55826 87543
70217 82340
79175 35345
60597 7331
46268 29295
42014 60758
80520 48861
94651 33293
17833 81877
90280 51991
63954 10636
59296 41599
96108 52742
14938 80571
44977 32541
44585 802
20084 14801
99493 15610
66497 76441
22940 12764
5736 81305
89874 2607
30165 84524
52252 64350
82752 42531
16340 46705
53166 91987
88303 65626
61080 19592
62548 22408
68485 7132
39562 4920
21932 39054
20529 88428
15495 59820
17544 37582
41124 23769
40188 87640
24644 92439
51989 7395
51321 84681
54099 4487
93019 58753
86464 54099
94696 49011
76506 63180
56143 16067
68099 94426
71473 4979
82854 86967
64798 16749
24548 22273
40517 81087
9913 65160
89878 61901
72554 41198
62933 43004
62036 55952
18108 48499
10050 29155
13862 2907
92335 70004
35326 76785
64429 6798
81764 63634
10116 46561
80382 51015
85186 20898
32101 95098
2409 38330
73350 91314
95880 52635
34317 57915
8586 68776
22766 34987
97931 36627
37893 6617
6630 89570
99753 87410
96367 81516
67396 22834
44429 47777
73848 29614
85027 22301
41063 3787
60630 30764
95101 56509
83398 29417
30776 91983
14545 53541
43321 28827
6519 97566
51795 29500
87135 51547
16909 99854
33063 84304
22687 93843
48433 96535
39808 49811
618835 480870
453597 95816
827985 748697
352325 511383
194466 99452
519717 825362
869344 563038
654188 375862
360603 305982
705361 64089
273880 938621
363942 823294
22925 886629
17136 387709
483163 556943
753871 101997
554164 207467
197812 898501
472516 66488
926235 183333
682291 445951
8694 551634
525340 662881
927495 402294
485214 632855
466383 275445
571476 830324
98739 110752
716952 115874
14812 716466
189169 768682
334814 259684
492500 48978
674536 965015
115465 600770
148347 314108
563073 673392
865741 88412
852624 309588
7058 337837
458794 473440
613282 546621
820115 228372
657372 53419
860597 188535
769884 49765
473568 104698
825801 966068
153675 500336
447434 785491
617458 112133
615950 180530
785524 481691
785293 638148
307630 792350
492336 766423
782141 621969
313044 602256
850340 486767
172026 710937
191654 458261
277053 665221
562958 619205
631288 232984
119541 78722
534827 736998
707206 667128
433879 492729
665170 219171
647228 972799
11521 139564
739222 793661
277884 568617
912268 128224
55383 84293
355512 247036
542554 632564
428609 621863
251769 59896
371199 887661
654969 422377
141010 362174
89504 574888
371255 754674
794058 18482
243824 321930
674397 983045
631943 952281
68013 544210
596856 639748
144855 952367
403135 203760
101282 831743
341974 869402
891639 713172
273414 62959
651900 414423
941485 257756
505662 829091
528781 816072
363924 772604
138001 38321
272001 769943
506953 340013
830505 103808
979760 975359
572526 382895
179118 190159
214637 521091
59561 622627
750615 332974
201938 918866
263749 143422
176621 769410
488864 705401
101833 852787
478005 239834
407459 266357
526128 914411
606369 356632
534570 586129
848342 623447
485375 27459
813606 700011
64902 873166
838990 331868
722491 40927
250733 986239
700700 943706
272001 189563
165458 373833
42349 643462
130018 449808
426170 172498
880570 32539
529129 415140
135019 377471
38586 620393
921281 368543
836755 502534
241708 675744
834401 480551
233022 601486
466789 933721
545191 255141
639635 710648
145326 681984
870462 791695
648143 296631
964192 45064
845521 493321
976555 980539
387143 531493
600931 308423
900035 437686
327309 658095
629781 161709
138645 862803
279546 121785
796523 341088
376926 436158
51736 38603
634493 438549
830297 798987
251531 310841
844050 97052
320513 336957
77590 707655
868449 194873
532429 768483
632558 376089
426577 262338
537798 565221
125140 333695
687006 438015
674783 580283
390524 242870
135237 25016
681418 481885
340354 449300
792725 700755
546351 113237
37711 140293
337243 906159
335165 386024
674642 967722
762112 617570
746411 816261
182791 387903
149956 386148
825917 341090
482782 216440
583959 618018
757807 265376
99902 614512
714675 408979
315266 777378
38567 352977
917670 892162
259135 252834
=======
273 123
155 336
822 458
366 748
172 777
270 219
702 704
654 934
908 960
729 807
798 721
85 309
335 699
992 377
899 716
53 172
190 560
507 11
17 225
110 540
1 379
110 54
82 115
339 990
427 68
148 224
788 232
533 123
282 876
851 180
591 255
351 132
814 858
495 182
82 604
721 434
983 182
488 416
297 826
405 723
893 552
298 33
135 182
507 416
58 709
596 1000
963 298
484 777
155 978
310 588
933 383
22 267
564 861
683 212
686 87
286 931
991 584
315 477
117 821
893 526
529 840
526 491
137 361
619 644
338 929
583 622
311 956
889 226
816 571
438 854
9 723
784 351
658 98
828 127
270 72
652 150
911 529
640 399
889 611
394 578
891 977
200 553
932 88
778 100
658 567
953 18
642 736
369 299
185 196
777 806
267 429
955 529
309 594
279 198
556 673
775 446
1 326
998 284
413 128
383 422
694 335
440 335
422 160
986 958
355 762
763 973
542 717
853 851
663 483
400 218
155 174
16 507
852 365
791 264
492 173
38 538
860 829
872 281
988 857
591 342
971 353
666 512
70 518
362 84
352 113
301 507
639 668
365 490
33 155
105 876
680 142
413 539
970 637
171 957
845 761
650 815
466 315
327 887
184 40
970 536
153 622
394 791
290 110
632 674
265 736
549 296
878 314
834 199
950 356
156 794
469 157
961 934
824 287
172 359
678 141
246 182
762 991
324 51
101 955
76 365
43 625
660 920
290 845
470 239
552 977
384 20
134 344
305 957
982 476
667 12
968 913
193 730
903 869
132 3
175 208
719 217
184 378
488 473
574 958
63 126
934 798
497 419
142 154
727 475
981 394
486 949
306 31
30 560
899 161
563 425
720 281
642 903
11 481
727 584
790 141
709 724
939 558
494 432
711 221
906 691
614 392
639 271
422 668
830 672
181 744
96 900
25 89
155 387
570 233
970 711
374 31
434 664
588 280
95 650
500 352
340 465
743 331
87 516
350 916
187 882
12 635
134 388
723 288
774 644
520 743
355 245
125 140
260 64
419 354
713 270
706 405
734 800
735 820
316 436
88 854
670 451
488 803
838 563
90 611
206 961
705 912
558 830
404 817
893 822
523 606
444 580
362 529
379 448
701 46
883 788
900 552
590 387
354 427
949 795
37 507
108 93
418 665
922 821
481 167
995 355
124 438
934 485
318 313
932 18
710 166
157 609
70 746
996 423
172 296
570 560
802 677
653 572
341 926
744 173
92 90
528 567
879 813
51 197
125 334
214 187
500 371
795 569
116 142
343 640
438 264
199 591
940 203
514 632
129 258
805 572
347 684
139 226
496 541
422 973
227 635
159 726
357 953
646 473
447 340
112 884
604 662
826 543
217 340
175 345
597 331
268 295
14 758
520 861
651 293
833 877
280 991
954 636
296 599
108 742
938 571
977 541
585 802
84 801
493 610
497 441
940 764
736 305
874 607
165 524
252 350
752 531
340 705
166 987
303 626
80 592
548 408
485 132
562 920
932 54
529 428
495 820
544 582
124 769
188 640
644 439
989 395
321 681
99 487
19 753
464 99
696 11
506 180
143 67
99 426
473 979
854 967
798 749
548 273
517 87
913 160
878 901
554 198
933 4
36 952
108 499
50 155
862 907
335 4
326 785
429 798
764 634
116 561
382 15
186 898
101 98
409 330
350 314
880 635
317 915
586 776
766 987
931 627
893 617
630 570
753 410
367 516
396 834
429 777
848 614
27 301
63 787
630 764
101 509
398 417
776 983
545 541
321 827
519 566
795 500
135 547
909 854
63 304
687 843
433 535
808 811
835 870
597 816
985 697
325 383
466 452
717 362
344 38
188 862
603 982
361 89
880 621
942 294
925 629
136 709
163 943
871 997
164 467
812 501
516 488
235 333
291 951
694 634
340 881
495 294
214 855
383 445
476 324
739 752
952 874
812 466
169 682
814 684
500 978
536 15
465 770
347 108
73 392
741 412
624 588
58 837
794 440
282 621
115 372
372 419
597 535
884 765
568 698
801 68
675 336
434 491
458 133
950 530
524 691
293 148
630 350
336 423
141 969
44 256
340 767
26 937
654 261
53 221
958 205
288 984
541 722
827 998
206 128
879 729
170 171
228 799
521 564
222 661
884 617
268 224
383 293
512 36
554 564
609 863
769 896
199 661
969 377
10 174
504 888
255 674
58 482
824 930
397 45
943 281
13 210
856 748
855 367
135 760
282 743
974 402
639 172
414 959
900 423
485 756
662 91
781 72
924 604
1 321
1 943
953 13
505 808
760 359
526 895
118 159
637 91
561 627
615 974
938 866
749 422
621 410
864 401
833 787
5 834
459 357
128 411
369 632
570 129
342 447
375 459
606 11
902 166
990 868
491 927
733 239
700 706
1 563
458 833
349 462
18 808
170 498
570 539
129 140
19 471
586 393
281 543
755 534
708 744
401 551
22 486
789 721
191 141
635 648
326 984
462 695
143 631
192 64
521 321
555 539
143 493
931 423
35 686
309 95
781 709
645 803
546 785
523 88
926 158
736 603
493 549
297 987
531 841
50 52
513 957
590 655
449 873
429 483
558 89
577 338
798 221
140 695
6 15
783 283
524 870
237 16
418 885
354 300
725 755
351 237
711 293
243 159
165 24
642 722
112 570
411 261
791 903
956 148
917 90
782 440
959 18
807 376
902 512
675 979
266 378
567 977
670 162
135 834
>>>>>>> 6180842dcfa583d8f2feb2627c09fed3dacebfa2
