4345 7229
9133 2519
1810 4361
7258 9685
2835 3046
6389 8280
4039 1267
6425 8236
5360 8287
7614 5775
8929 7013
1959 8838
6385 4724
7180 9722
2583 5049
805 8
3912 1561
7694 7553
8626 8867
639 4786
8610 1563
6636 9451
4568 4371
6517 5755
1369 6880
2376 738
738 4910
7407 4129
1973 1065
5464 3130
2790 7229
2675 6693
1321 816
456 4720
9057 7219
5137 7535
1332 3686
6351 3270
3981 3141
3324 4490
6460 7736
4997 8546
4542 1820
8759 6271
5669 4967
5379 6320
6422 9429
7035 3341
4223 6814
3229 7668
4183 7543
3303 9973
5518 4993
9015 8437
7812 1758
1188 7580
6192 6941
7652 8920
7867 1396
5735 1867
5307 2767
460 5189
5253 7643
9763 1569
5963 6998
4497 3985
4748 6973
4833 4041
5322 4397
7398 3993
293 2990
6050 2692
8834 3381
5720 992
2560 1874
912 2122
7469 79
2695 1107
7724 1373
1651 7446
8753 1352
1154 2598
1114 5467
5489 7595
4610 8549
9894 6331
196 5842
6759 1536
7206 3510
1996 1887
2227 7393
4535 295
6772 1485
6565 9532
5604 9763
9036 5130
1587 4147
8656 2077
9901 6717
1880 9374
6172 4066
4722 539
1638 4320
3767 6709
5045 1550
6863 2309
1807 2850
2401 8733
8533 8423
7496 8535
7033 2893
1053 4303
2527 1888
2587 3537
404 9174
5986 8730
2382 2957
4372 7493
597 5616
7626 6964
4377 9760
8824 4893
1748 5791
5319 7839
7589 3575
5305 8147
9240 2465
5112 9580
1406 7838
6027 3939
3276 9003
4652 8824
3263 6421
4219 851
5963 563
6980 8249
7104 7330
1428 2986
7906 472
2989 2188
9927 2904
2837 4581
6059 4484
9678 9158
6842 5246
581 2992
2796 7593
5583 31
8000 6519
1893 8223
9937 761
4302 2239
5198 447
2428 9770
6522 8524
9008 9407
9464 7495
7761 8804
8898 4078
5843 2937
1704 9863
2603 3415
3812 8562
9919 8987
5515 636
2634 234
5931 6853
1603 8672
8618 9035
7166 3321
2570 6373
8250 2272
9419 1346
8655 8249
5800 8863
2808 3742
3828 5969
5998 126
443 539
9242 7356
7155 537
2176 9044
3992 1163
1909 1029
6355 1153
8600 3816
7247 2615
9881 9304
9175 669
5153 9917
6911 7158
9690 743
5323 5030
4197 1002
8417 9599
7930 9223
8056 4559
8321 5155
4009 4335
7165 3295
9132 5192
9406 2720
3644 124
4830 5578
8862 4023
5053 8350
5104 4417
4544 3977
7702 5307
4456 1013
7293 6662
2568 3170
9902 3132
279 1972
1339 6253
944 7789
3787 4490
2526 9520
2775 5723
6904 2251
8536 8794
5660 3662
4593 573
7835 5412
3366 6482
4 1836
7704 811
6224 2646
3459 9027
1115 4814
7352 3298
835 9123
2937 9183
8827 7817
9001 4303
445 170
4588 2461
5324 9970
2098 5818
4554 3119
788 3376
8416 4379
814 5523
4228 6416
1125 8391
4282 8643
7121 4203
9992 4378
5849 7397
4181 9229
2137 357
1692 3776
7247 7571
2493 4221
3771 7060
1165 6520
1543 9763
2800 8503
385 4986
8196 7308
5099 8883
1984 8674
2342 3848
2033 2130
1118 7370
6486 6842
4729 8011
4094 1335
6661 3444
9336 9864
8387 4470
7982 3311
9359 2923
608 7678
6504 9742
9430 140
5557 196
6551 9290
796 1688
5192 1670
2364 3358
8242 411
3872 1865
5484 9093
9652 4758
4918 6074
5578 8287
4060 582
3243 4265
9987 4928
4436 1153
1730 4216
80 1077
3610 3924
9310 6557
2246 8759
9392 856
8913 429
695 2513
2149 2368
639 1110
6307 9722
5367 6350
4622 7101
595 2186
342 7273
312 2053
9799 4123
8354 8634
3694 720
8125 2163
4909 5755
9954 2689
5921 5370
1103 1561
6784 3650
9659 3971
1508 5270
1418 860
8516 609
1241 692
5596 5583
684 4380
6842 102
8720 7015
291 6204
778 8786
6060 4922
2159 3948
7891 7143
7643 8205
5463 6674
6065 2130
295 7808
243 5027
7714 6690
916 1011
4559 1195
7280 5857
2367 773
7737 9898
8043 7034
5279 3481
8173 4379
331 1407
131 4525
2999 7562
1850 8989
9880 2105
8447 7948
1456 2432
5882 2594
6100 8199
2580 3959
7867 7999
3508 9033
6746 2697
8334 9985
9211 5077
7827 9202
2408 5019
6178 7899
7736 6686
4944 8599
1529 1948
1199 8020
1334 9374
7907 8889
6571 634
5475 9479
1180 1753
4029 9626
5085 7855
146 8235
2839 5892
8294 7264
9177 9763
9448 462
8971 843
4016 6539
6648 6738
9051 3425
6837 4668
8649 7096
6463 6220
8613 8942
3323 478
6032 6298
1782 2160
4554 7548
1622 1476
3596 3804
8427 7416
7722 692
9128 5750
7266 8499
9657 2184
3952 8348
9596 6305
8694 4256
4805 4663
1535 9652
615 6658
542 8127
468 299
9824 3105
5573 7146
7947 7108
3229 1772
1210 1386
7720 4578
5603 6772
9292 9032
2916 4440
5641 6476
5269 3535
3806 60
3049 9883
8227 7983
935 543
8016 1272
1377 2085
9947 6544
4033 5439
9290 1277
4812 8479
914 2006
8670 8127
9356 6354
6029 6503
674 7985
3157 2383
6760 5805
814 6251
9244 3526
4016 6015
2593 3934
9690 420
6383 4996
7630 8187
5754 9603
803 4741
7501 2649
9790 4823
209 4520
9187 7252
9920 318
6180 1644
7038 9739
6174 5703
9724 1207
9598 4903
4391 6245
4748 6796
4800 6384
4917 3431
1946 198
9968 8475
2303 7706
7218 2664
4601 1322
106 8337
5472 1903
1918 9654
1621 8814
7114 6510
1516 7335
7092 9740
3075 7536
9572 4008
5755 7538
6421 4871
6709 9009
8082 340
3633 6339
8072 8938
1217 9774
9964 8869
8161 5174
6990 2094
9797 718
4370 8441
906 3467
7753 3983
2838 8661
9848 150
1513 3936
3390 3841
3442 753
7317 7371
808 8902
3546 1071
3236 9826
1342 6611
782 742
6807 8967
2195 8643
9312 274
9907 5479
7650 6839
7239 5407
181 7421
1163 7899
7496 2325
7938 1645
888 1518
8754 941
6422 4482
8268 8536
2510 158
527 6273
7375 1627
3923 5955
9597 5303
8523 6497
9023 6562
7951 7787
6252 4324
9710 1246
3672 5150
6413 69
6774 6647
8853 5331
1671 3359
1651 6307
6498 3610
2363 5018
3203 969
7262 7169
7580 9394
253 4455
2990 8472
6071 7020
252 2602
3274 7949
5631 9570
7452 2069
4791 2673
2742 3731
4244 5055
1238 4109
9580 2273
9631 714
2279 8441
2155 3991
3747 3347
4010 6578
8757 7609
6930 9787
2207 149
8226 6334
6652 142
3023 8463
9114 2642
4127 6062
2354 2702
4408 7611
5979 4759
8951 5393
4226 4096
4829 415
3860 9033
7480 3029
9775 5083
4580 2683
408 1308
267 1286
7898 6083
2408 2953
4491 9837
7489 8343
2035 1354
8324 2874
8560 9073
2894 7593
7447 5303
5404 9582
5918 6480
5477 8352
1056 8963
8295 2878
4914 1285
6254 6311
7163 7387
9496 3941
9620 5760
1129 5880
1285 5848
7934 6529
313 7573
3963 5189
7965 8149
7369 7400
5167 9421
6264 1945
8138 3136
8839 8457
750 1872
8519 7123
1247 8025
4762 1512
26 3854
6388 3968
3705 2966
579 3507
646 7246
7169 5316
3 2689
7274 21
2627 2071
3477 2358
9772 895
4254 9391
5948 2710
5424 8929
228 6532
4850 2932
278 1929
2394 4304
4882 276
8429 3794
4367 6916
8278 4743
1884 4077
9938 7651
2364 9067
3924 5276
2425 3508
6679 4339
2858 2603
6223 3059
4789 7689
4714 6676
4471 5124
8122 4984
9403 1742
1026 9064
8506 6655
4130 5402
8972 7863
5266 3404
6165 2703
8588 5695
8751 2851
2117 5514
2822 8304
6080 9225
7368 6213
8835 4841
6343 5075
4097 8501
6939 6807
8390 3043
9061 974
127 7514
949 5914
7776 6767
4274 566
5336 1595
140 5723
581 4395
2929 647
8838 5518
426 5229
9000 9328
184 8153
7293 2058
4195 7653
3468 9021
9278 1736
587 4390
2471 9580
7488 1683
3744 3287
8933 4571
430 881
9995 3961
3440 3957
5329 8155
330 8384
1123 597
3610 2634
3803 2745
4277 1145
3196 1561
1039 2060
2861 8218
152 7956
5078 9277
166 6978
3680 4905
9063 4492
3831 1736
9358 7648
7269 8783
3295 5929
2831 6164
5766 8754
8534 3809
404 4577
935 3396
252 1163
5371 475
1925 4724
7319 7198
5873 1707
5514 6622
3705 3366
9860 8089
9627 1715
1390 2877
59 2641
45 3254
361 6813
2725 700
8052 4183
1861 9974
3038 4679
1869 8215
5663 5331
4962 4073
5496 9406
5239 2690
1842 9478
6458 6052
1942 1552
8359 4796
2445 9657
8478 9338
1591 8591
1898 6514
8419 4702
8788 7118
6471 8503
3294 8008
4857 3643
2939 7444
6038 4534
9887 7960
3799 2119
4896 2668
5924 9637
4290 9347
3168 7077
590 5535
7884 3335
1235 9656
6029 9458
2781 6078
9770 9872
7013 529
7577 7073
6368 161
9505 650
2027 8153
1559 1838
2285 7577
1217 2263
5658 2467
7780 2986
951 4644
6351 4041
2437 5056
9147 9241
9834 5847
1388 5799
3804 6301
1643 8595
7573 2769
5947 7512
226 6195
4169 6613
4619 2359
6976 1137
6012 8097
3480 9343
3601 3434
6936 7627
3332 4626
4080 56
5881 995
9108 6450
3227 5596
3447 4645
6503 948
43 2644
2936 8700
5673 9392
3158 8321
8001 4507
6807 5334
8392 5103
8505 7272
8273 5406
4836 3128
951 4219
6093 1109
2947 3146
801 5729
9287 5335
6006 5587
5521 5028
8321 3705
1531 6620
9777 9862
4331 6095
8199 5976
2813 6198
1425 4729
7284 8098
8202 1468
8357 9192
3676 9764
311 2665
1365 1319
360 1871
5202 9116
7246 2945
8494 7856
3463 8116
4996 6955
9863 233
4056 3599
2014 3235
6503 697
9629 1881
1443 4224
6980 8711
594 17
4292 8013
3468 9924
3518 6479
6549 6969
6552 4426
8364 4331
1030 3608
8797 7781
9478 5249
5097 4055
9163 9873
7495 1088
3705 7320
4531 7653
2517 5612
4727 1108
8561 4215
6203 4071
924 9310
9501 3562
5209 8951
5382 3443
8809 5991
6505 7370
2031 5271
9591 952
6989 5465
9533 91
9369 8570
1675 8082
6072 2644
5107 6236
6478 1207
2940 6807
7730 9561
8643 8071
163 2552
6230 5578
3897 2088
2122 1004
4418 345
4549 6674
1636 2254
386 7471
9781 7320
6475 8953
7227 2923
3592 4792
2881 99
4366 5940
4982 4063
9766 339
3569 9050
6600 4870
4786 5995
2129 6205
3700 6439
5859 7034
1737 8497
525 8022
626 5976
7231 5251
6506 3921
1256 6614
9512 56
9069 9784
2515 4842
8773 2302
264 6268
7688 4929
4307 6837
8575 7571
4302 8213
3049 6978
9611 3318
1979 3880
798 6222
7333 5266
7819 2825
4802 2676
8588 9365
8461 1998
1825 5261
4942 678
8198 4025
4715 8602
4839 357
3126 3108
8938 4930
8849 8743
6518 4442
3234 5175
341 8533
5567 9920
3197 5694
7940 9025
5401 2632
6764 6050
6566 1204
2470 250
645 5005
5935 9418
819 3856
2104 1800
9669 6927
9114 7748
2963 3110
7112 4795
3264 6431
7204 5261
8892 5326
196 1432
6694 9025
4013 8086
3601 5355
8023 2181
948 6166
832 6052
9972 7054
6514 6680
7872 2372
6930 9652
4489 1080
5416 1865
5754 3262
6514 8958
6987 6991
5513 8866
5253 455
1445 7900
9850 2929
5139 4358
2469 1111
6651 8785
5038 1709
3373 7957
1929 4537
4766 5067
7762 375
7135 9157
5653 7112
5384 4340
1995 4393
5723 4749
8366 2790
2358 1951
939 1840
9872 7594
1848 4966
6933 8262
4643 7799
5970 276
9892 8231
4378 3424
4526 4221
1502 3397
8525 3947
1870 1016
3856 1497
7200 7263
4967 8667
1419 5809
8060 9851
1196 902
3915 4820
7354 9023
4405 9141
7555 6489
362 6175
1073 8637
6213 1961
