1 10
100 200
201 210
900 1000
1 999999
200 100 
9384 39356
76261 31840
15291 84107
55362 32740
14747 52817
44388 26641
18302 26961
37492 36023
11676 89763
58041 43569
12542 9656
7176 42098
18678 85939
70403 23816
7897 47701
43473 26270
14916 12897
68534 27848
9296 75128
50651 14806
11424 60801
22717 10742
3761 83967
40489 31361
10891 91713
14029 5340
6684 70107
56609 18095
19094 91006
32665 38224
8445 79936
38989 6025
18266 78197
5764 38288
8599 63477
44140 28360
11450 24216
64179 44323
11912 10153
1016 17672
11057 6435
10367 25363
11171 33942
15110 14822
9903 55933
29347 1271
4874 32561
50852 38790
12062 29092
64125 40961
1558 79934
3493 7682
518 64278
36642 40889
2132 16815
72526 10181
12856 76207
10475 40642
10534 11250
75499 26126
5897 37462
55313 17509
11179 84526
55274 42906
15304 71323
37549 25882
359 91982
70126 21531
13065 93547
10581 39005
9157 11541
55105 15097
14200 56451
53110 28420
1321 58456
44868 23019
637 71150
26756 10374
17307 60962
32672 5611
2446 36845
3430 29458
16167 99826
77046 3426
13573 37059
37583 42527
8250 84006
10886 39345
14291 98985
77365 18604
4390 92679
42992 35238
14791 20332
38981 32938
10568 51950
69420 24077
9693 32155
1776 27585
203 14011
13741 2158
13914 1580
35547 39538
10499 47814
61031 6303
2079 31428
28713 20824
16681 12850
53140 34558
7399 13632
63805 34464
14880 90001
68835 13810
1179 6649
6390 30813
13578 45452
20768 20484
1136 26986
71922 38269
10906 4251
24670 27070
1107 11041
65183 29592
13475 80139
12523 12885
13516 4965
17479 43124
1097 80211
42516 2229
8514 83520
69133 31855
9176 45059
56451 3611
9040 41818
9802 24824
16779 22818
13641 34221
1790 93043
14569 3181
12513 37126
27014 1565
10069 25597
48654 13336
5407 10737
56002 44312
1873 92359
32124 32600
13175 29921
29441 36364
15508 77383
47710 40846
674 77555
75562 22847
15731 72735
60313 32371
10065 26879
39650 9254
4420 64271
64967 35003
10116 66555
57093 33075
19005 15958
42831 32760
6136 26665
71326 13298
16498 27727
50192 17311
10278 18612
33677 41749
16692 40557
58266 4226
6223 59906
38416 27229
17520 12059
70153 37146
5618 53944
70918 35839
7330 4199
40892 12156
8012 79707
50201 14765
5336 99395
75851 25734
3804 26021
40267 37150
13199 90308
18839 40365
738 78044
22970 33432
17601 65703
39052 20936
19202 33878
21068 4572
14415 54100
73458 40521
622 8600
75627 38420
19573 8307
53074 31170
1241 17421
14869 19837
11467 45406
73483 38862
18787 59334
25466 40819
8290 91408
72464 4897
11376 47180
28373 31325
18824 45161
38434 36797
17690 20835
25046 18184
16662 90129
53741 37548
14341 23428
76313 954
5573 80278
12090 40414
3057 93133
47514 2880
5862 24558
22322 44258
17464 36976
40458 24578
8696 10201
30446 41209
1524 51067
30213 19527
13280 30298
32513 14062
10858 95734
23734 20433
3551 83330
67867 8487
12865 76305
69439 29534
9330 44024
29731 29493
13434 9046
44958 31736
7001 27518
37613 32704
7011 7283
25533 30513
19394 17943
68012 7783
13647 91523
3229 3334
3403 55798
76119 15036
5882 99896
54367 34987
15347 10458
9631 13706
4792 5955
21295 14162
18141 804
43479 8760
6142 39644
61066 42800
13475 8245
62139 9161
7485 69644
5003 38679
13876 42986
76913 39670
16332 40075
49049 27976
615 33356
21102 16712
6138 81555
76688 21998
16247 75643
13260 37667
11629 20701
49796 23615
4276 73309
21331 12318
17661 13371
49724 30976
4197 63454
39239 2241
2606 2911
48981 19827
409 94394
12347 8695
19411 21028
2058 38398
13589 89681
46798 8412
5618 70513
68116 9512
12484 1497
70461 34543
7068 84149
64515 25575
5702 23808
11013 43169
484 26484
7125 42076
3519 58268
56181 18561
10752 64288
11773 21916
8746 23646
9802 38999
10105 20875
34167 39124
2397 90495
69054 7526
1121 66530
38315 13842
14754 40919
38107 7331
3416 43732
23087 32267
17639 10066
7996 36018
12258 5439
59023 16945
3758 71402
61362 6689
1592 31372
27790 24542
2939 67189
71497 5760
17853 36349
7739 31081
1852 44298
63133 1168
16015 35999
70377 11990
19998 9539
64954 18142
10209 86052
9297 8827
13140 76974
69213 32499
14727 72180
3281 39264
14619 60226
48055 9337
19876 13729
65588 22477
1097 7927
42626 35665
16579 40326
49587 13781
12841 99934
52555 22074
6547 16257
66407 9497
19483 36738
32074 39539
1065 78306
8696 14913
5994 99707
46608 11130
10618 27236
67763 40704
14584 95846
44202 15965
5074 3980
70231 8730
12843 63397
10031 12148
7156 74613
8367 5185
388 12783
65889 21969
9054 20942
12544 11452
7707 32806
76912 37495
6470 97295
1622 44269
11584 6305
76720 44220
17183 37639
38658 2342
16308 2642
17212 7849
19363 99741
61897 19183
18053 6230
36734 12027
15969 88578
49806 24966
16415 84550
24264 32974
18847 63340
63558 37230
15709 57070
71494 33278
3718 77707
64053 15076
5644 77645
73148 38331
10604 55660
21162 503
12951 63856
20486 44348
17373 25978
31817 4830
14633 40637
47617 37843
8009 22144
13548 30692
1744 60395
67071 20863
14505 8943
72903 27469
13446 39768
27524 6837
7985 49272
35890 22477
3673 37386
57595 1637
10016 59496
7745 8111
1591 80875
21304 32609
19700 51136
3208 12289
9908 72198
2914 12818
2355 23108
56079 8177
19449 29810
65770 24268
3294 70761
13579 15490
11513 50553
33648 40685
15655 88707
8225 10123
642 81066
47356 8096
15095 61127
59341 7172
8877 45845
33676 29602
18091 5158
15474 25618
216 46231
4911 20266
19988 89081
45692 15918
11765 16520
2930 9719
11092 18134
18968 11825
3048 34942
11956 13228
13271 25260
20139 2329
2803 28053
24294 22303
8385 29412
62128 12175
8150 75603
75293 34648
12004 1699
27665 13247
11494 96772
77433 13700
12940 85194
27929 13821
16096 47245
63678 6050
6105 32653
32614 2875
77 55819
12410 11990
584 19512
63202 41668
9766 71185
70599 26464
14470 18628
76488 4340
19725 32143
62237 13635
17868 96374
23043 43097
9160 66999
63200 11368
3449 28902
43962 8680
7637 58599
54315 12609
13116 89925
3050 16734
6177 51433
30041 26507
7055 92901
62348 32757
17388 73058
40046 22830
16523 86546
1351 428
16645 16160
50224 36235
3563 56784
44854 544
322 94022
13189 12449
3086 24122
7670 29681
6783 10720
64239 18320
1904 88945
33421 19437
8896 6146
20556 17355
5438 91614
32578 1778
389 94278
13474 39387
13284 12386
32853 19273
10084 49962
61264 27072
2396 81607
12388 17768
14194 15789
29443 16540
7759 95068
41193 12569
11140 85513
39570 31290
13449 70310
6904 2934
6379 11301
65227 25035
8656 71031
48066 36151
8829 98845
61711 44311
18948 14580
35002 13074
11246 38173
69885 5908
19678 30326
62116 43473
12394 80911
8843 37318
567 18256
65895 3279
5831 39812
29774 35952
2743 66747
25253 43261
4629 78658
65611 13612
5887 48520
20559 3454
19731 25892
56499 18560
17299 13193
9022 41173
2711 73992
8171 25119
58 47498
36821 36647
17586 40352
16560 22683
19393 45659
17332 14169
3381 62234
35986 35529
1056 11036
52582 14966
6083 64744
67461 24590
1877 99448
24032 15914
18141 43674
41337 34897
9345 2121
8208 34896
14746 37176
53733 21157
17886 51103
35379 38242
5462 78568
64868 15363
13887 83840
478 183
19136 34494
8679 19617
7619 55585
13892 40335
2888 86335
54746 24303
14479 66632
54870 11762
2585 31946
47005 2877
18754 84216
12160 21176
9094 1040
25394 140
7983 95461
679 10364
18066 26084
32301 34596
477 19107
71427 22383
1204 61406
35333 9081
9017 7715
54283 20428
2926 46988
44265 1533
3337 53772
67559 7503
12736 39128
15004 20987
15516 92459
46544 11507
6122 76819
51334 30431
7570 76569
52040 26618
13157 11551
24993 22278
18139 81299
8937 18496
9937 12047
45320 7470
18830 98026
72642 33582
8411 3811
8392 5678
4480 93359
2628 37212
14942 39132
53798 13572
15151 7726
14050 8024
5353 70257
6712 42206
5361 14923
41315 23799
16886 62799
2322 32363
3701 88042
55866 3020
17385 36085
68342 41738
19503 94633
22176 38328
1409 41643
4538 8072
16170 81848
3602 40310
7861 28867
29766 28237
7342 6192
35612 37847
12222 68668
66506 38015
16216 93690
72950 42557
557 38707
28844 19857
9877 52006
31229 3469
12847 7106
6384 416
15317 85133
3252 16922
3224 94066
4965 37983
8863 49471
76830 27268
6444 56166
33906 22333
8424 1080
45188 29459
3476 25294
73548 2349
12437 21619
30703 8414
19054 25597
8366 13307
4929 70629
13333 24471
4202 19594
4587 20497
19339 11977
54709 24107
10717 20369
3870 25777
10854 14191
76900 1248
17167 62126
48159 9824
7549 58523
64284 5855
17294 70627
57327 31077
11876 14866
73402 33847
12018 45369
62582 21737
4734 6222
59174 21847
2051 84763
5914 17649
19095 77279
42935 28971
18093 9011
16133 5611
9617 69553
45592 33978
19621 99822
77745 10022
17056 53722
45392 16429
18709 63750
8091 34954
12072 98275
36970 21683
12954 24893
54977 4987
6098 75736
11445 10164
6602 23242
11367 26
13030 87346
25396 9120
15792 64477
13241 34519
18832 333
7100 5719
7776 62034
34822 18590
16223 58577
952 5353
5532 87916
55763 12874
8716 77066
54340 24686
7192 30418
5441 29077
11625 61205
17135 2388
12965 95811
26177 32638
8197 44105
63493 36380
1764 88144
40961 15898
11477 58577
62379 10218
19395 47964
31729 37496
14270 95165
27098 12677
2892 35059
37892 15267
5365 72417
8557 5746
86 37394
43408 24760
6841 58771
13519 20294
9440 1949
37520 37200
7400 5576
16277 30104
3433 9356
64791 2471
10178 21404
6867 1983
8767 55569
10079 22800
18254 70519
66303 12767
14972 74440
71416 38779
8157 17486
5311 37408
14428 75509
12426 19184
12029 7053
42858 6402
10356 29810
27619 39369
12707 95720
67466 4184
10931 9270
24311 27704
15658 58618
14566 15733
19724 79204
45974 31739
16096 41173
33578 37371
10729 64358
18326 25120
17550 91391
34645 19507
5895 61291
64947 21175
19417 22599
3376 5122
5833 95004
13646 35682
10479 29932
64718 31316
10966 11081
35799 11737
406 89613
12371 9267
13594 38600
18637 38369
17138 34978
42261 42170
18706 10712
54241 2379
14811 60728
49301 19892
6587 7357
68556 29878
4433 50573
64941 9262
1216 45556
35020 33342
13534 83190
31500 43545
7267 95137
69584 1790
9558 66036
73262 37576
2563 13437
74029 44137
16077 64142
3224 39716
14096 60691
73578 18275
5091 37601
1272 18156
5112 35596
3235 11842
3297 71786
13791 11345
5357 17312
14870 5617
9311 48217
30607 22322
14100 65576
24525 36118
5526 19669
59477 6770
9097 53930
62050 30183
8074 45235
46639 846
14060 34597
55170 25968
5344 77146
8047 39969
8345 37001
49329 29207
1844 94907
41184 17619
12091 24741
40751 21518
8703 67771
77083 653
10640 36455
33599 42262
4194 9591
8944 14359
2476 81475
33406 9450
15995 51663
12278 7707
4835 52411
69902 17778
5481 26684
74524 18583
94 37380
6003 11960
3307 5825
75899 20850
9955 85971
30355 36262
6054 54575
23655 8385
10125 63732
77143 28417
814 53701
19508 27206
4078 25902
20998 39388
18627 19810
55743 32878
3403 20158
17898 15352
853 77482
31220 26454
11554 17549
54077 42947
16838 44078
18162 28395
6059 43355
47168 15467
5232 71410
71979 31914
9323 75924
35733 36433
17602 12125
42768 6281
6985 13796
44051 2814
16675 96606
19260 31547
17277 57831
40457 29624
6984 24165
35003 29631
13176 80229
33663 24440
11856 24983
32990 25268
12250 83071
45185 28632
6476 50377
66637 972
5875 191
42441 1998
13072 94452
66505 17703
17878 27274
53521 34304
14419 38786
32171 31642
2828 91575
26512 29490
15576 12030
19803 35578
14673 92755
5000 27031
12002 84885
48862 39797
2415 93647
61795 9422
4406 23759
8773 16776
10478 6705
36922 9518
17718 11246
1035 19563
16059 99929
20101 29134
4515 16720
29039 23246
11169 850
19052 43359
7187 1399
49773 41227
17270 87580
62897 22094
6279 29603
57033 32273
10364 53539
8513 12545
4106 87264
62344 37712
7960 32108
7567 39069
1508 48686
60592 41231
9273 43055
35845 10137
9030 26223
236 26969
19025 11436
6417 4740
5179 3218
21850 22916
3685 22887
54911 4655
1875 93132
5226 13594
4825 23517
29380 19844
12169 86967
23389 42238
16421 73511
35945 7580
309 24468
50405 42088
19203 64755
37633 3620
10399 23122
61600 6751
