257177 914579
578700 835199
716736 992063
25747 165857
884175 321451
97961 133536
483650 157921
331861 804227
316722 837265
916629 683757
464375 616599
322559 882467
540885 832641
649223 44114
519080 881795
758785 408490
22518 280440
732326 340752
504444 516911
19366 349894
894613 993129
453308 55922
725860 45876
768982 142566
563470 236938
71998 50888
559882 116020
503900 371764
27550 240790
220732 111822
496118 667281
969983 64375
422234 113759
907275 628500
881830 526447
49967 964687
663141 682373
24558 470308
637570 256568
640222 846388
801025 579518
899349 255286
304409 74595
390399 279701
426083 142086
577946 502238
453372 42162
850214 983459
297352 665418
374898 624821
512187 941431
950902 707264
665512 982831
526543 614270
709483 614823
446040 766963
21278 939273
215186 315250
499616 791277
274611 678801
684940 470982
180229 440334
821550 746967
908195 475997
826416 68785
501777 58446
577535 524254
406609 97592
671080 428474
873156 443515
821714 441414
947412 229732
149161 684805
313500 319754
566673 728856
509986 552317
29444 552735
195995 826142
753445 617257
898535 123096
384240 651289
9030 789931
209879 649943
101104 870230
357527 94062
862889 324633
568730 569435
280050 555206
439486 345852
562453 801378
835521 582228
984001 993082
170632 917322
969133 59498
730271 554764
552752 312579
337189 791612
543896 773431
495049 461304
977585 568997
357972 374988
892693 721694
738579 569262
633348 256221
513274 129601
63273 104958
172960 729578
430860 939440
296297 854717
646365 892011
655332 772355
562665 792785
649346 372191
256449 338827
579113 95532
982992 186575
620369 771300
546079 228270
69162 591311
89931 685146
541140 207020
805991 867101
922967 261431
721760 923479
536384 285038
857516 229049
330749 993438
497414 306566
603951 746980
290488 146447
775062 410697
4257 799155
752650 359703
177211 702978
536510 680999
969787 569534
879670 260754
148264 864234
778527 401670
76128 24013
275527 31519
663923 337567
956942 568520
362751 947687
24445 305618
958750 122995
721110 676484
928518 571748
17739 532641
776870 286165
355187 922841
402874 703503
414490 606244
189090 905563
74426 595892
662052 698194
301133 19146
56882 170708
258859 311490
878603 409461
185665 981776
914293 271568
640579 742995
84456 219899
638016 255
358345 489148
14034 946302
263706 420088
853469 158556
582597 678970
571244 226799
664048 287778
117482 363319
707337 985707
883485 278006
485399 23598
757690 490533
878053 884746
257788 134702
518751 164240
984762 525964
791686 241611
772845 561011
634093 50074
937064 36763
221773 13439
351084 206875
441602 312945
615692 572281
660811 17411
358310 185721
803166 529570
602643 438849
157202 538897
584494 277985
587053 647437
509443 685300
927765 115487
275316 507794
378509 190584
856278 736189
63997 792303
984658 525964
868825 851360
121064 476340
924257 576503
136945 621285
820329 547461
655230 58157
6966 918356
113692 823266
579087 804597
528278 184456
961725 252136
909340 836720
105555 587593
593803 391002
937935 666490
571741 197637
870101 654348
788981 228134
735650 959621
106678 475353
139846 436595
631071 934751
351420 17121
740100 400563
191799 396450
530895 656541
117699 237915
702713 708850
960796 911926
429067 95131
626274 851019
401497 130703
383926 91018
882790 422413
925665 776543
893064 108471
31446 596400
50246 687438
995069 561496
995824 727914
537513 993016
440073 635579
659064 339383
268640 564287
156253 312392
911820 726726
275154 517872
659608 410668
666517 487286
186386 121246
505724 166484
639506 631973
4252 904375
452024 796773
106974 666948
152989 787566
790226 13735
205319 937100
797527 242858
441945 505323
60744 146953
139117 274702
352953 608109
104131 441688
690703 534211
366560 113768
639428 978045
332775 334186
572002 933578
433026 63540
990519 757063
526030 819912
570290 30895
721627 878282
948057 264330
700945 183493
860874 500163
24100 680397
695834 853832
483843 250034
375337 121559
985259 326590
231908 404842
640318 831478
704710 85456
307507 122202
478400 913761
633549 849697
135991 422632
655410 499656
118283 333769
409880 851961
90143 110088
386045 210264
742651 52528
786398 548145
61672 809013
428224 670450
553979 366374
463614 635454
437921 429017
75913 827601
523455 27571
37529 298113
6757 436757
421929 530099
630183 120773
23370 882477
709531 406926
134377 67949
86012 950496
204100 447765
75552 468741
90355 304814
588188 182270
378700 159050
708478 165344
385134 172424
830277 797632
164084 93441
264958 44689
857214 299175
328689 760623
60604 980988
929272 161320
296890 60791
706194 114963
100661 919133
986327 810893
638752 802409
527018 207319
455992 858216
185678 320686
544978 398062
245355 997987
879290 616660
320330 234153
27759 183349
148212 544611
892977 142767
70723 793044
419637 284023
146355 396769
264168 314265
296484 840103
93297 16117
939 262864
492893 656467
980455 282875
134739 737203
542991 667868
645259 581475
528404 683512
449974 476875
706569 849705
92742 146239
283735 471121
259317 491733
834171 762107
476553 921664
838124 391021
471964 315237
42830 835931
566838 288069
771981 197131
675027 443584
687274 999379
904904 2271
155155 513647
560130 201404
766410 750643
561379 878162
967491 946840
519512 445635
523834 473716
645858 352742
176017 515206
355251 863037
314022 932573
813391 946027
382358 829607
566328 526519
935904 757355
892018 543734
267176 322939
264868 194347
304032 931590
124256 451774
804174 145262
191887 645290
808900 476227
567896 551538
359642 362588
522147 138161
986807 200202
564401 793786
92438 16519
651713 977479
36009 53160
484608 13554
466908 711580
809885 533449
111701 826080
268352 230085
707769 420478
792282 141521
198603 503543
601014 705981
864638 579668
499002 735348
954429 715487
878188 834461
431218 378925
117426 762509
857399 65812
816514 410299
719249 242078
879503 858222
152094 831067
146822 431155
78460 640192
347984 346638
280649 17623
124798 537155
285082 406106
347071 703387
724031 113280
155732 987387
488601 10518
360364 614479
401605 153814
62931 821621
569311 524330
745966 43054
877383 759420
397316 583933
79544 931157
947293 206985
684944 684650
392396 537960
585894 198522
475285 958284
279705 72899
53638 332447
62900 874012
609629 17717
413277 411135
757776 991245
282015 296591
850549 119774
521083 120915
580700 866900
568451 319654
888730 257503
92657 939595
789176 619418
433683 609619
656799 454030
325018 198770
457783 934830
599835 455117
885196 976251
202273 199587
729401 714042
32234 162376
610397 892660
222181 975270
195990 14535
83064 168847
704397 998006
978331 905080
139176 949782
81707 792594
447016 930139
673320 998838
692927 218432
721937 325036
349157 708504
770650 524670
976240 633780
424286 816594
882676 849398
793426 702329
66484 803190
887280 377942
823625 959269
604684 239344
117104 956320
439945 88482
381201 99161
363818 84714
627299 127344
577816 125687
379937 353105
127085 22719
694608 342204
840080 739418
685435 764942
152433 295234
54806 912920
545307 266540
694598 849216
206556 475793
656268 546152
999506 447386
717135 403310
885410 628440
320623 206905
496647 639145
907942 560470
211202 636936
249870 63051
995024 916164
589583 108406
898044 521729
925591 430647
504199 744573
986563 449064
924074 207577
898410 713269
203618 770032
251102 573109
116459 989793
525994 688332
822922 203030
824342 226065
992919 618406
67118 36473
599452 435929
749825 106419
682720 980875
161372 494744
936682 587046
835096 691673
511380 447640
661344 434409
467271 662357
119516 722483
332584 355623
250107 256693
15878 756495
60149 348673
352741 478877
406541 256798
223611 478491
525116 511957
284223 47922
747701 826599
102886 258760
806130 861580
204840 360370
743978 86069
961100 861241
973358 796199
372 904595
429714 754069
950890 711343
965925 667989
149093 597681
848644 979795
103513 616160
255727 208648
796358 83775
629962 967414
795535 726202
748561 929606
763869 14559
595201 907940
42383 955213
544014 744331
61177 691521
920526 795504
875395 629534
897185 646348
735198 110955
44404 193692
199191 485833
143080 379617
762008 438781
479958 278737
954757 463216
216127 146474
10925 708912
502471 726460
263958 753682
91732 300406
139491 455866
416073 856899
994882 510421
833900 249085
896901 343313
168788 434755
882808 949806
648851 734095
642035 800638
287028 827531
92911 122499
350019 74115
138939 888780
831929 261824
750186 326570
506026 893215
147673 426537
968755 802443
251138 77766
844537 129774
679065 820926
721421 533027
846728 207083
912996 900500
918559 723201
213901 792693
728634 379741
966343 337943
724752 720734
499659 647021
430970 882557
578337 902623
819398 225127
384357 612864
352277 200420
839122 600156
971130 691616
775327 518877
171584 86932
955105 41419
346509 537736
933450 531305
198844 907368
988782 897376
352417 198892
447104 617474
812409 643544
868841 73950
187628 580214
331092 124079
996891 586095
73660 421890
111829 904527
816784 603336
213866 214113
162394 44787
782379 697707
791330 979295
908660 411664
325387 855871
548399 133645
562241 418357
157147 200085
797390 488037
86007 262195
549861 562359
520774 278160
402307 479823
910778 657374
286701 861395
155779 643263
285760 351511
741177 248079
900234 711439
850725 867558
700798 357384
47239 601313
274014 484498
44426 393409
967650 978543
624948 662279
936169 174035
611291 104634
52339 961915
73180 450533
21689 923623
551682 884416
679455 99939
83197 843928
11844 245967
957083 852738
532413 214036
545272 261858
374491 463631
806255 358727
228884 886925
583009 657424
690017 22019
674496 419599
542472 188385
200563 914642
159346 564739
150279 639354
793556 692855
186230 550260
539143 102832
740922 649122
268839 179386
953071 634017
466722 913383
114321 510359
52952 727164
679049 91198
780952 816240
939113 553543
700680 910131
390386 410178
496615 910785
181138 643273
719485 879427
970762 509145
185649 915671
154959 419659
301059 199775
438985 724807
572747 470554
816347 618185
524105 982726
899806 429625
82824 778565
158791 430416
49754 286718
580598 743459
287376 353492
594554 864054
36292 822401
278788 235030
406628 892154
538829 739991
169944 571664
449127 714368
598172 873962
144184 807489
309949 465143
673682 224186
395628 291437
446976 642261
685709 576443
666337 730149
625741 428017
277261 515426
68066 304561
249496 948125
923058 905053
298858 871351
948090 746714
119960 723839
660382 813182
545754 885344
37968 281779
560150 764668
391701 262271
779672 901804
210644 274349
434089 298738
732971 798037
252397 388889
393451 699610
910693 662374
949806 592221
703944 838406
237718 802899
303136 993493
900760 331844
446656 244694
434532 326396
84430 154096
335129 539495
345773 10397
207539 489778
952277 986037
194429 194980
686274 319062
569827 393735
217718 931563
832924 645618
68493 36526
211822 778552
176509 206018
758089 151569
847913 49739
751490 447661
954189 481781
319820 748973
454333 764272
480317 507201
879034 833723
954520 267010
584410 588847
940314 375310
821715 802748
748223 401837
818692 763832
383568 541450
134208 831253
763046 133584
745361 691223
474156 749605
867689 403011
878501 210213
837559 826868
46897 188851
927602 685856
114131 16751
81806 113577
970728 985932
417900 833136
145244 17520
10615 662073
144617 70884
188657 296330
680298 372648
104025 682965
375679 433954
915419 147287
137879 448883
271452 515947
71776 257669
795450 252566
760897 19183
60860 673740
725481 412262
242408 384319
494802 875163
28029 100896
503815 643884
417820 506265
928658 955038
210175 918208
477991 359196
359009 394837
597825 965156
347658 930090
607687 815135
994620 254363
558030 946564
363660 112589
206747 382549
549327 529230
610070 155126
303986 115697
302811 823540
375702 142975
922548 517487
553456 491464
608242 776642
70572 778790
311931 912210
788728 258530
27222 833141
399704 535938
373466 601566
267168 239426
335207 590755
345260 920255
71487 708181
693746 715740
28240 108939
382135 879036
901257 552885
15353 410838
659154 221493
223540 621824
390440 939899
132434 563004
899546 87045
895888 706011
821645 652956
207061 44220
28632 893337
900176 973021
215125 803540
273881 219432
665375 741505
263306 430011
701830 920815
257946 563859
149519 289250
262498 860903
371811 635737
94139 785886
153212 142497
817521 657648
699444 403490
705736 414537
990328 947130
655712 403774
381953 1534
854678 966056
658247 857961
983879 261596
881826 770673
457623 890693
36701 741193
335808 657437
824009 935709
991796 7855
952414 946380
900863 284937
289018 191931
72286 312235
388470 77222
711597 742935
99292 31000
266067 428904
117662 881466
840574 414325
753196 486812
174858 227521
794374 680900
764437 290697
495774 384119
906639 573902
576495 629202
552389 661779
730161 537069
739563 610711
458418 288405
48035 174148
18846 810497
948321 273030
255554 279006
415364 728124
688098 384331
601091 950853
814953 760259
721415 114441
148074 953934
982234 574969
540004 560814
617941 566419
186483 884855
619786 839557
660194 911883
141538 852771
349123 166679
391074 324502
950771 332489
745607 469781
496172 222765
917571 164250
642441 962490
898265 798483
684854 168800
727869 652587
931484 569123
951481 880842
61481 979755
345565 363241
369186 445164
414528 217788
289504 817942
807272 720422
813995 809383
707823 914228
552368 229991
762304 227301
470302 537117
757691 296239
368006 885841
552603 430960
817687 699980
401644 768058
671903 775105
25334 608862
740594 611258
77108 905555
482517 262532
26602 476793
961722 262839
217349 156896
637074 651467
370704 58758
821610 859950
364225 921401
597264 773576
38736 454796
582848 946790
7837 707666
456829 356577
361625 890795
408281 545348
447250 909572
453755 117388
175193 179370
69228 666040
268680 414523
169018 191463
236495 91174
631403 799696
290130 995366
467905 637895
47504 806715
916759 88527
86287 924390
207055 973426
475351 654056
847777 944885
908875 231737
287712 6875
765151 247915
