1 11
13155 13165
75564 75574
45867 45877
53279 53289
21897 21907
4705 4715
67890 67900
67933 67943
93473 93483
38352 38362
51944 51954
83100 83110
3458 3468
5347 5357
52973 52983
67118 67128
770 780
38344 38354
6685 6695
41751 41761
68680 68690
58900 58910
93048 93058
84620 84630
52695 52705
9197 9207
65395 65405
41602 41612
70122 70132
91036 91046
76223 76233
26247 26257
4747 4757
73612 73622
32825 32835
63267 63277
75644 75654
99108 99118
36536 36546
24705 24715
98259 98269
72269 72279
75339 75349
65155 65165
7269 7279
63166 63176
88475 88485
27273 27283
43643 43653
76653 76663
47776 47786
23779 23789
27492 27502
35928 35938
16652 16662
48654 48664
89770 89780
90925 90935
6057 6067
90469 90479
50455 50465
51632 51642
31905 31915
98669 98679
49400 49410
26616 26626
9074 9084
94781 94791
7376 7386
50073 50083
38416 38426
27710 27720
91386 91396
52977 52987
46447 46457
94102 94112
5009 5019
76155 76165
77024 77034
82785 82795
12538 12548
1587 1597
68849 68859
86829 86839
62957 62967
73626 73636
72545 72555
99950 99960
88861 88871
23321 23331
30634 30644
35103 35113
51330 51340
59114 59124
84602 84612
41210 41220
84155 84165
26933 26943
41542 41552
53733 53743
46794 46804
28723 28733
17834 17844
15373 15383
57168 57178
80244 80254
3306 3316
53448 53458
49850 49860
95540 95550
74833 74843
55461 55471
89078 89088
62488 62498
84208 84218
15978 15988
21276 21286
71474 71484
13044 13054
9100 9110
27460 27470
300 310
41431 41441
2688 2698
70985 70995
93794 93804
23993 24003
18091 18101
31756 31766
88703 88713
65209 65219
15035 15045
68138 68148
38583 38593
38775 38785
49977 49987
14754 14764
58721 58731
84561 84571
59014 59024
95545 95555
55617 55627
14816 14826
98335 98345
40879 40889
14183 14193
56493 56503
25214 25224
48854 48864
46405 46415
96114 96124
12604 12614
19977 19987
31927 31937
62930 62940
12672 12682
65128 65138
62166 62176
80311 80321
24786 24796
47646 47656
38933 38943
20326 20336
2838 2848
90171 90181
42652 42662
14203 14213
94753 94763
41033 41043
13120 13130
88569 88579
9218 9228
16221 16231
7107 7117
36536 36546
25307 25317
13512 13522
78319 78329
45533 45543
34954 34964
45232 45242
80898 80908
93172 93182
65168 65178
21526 21536
67962 67972
90896 90906
25014 25024
86090 86100
47129 47139
50598 50608
60042 60052
81760 81770
75588 75598
46227 46237
95141 95151
63277 63287
43935 43945
82473 82483
68901 68911
70224 70234
98719 98729
95446 95456
85131 85141
28933 28943
53745 53755
51446 51456
10344 10354
41405 41415
57674 57684
87660 87670
44006 44016
72978 72988
86930 86940
71568 71578
80076 80086
70657 70667
74175 74185
1910 1920
88607 88617
52501 52511
46335 46345
6520 6530
71346 71356
48897 48907
66771 66781
68208 68218
19957 19967
91667 91677
86592 86602
89006 89016
54397 54407
13921 13931
45037 45047
98941 98951
21555 21565
44605 44615
31575 31585
51468 51478
88154 88164
43975 43985
46755 46765
80669 80679
36518 36528
21153 21163
99916 99926
15362 15372
63052 63062
61638 61648
60 70
88 98
77339 77349
72737 72747
31920 31930
41774 41784
68253 68263
68059 68069
20527 20537
83646 83656
70895 70905
82875 82885
9456 9466
8175 8185
76404 76414
62960 62970
21387 21397
21356 21366
8107 8117
38884 38894
95220 95230
94759 94769
38987 38997
26923 26933
69220 69230
28405 28415
77690 77700
78390 78400
42248 42258
28217 28227
19398 19408
1132 1142
19184 19194
98328 98338
24407 24417
81976 81986
13647 13657
39816 39826
60104 60114
17689 17699
82839 82849
15774 15784
98798 98808
25718 25728
23361 23371
10165 10175
21942 21952
63475 63485
69604 69614
79481 79491
69627 69637
75297 75307
66955 66965
63346 63356
5645 5655
59824 59834
22702 22712
31880 31890
69987 69997
11745 11755
76261 76271
52615 52625
55394 55404
58802 58812
32968 32978
70302 70312
14306 14316
16170 16180
48535 48545
86026 86036
81330 81340
55686 55696
73903 73913
31602 31612
13534 13544
52857 52867
31076 31086
58815 58825
51811 51821
43087 43097
25886 25896
37025 37035
39304 39314
44689 44699
47592 47602
38785 38795
27931 27941
7827 7837
36976 36986
25394 25404
67182 67192
67627 67637
51396 51406
72864 72874
72080 72090
94479 94489
46072 46082
94020 94030
32158 32168
46046 46056
51717 51727
66139 66149
40185 40195
60567 60577
98655 98665
15040 15050
67013 67023
34384 34394
54174 54184
52283 52293
82928 82938
1496 1506
27423 27433
64301 64311
54616 54626
91789 91799
26663 26673
97013 97023
24675 24685
84401 84411
69406 69416
45577 45587
81714 81724
2209 2219
16076 16086
70698 70708
70786 70796
43666 43676
58245 58255
75174 75184
99158 99168
69571 69581
27953 27963
75390 75400
17119 17129
426 436
49572 49582
7992 8002
16309 16319
90334 90344
78303 78313
74671 74681
43645 43655
635 645
58481 58491
51850 51860
6686 6696
54405 54415
38975 38985
21584 21594
38579 38589
62689 62699
65908 65918
70935 70945
53869 53879
28030 28040
81597 81607
37193 37203
68613 68623
31019 31029
935 945
10381 10391
52099 52109
77592 77602
22070 22080
5529 5539
7064 7074
16029 16039
72380 72390
29704 29714
5061 5071
47783 47793
45718 45728
52001 52011
44651 44661
15032 15042
28596 28606
83372 83382
69567 69577
57780 57790
68120 68130
33119 33129
5748 5758
98693 98703
54242 54252
166 176
85623 85633
2936 2946
37757 37767
48968 48978
57620 57630
73899 73909
67936 67946
53629 53639
3559 3569
12252 12262
97340 97350
18829 18839
35134 35144
61415 61425
60764 60774
12594 12604
55289 55299
95407 95417
35694 35704
83814 83824
97430 97440
25903 25913
25154 25164
42436 42446
81308 81318
89795 89805
24460 24470
76065 76075
69489 69499
45187 45197
26364 26374
66553 66563
11658 11668
20958 20968
11369 11379
54700 54710
608 618
17599 17609
59939 59949
43193 43203
8251 8261
68745 68755
37533 37543
83624 83634
12365 12375
97339 97349
2964 2974
8036 8046
49427 49437
76947 76957
93407 93417
25017 25027
35968 35978
76915 76925
49998 50008
74929 74939
67193 67203
68170 68180
75680 75690
3637 3647
23059 23069
22168 22178
56263 56273
65265 65275
61664 61674
37149 37159
22481 22491
23371 23381
65304 65314
16594 16604
74414 74424
15977 15987
4765 4775
66202 66212
12495 12505
94920 94930
48420 48430
62107 62117
91407 91417
1795 1805
59357 59367
72190 72200
49661 49671
5370 5380
44165 44175
51920 51930
77198 77208
6536 6546
44281 44291
97722 97732
46776 46786
32907 32917
44595 44605
74331 74341
20535 20545
17139 17149
37254 37264
93977 93987
96489 96499
25497 25507
7034 7044
12386 12396
52636 52646
16009 16019
51773 51783
10519 10529
84161 84171
36858 36868
42391 42401
32725 32735
71358 71368
57680 57690
87192 87202
75828 75838
83664 83674
69982 69992
38908 38918
93528 93538
60563 60573
36210 36220
53953 53963
45510 45520
40171 40181
24045 24055
8309 8319
42160 42170
47240 47250
28978 28988
10498 10508
21640 21650
80205 80215
52746 52756
66885 66895
86368 86378
24376 24386
71160 71170
26368 26378
38284 38294
8101 8111
45979 45989
23288 23298
79539 79549
49137 49147
323 333
26613 26623
66472 66482
42521 42531
18684 18694
96352 96362
13405 13415
79589 79599
94609 94619
17117 17127
60603 60613
6381 6391
34751 34761
29248 29258
50968 50978
82587 82597
83438 83448
72648 72658
32945 32955
80212 80222
63179 63189
4535 4545
4143 4153
15333 15343
76710 76720
6174 6184
51933 51943
92919 92929
22053 22063
20458 20468
8900 8910
69972 69982
70649 70659
49466 49476
26179 26189
71160 71170
37839 37849
20066 20076
23262 23272
43612 43622
46952 46962
86123 86133
97728 97738
44454 44464
3425 3435
52380 52390
3165 3175
75321 75331
59162 59172
82293 82303
32960 32970
23209 23219
53655 53665
43064 43074
40360 40370
98737 98747
96695 96705
85057 85067
86755 86765
31162 31172
14840 14850
99764 99774
63955 63965
46810 46820
93196 93206
69080 69090
81544 81554
54156 54166
57283 57293
15923 15933
94529 94539
82137 82147
15542 15552
4108 4118
34363 34373
11003 11013
9655 9665
51880 51890
2241 2251
56151 56161
85691 85701
51693 51703
67456 67466
73721 73731
69849 69859
2281 2291
19200 19210
67102 67112
34589 34599
6630 6640
14072 14082
92116 92126
22167 22177
38013 38023
58604 58614
16732 16742
2635 2645
69116 69126
76238 76248
71373 71383
7733 7743
58984 58994
92554 92564
92974 92984
43047 43057
50599 50609
83129 83139
91928 91938
60167 60177
72387 72397
51936 51946
49084 49094
16143 16153
97616 97626
57439 57449
27327 27337
53145 53155
69859 69869
66708 66718
9744 9754
54876 54886
61077 61087
66800 66810
49515 49525
57161 57171
58892 58902
44134 44144
15123 15133
50230 50240
73140 73150
3166 3176
5162 5172
52209 52219
32066 32076
3507 3517
24516 24526
10719 10729
38299 38309
55186 55196
59720 59730
61114 61124
93529 93539
77207 77217
51317 51327
48671 48681
65016 65026
69703 69713
40756 40766
48687 48697
47981 47991
71048 71058
53422 53432
27666 27676
60557 60567
28012 28022
70340 70350
53052 53062
93830 93840
23542 23552
41352 41362
59750 59760
78304 78314
92029 92039
68152 68162
82121 82131
52744 52754
23028 23038
14369 14379
89956 89966
25144 25154
65154 65164
482 492
93598 93608
27537 27547
85880 85890
27894 27904
95247 95257
50684 50694
12296 12306
41650 41660
70250 70260
43651 43661
10775 10785
76621 76631
9987 9997
44129 44139
34459 34469
29708 29718
75766 75776
33853 33863
33078 33088
5561 5571
57321 57331
48531 48541
20249 20259
11448 11458
97439 97449
86465 86475
49186 49196
36741 36751
80495 80505
16222 16232
15959 15969
5773 5783
14926 14936
46812 46822
38063 38073
88374 88384
42416 42426
41227 41237
65132 65142
30834 30844
6015 6025
81445 81455
89770 89780
91953 91963
90126 90136
77008 77018
17081 17091
57247 57257
3141 3151
80330 80340
52224 52234
86166 86176
27721 27731
86953 86963
58689 58699
38919 38929
81193 81203
52570 52580
93991 94001
42006 42016
57989 57999
74918 74928
88082 88092
33810 33820
18956 18966
74316 74326
71895 71905
87920 87930
7288 7298
71015 71025
87910 87920
35940 35950
8986 8996
16104 16114
41682 41692
9644 9654
67472 67482
56264 56274
81308 81318
87823 87833
76940 76950
63524 63534
89656 89666
87845 87855
48649 48659
11308 11318
37750 37760
38264 38274
68761 68771
12175 12185
7683 7693
14331 14341
47766 47776
70862 70872
23803 23813
39099 39109
97592 97602
62880 62890
68123 68133
90873 90883
36242 36252
85925 85935
79431 79441
42890 42900
7352 7362
49865 49875
48390 48400
45076 45086
49968 49978
74079 74089
93288 93298
30014 30024
14621 14631
11003 11013
8033 8043
97252 97262
40820 40830
23842 23852
96320 96330
83351 83361
19809 19819
12949 12959
19632 19642
33914 33924
57571 57581
44029 44039
58570 58580
43290 43300
36822 36832
38234 38244
60016 60026
42949 42959
14880 14890
67023 67033
99544 99554
69810 69820
40276 40286
84932 84942
81956 81966
79342 79352
37427 37437
961 971
47980 47990
63909 63919
64653 64663
64493 64503
79907 79917
37738 37748
35769 35779
38952 38962
33432 33442
69362 69372
14491 14501
29154 29164
66689 66699
85440 85450
31472 31482
14415 14425
60228 60238
559 569
92087 92097
38197 38207
51656 51666
34447 34457
26415 26425
29102 29112
83369 83379
12440 12450
63465 63475
4870 4880
45807 45817
37684 37694
15588 15598
75589 75599
66600 66610
1154 1164
79492 79502
56094 56104
28867 28877
41558 41568
32063 32073
51462 51472
71919 71929
84208 84218
23191 23201
46503 46513
37338 37348
5005 5015
7386 7396
20246 20256
56621 56631
83156 83166
42257 42267
83959 83969
29306 29316
18121 18131
35754 35764
93415 93425
58945 58955
36906 36916
46308 46318
62786 62796
94449 94459
40581 40591
5049 5059
44487 44497
59596 59606
74835 74845
86421 86431
13103 13113
10459 10469
66534 66544
83342 83352
58131 58141
65862 65872
98208 98218
1892 1902
92151 92161
19469 19479
96777 96787
52310 52320
27881 27891
71983 71993
59049 59059
83712 83722
83473 83483
65992 66002
73048 73058
64306 64316
34955 34965
53490 53500
66418 66428
32345 32355
86923 86933
44239 44249
91801 91811
27668 27678
95180 95190
11725 11735
41603 41613
83641 83651
96258 96268
33295 33305
52621 52631
53598 53608
81814 81824
92993 93003
66292 66302
24324 24334
