1 10
100 200
201 210
900 1000
255547 54861
738397 762525
332569 100475
40304 547755
97344 600754
736905 533003
890467 760109
280445 14873
864863 589137
847604 308636
365105 203385
475163 750342
507528 281912
69177 560846
737438 460224
507751 200304
503942 179210
999955 291916
963426 915046
711983 800115
799511 774584
426615 911117
830260 156591
663104 982689
62725 551230
252046 5167
250398 578548
833395 247224
810890 51264
125674 147583
169188 187993
100576 57800
206080 100098
389517 141437
511850 328699
347338 591424
572108 517924
203259 340051
845619 276316
640277 605022
933274 900365
961625 940174
682808 912487
726521 940919
125696 300300
367322 392154
600589 934901
836325 440343
281984 892908
772857 321652
603264 310332
29912 284482
740053 955959
654481 607422
402808 927687
576855 32615
676843 747382
331566 509685
543474 658105
106260 876867
17748 112145
294677 993637
546224 279122
516054 883103
422507 900468
755639 642616
498789 969946
879646 237496
398363 529413
282859 805461
767119 334868
838234 768312
841261 269881
635204 872594
754018 161846
217071 262424
555859 91033
157703 825355
880738 373280
853927 346100
555154 144183
352358 453127
217319 876025
878069 949594
190478 218187
487355 882772
437446 267666
928016 625066
412666 748357
357932 314920
23622 606081
46355 237366
715172 210937
562217 111634
898416 699334
239903 797220
559904 985171
905288 629989
907587 622923
943500 456331
336573 14984
794755 446090
830852 421413
875698 933944
156332 852328
741141 864064
846089 201490
24646 894402
30480 914201
326338 854557
622744 73461
752443 45217
235029 35389
253423 817266
470238 648243
256239 975193
911889 648949
341118 812039
217145 46851
874371 2138
207483 176477
576168 153069
746924 629444
975808 549676
499547 460176
586928 510727
365989 900938
421193 822721
512912 318772
151430 915542
429899 300219
833763 801113
375043 559296
603221 308887
903440 830010
168416 820972
912118 26775
248241 534875
780393 734390
317230 263282
736426 523849
156038 918020
538763 681021
739690 119251
925872 682363
938588 821178
57248 155104
355920 451971
346357 118944
380004 828308
668737 22098
191196 23909
917830 456619
30427 446577
276602 466231
510022 609764
374786 44480
127357 472345
709593 761837
428050 764216
321982 457448
457733 415570
741086 584549
240130 64104
636172 108151
24013 627139
448487 819378
952754 94559
514627 552966
627571 23685
838565 72710
759207 698632
721223 324231
732653 554405
914497 345258
445666 259930
830887 370685
224208 804406
610405 572986
966571 37817
523173 438143
922849 379134
269163 993052
677509 824688
225749 972461
970247 964383
589271 541794
963921 444861
658588 376802
448219 206447
216548 741787
253904 864612
79630 705240
844804 806926
406460 785010
653384 932887
282705 124748
230611 476725
432833 769146
691947 22223
648491 727574
258703 643780
668759 294055
917606 89407
799302 526059
351321 59028
515448 875443
328798 925400
658466 711921
686710 695177
604840 882766
881862 614073
965097 512033
849341 582782
951726 958391
562321 469264
545027 222730
256801 478175
981185 125053
758206 969708
888681 254673
726640 507767
607097 38639
923742 461356
836685 270305
796452 183273
787537 93327
771647 646621
423980 745931
660472 432365
232805 336105
482344 130087
183220 540446
835969 539311
191894 397720
668360 540198
458252 302750
922720 140107
493164 897071
82192 996475
528436 799878
68843 666652
265017 26079
305925 941778
594608 497876
6270 884487
12337 272078
910886 609157
927454 977457
769142 418636
974489 484743
825600 642810
729076 16461
458413 412069
940656 744593
900354 642691
508539 421161
665928 711333
948289 740104
906623 652291
22180 938437
421281 223868
540463 610455
459666 859131
79447 830856
774710 341557
507905 460945
602547 27486
765067 946680
379320 575014
291490 8109
39885 432888
878314 366849
685926 793176
470977 61563
259603 317923
640156 960950
613778 712697
15767 799616
30951 138869
969072 434222
810459 531698
223472 45669
17102 122683
876315 697614
864243 852395
522062 2447
490587 903903
781396 642941
82180 287137
561389 151076
389856 260956
798581 655150
697201 392384
269850 272059
205248 221440
295181 443754
617523 825162
801993 795161
432645 55886
272401 25435
81626 866522
552819 935248
583097 929539
369556 939870
832097 706528
664588 321110
986700 231698
542407 30806
671608 135324
701897 74288
879004 852132
716421 374407
514323 534786
420810 544951
508231 924107
965723 186914
296003 315313
807826 161847
251591 803570
18523 793641
356101 192275
814463 103357
978975 303998
139806 991349
155119 946652
463248 746689
152296 456456
692057 386018
440516 564398
250876 102239
398782 314401
924812 538054
224438 899058
24340 690153
546474 572749
793804 996961
186568 252173
755799 566118
360233 20743
860498 557512
365358 515999
891969 453417
466529 98158
572792 319446
250938 773075
203824 188276
205284 74371
477655 382723
642977 497171
312379 935538
397075 619816
166501 260372
886781 750147
316344 881689
263944 789375
4068 340956
350902 19253
197420 362278
992131 687226
941586 982700
259552 589403
929037 630745
674984 332674
965015 71286
243090 594952
464292 725711
624344 496505
979138 123384
219869 145507
28886 143738
288679 527395
178287 267909
472725 170316
394832 274610
266248 437894
204477 687074
33392 875734
60723 806148
151581 769530
643749 349239
738117 960342
514328 555611
203549 6555
661474 115607
567755 982210
3316 434695
73316 557871
827429 552791
135642 522858
489867 505168
80442 576654
431403 33279
436507 42441
714977 332184
775426 137231
840132 955839
219710 570685
548210 92282
776966 538714
696328 167888
600101 628113
48704 143126
122227 754944
10597 921856
769759 22083
913198 12008
618381 300263
447019 947576
923907 412180
236859 10137
933714 30648
353174 472740
764286 789480
762700 929758
416580 649749
335398 273436
193254 264233
45367 531126
880479 939342
430041 86816
61911 806478
205073 776366
843537 983749
171520 967910
85511 834145
197460 17255
960681 907738
107943 422624
289464 793144
775174 593949
636778 897451
565081 398962
599189 124005
566938 551692
59027 523880
709475 468482
437113 259577
949888 432542
136885 638421
211460 780040
440087 548326
640974 349133
87800 360053
58882 617837
660515 247765
183193 797518
657041 923649
322293 645809
864456 982540
752439 916113
209909 408972
922402 170391
790003 311715
960757 147785
184592 619876
700573 3675
479203 299770
581768 512097
643973 633247
343133 759015
46806 235865
374066 944768
914647 787209
960290 661084
499125 895883
428350 411350
551441 128139
370433 202439
466290 991787
714082 752174
115715 586006
390594 228605
961170 702833
751452 465589
505731 397585
683855 283724
528246 433155
584430 886526
827359 547051
964490 298792
395732 190269
480678 467418
43415 243516
611606 954518
494195 229009
34123 118500
889898 705007
992075 300833
454983 855443
595950 814543
797424 768448
43545 465089
951732 535291
209812 925021
806124 95150
918290 530969
998224 701382
477030 974770
712292 991360
738706 920145
65898 904670
27570 792154
935065 113386
765213 858710
134276 203355
522569 251777
841422 576846
527357 760428
37590 934636
364205 68770
517767 239547
718886 608814
720902 263613
538682 351679
226396 177557
907588 670096
268987 153893
268110 870999
35116 623969
360664 119066
821257 654412
397069 250367
358305 889918
536427 409883
736025 647015
689636 537460
397687 37355
43100 473823
617370 449319
462649 861624
721114 323130
115495 76040
67895 917395
231002 135267
467623 683910
910364 913346
280660 942798
290739 6036
917061 781449
171186 285056
833567 488472
415736 516831
412552 377769
63190 418919
299479 558077
93755 180667
874086 59750
229379 784169
535356 743240
977643 427428
391524 582696
368352 973737
763689 243298
477457 629533
635284 352371
884686 987641
809511 502033
669310 163560
72994 815071
412679 999588
106271 855946
946705 214841
230403 775238
264222 938833
333841 838600
90139 282084
484820 910157
101590 469306
801961 35559
680769 589021
129362 1273
385918 198052
942367 634455
33910 860141
696306 651643
402171 195012
522924 64722
78153 167531
777804 509078
911355 156174
447009 371512
855879 805845
832268 264475
730779 792131
251453 218342
570958 402451
714681 944908
793134 274063
666303 662994
359403 719771
919135 270967
485174 819198
849701 101199
208775 856853
771868 97920
316779 747756
161149 22636
702101 807213
63079 210189
221186 593434
586448 473785
512109 579954
855812 988704
37165 99438
177591 372155
821541 341229
460179 720641
973916 182114
120892 66421
95336 283047
811209 571094
109484 194197
296627 787012
880463 176467
738611 486204
223459 69712
443479 881657
559185 816219
866713 547267
514741 182560
291053 980451
231531 813765
132880 545378
5169 822
273759 484948
152763 445847
162676 796113
679774 868807
689333 25820
401616 515544
990066 463798
664449 498873
415276 783619
705097 432875
860921 914894
991816 5070
546506 817167
595610 971974
108122 870025
756070 560610
567485 794105
326216 411874
336543 374181
707581 11215
922121 768134
219773 17923
406184 854631
588031 26368
94708 897478
377768 70878
951747 786075
756883 620497
565205 249110
924609 900688
426927 732559
909938 126123
252114 83248
213155 632013
911708 785703
940788 951006
306260 262684
667276 598506
170940 668755
245924 701321
368733 681450
187213 632890
702473 26005
24296 502889
656292 857369
293526 689851
763145 667103
372096 602498
487501 83014
435413 508798
610886 785793
223552 581352
112876 779611
139172 273503
451237 422616
438511 762666
962338 948412
922600 475663
826548 691093
587592 645448
673240 864077
151097 439408
436157 536930
235691 446497
512254 404586
261263 213796
625806 49777
774619 82644
54398 662226
27779 790313
34602 597066
105659 175275
232489 730164
799329 852422
137779 299464
722809 909164
120297 809163
879365 514184
673562 617475
997515 827639
62682 28947
477495 754986
192405 68709
715650 896126
16005 628767
907259 507407
216884 345370
167540 416097
212074 391686
956093 605248
750530 351473
341809 621445
508931 477113
603253 48767
123879 929335
23826 39332
41739 46136
511479 294146
416023 294871
849536 947529
37069 324159
968185 524212
939946 451214
615450 510284
903849 995394
201957 107460
529919 100207
395593 424751
964279 73729
250130 702395
619240 821285
266165 160009
437969 644511
803238 714234
346601 537285
688721 120701
542600 121768
702116 60995
179361 536713
852633 317329
824382 915399
13423 456000
792007 572000
527629 375227
81589 652882
859384 663831
188083 803282
227181 964256
494451 350003
427522 436769
303873 607220
733524 981243
824694 175161
836163 88740
582108 520416
285096 67197
798000 701768
781502 913812
254000 836935
977166 291335
32664 793276
141993 906254
317853 629472
176445 83948
127745 515375
965870 489216
452563 213699
455 750137
773978 719866
517562 209039
354269 325319
162432 146457
734 194774
308783 602228
234441 529351
732556 352489
922314 525201
290092 692136
467691 631199
616279 419381
596839 59479
628690 822371
627582 109010
800541 527384
861050 625126
748243 783967
398719 836868
668643 134416
254264 889162
556507 443351
103404 618358
934577 947686
394792 507292
36549 328129
831132 300015
997567 800408
422092 456515
627322 877738
409218 484206
767638 765635
367933 195659
69399 315971
702827 110969
262955 89251
569862 548402
641633 352434
982692 428336
529749 774137
490247 453288
964529 169945
348801 120683
685584 897564
554178 975287
796112 404916
448338 614625
136761 993823
869512 223413
496062 77748
976150 831997
270642 84143
942343 68948
83910 680267
696033 909451
173659 185904
751165 808790
67068 877238
971109 654189
175807 383206
793035 168465
464480 528982
41577 755385
272398 790796
964987 289330
701665 992133
538124 20801
723845 993408
394005 594497
302947 905559
969272 158155
384276 792531
578818 678016
556643 918491
170945 870749
559745 342645
456809 611837
578993 67872
956539 286901
446831 8950
259310 315096
452620 761976
455765 992713
452391 528632
268576 880246
365286 577319
880567 187700
945275 307675
839704 562
924739 325895
706375 732813
240753 935274
300798 893571
75433 99763
506988 110388
868458 247863
594639 364906
292883 250028
931362 565557
424618 524802
775160 907147
981467 507240
560588 948643
559358 647741
721997 978159
251427 700233
633334 28079
899853 305706
686397 853471
500867 780459
878046 293371
960113 577925
531775 697215
478526 108827
940173 517655
338190 476439
782182 746170
753104 212081
142707 599354
751572 280515
841990 751429
764926 465762
568324 452497
711556 744905
47 72236
885722 410772
701386 965193
887386 513974
81614 66503
162309 660572
118116 295835
460920 323731
861334 672557
669951 606051
963199 26524
22628 823794
600542 326646
651176 375100
201108 943276
809682 101318
322177 610717
865848 753905
880430 462521
336941 238928
686589 275025
828248 27014
899472 973442
721589 488669
581517 530082
856973 943193
11431 615674
252225 894022
789521 752489
113412 264101
57406 261896
3180 442008
346148 999173
54594 602833
665542 724854
544843 77414
452116 974576
976187 509337
904575 458341
50769 161172
52791 345307
571421 9762
630061 271659
352370 204922
448252 546805
681729 56746
511589 827110
741949 963789
547204 476534
664877 597689
979225 940034
574868 219408
628038 718245
56365 218037
577507 950927
971639 835230
720318 191842
449894 566614
465236 689181
170694 916128
969960 373366
772656 20021
49375 797958
332654 154355
601410 479653
381249 293145
991314 439748
846835 693861
340074 262173
653993 952810
73796 652135
440809 95027
408305 304598
5418 41584
666781 873295
643779 231818
458216 968622
498724 268799
780527 406770
404554 203416
54604 382568
481974 475797
944175 845043
914916 592336
571259 117312
923815 332430
398112 721443
939140 651081
613954 444053
374509 471870
338398 909912
200470 249348
333383 318465
728037 520728
201543 542175
625317 663831
241338 485758
211090 731541
227896 461827
495962 542639
393394 351182
274688 174636
791956 484884