1 10
100 200
201 210
900 1000
523 447
667 685
438 983
97 96
804 807
787 662
199 424
876 269
376 832
385 807
997 384
553 354
820 789
962 19
294 438
977 38
655 400
793 812
610 217
733 881
521 383
464 760
146 348
57 686
774 777
437 800
835 308
125 322
65 247
838 278
337 334
950 572
968 285
900 956
204 900
601 445
14 800
979 73
373 134
121 95
659 575
280 724
321 707
771 256
454 675
561 465
300 383
425 958
491 504
128 913
687 900
635 577
157 500
944 323
755 323
166 493
965 341
734 152
107 857
265 991
256 341
472 224
429 957
51 405
540 279
569 199
705 494
734 337
10 528
587 300
704 502
623 260
45 784
922 14
117 547
874 532
370 737
951 535
727 267
746 688
998 276
947 875
413 741
342 344
906 240
967 55
528 620
373 55
474 117
354 204
428 20
339 443
537 434
338 930
302 69
481 361
965 436
553 719
894 741
96 611
361 753
593 880
119 232
853 483
814 998
912 972
746 345
255 271
168 422
349 438
190 719
772 485
231 612
381523 235447
898667 347685
714438 249983
401097 72096
707804 555807
189787 593662
883199 449424
461876 472269
808376 325832
718385 471807
905997 662384
944553 34354
466820 689789
384962 141019
636294 243438
202977 977038
354655 26400
212793 880812
472610 787217
25733 411881
388521 718383
688464 216760
217146 464348
411057 105686
624774 123777
684437 490800
413835 215308
139125 694322
975065 482247
884838 111278
444337 477334
327950 393572
272968 390285
78900 299956
12204 41900
583601 228445
830014 543800
630979 1073
257373 470134
109121 739095
250659 709575
842280 873724
61321 263707
778771 215256
196454 766675
983561 829465
609300 115383
181425 310958
805491 127504
500128 964913
455687 788900
183635 142577
732157 143500
877944 103323
287755 262323
640166 727493
590965 919341
122734 632152
304107 559857
520265 963991
970256 140341
871472 630224
745429 785957
111051 421405
665540 857279
261569 306199
239705 708494
810734 605337
320010 206528
713587 208300
793704 494502
27623 850260
358045 667784
674922 393014
732117 240547
998874 178532
85370 492737
633951 198535
40727 161267
811746 11688
643998 415276
881947 382875
849413 655741
694342 382344
744906 11240
750967 348055
669528 323620
2373 600055
529474 27117
448354 920204
984428 742020
3339 571443
614537 983434
717338 986930
506302 206069
503481 783361
828965 307436
261553 708719
734894 12741
856096 2611
107361 193753
779593 708880
69119 119232
894853 64483
895814 461998
701912 160972
873746 930345
988255 481271
643168 422
77349 818438
158190 302719
234772 267485
15231 870612
291528 179785
177274 127227
924287 306190
941746 557093
133741 109387
616001 534478
269036 632908
472909 60448
338193 591660
207596 443749
985818 346533
879908 226279
170051 835318
494859 700071
570039 771887
38477 267382
61284 819356
853260 834034
160103 538124
388194 538976
356007 211645
936577 739107
745790 975909
36860 469847
681105 244831
270047 603213
305920 695025
825336 135779
854265 633526
521657 420478
49831 151852
364725 573223
478216 591580
865736 899391
816093 377698
179092 400160
643194 658136
774757 916114
371901 71907
490806 214439
111515 166553
65549 600436
315478 873934
109825 84972
620171 161210
489180 974298
2215 851720
284379 599738
583674 967101
956434 711605
608292 677507
443628 940600
842155 523538
44241 600304
472815 153594
838048 914148
727924 751311
739675 803118
326239 458801
69410 831703
533116 901046
694936 885326
159740 351671
518114 941061
699452 753588
217358 280105
618688 39716
326928 517948
358782 823134
43943 502480
305751 734237
19678 688673
767073 663667
663854 788560
594527 239757
909056 680312
248914 816607
933521 219951
562152 467180
303471 756315
335955 932979
886176 95342
213237 618489
296417 528447
649655 139824
996620 371782
261945 939329
391251 561012
500515 899195
795112 978221
978522 952023
620287 57763
678927 968103
657259 312784
264689 504603
148005 160783
316419 861744
287532 715288
971976 759606
393606 222870
397914 922236
299684 892711
516442 48922
514915 78960
87361 334042
667119 615065
191125 165443
2562 713964
79480 55684
719946 45062
397530 720378
63145 967607
859023 125022
211158 663740
634684 931662
173088 501206
115178 385078
66515 456774
416316 763547
557875 256168
157693 348356
139877 629289
226707 722053
340910 804455
438225 952233
249298 319523
30824 701755
144478 38181
195196 524849
566722 186029
444181 912694
488854 944273
715116 15186
961725 485176
643494 131769
588071 25521
515677 650925
297072 10353
768985 528912
867174 179047
284829 843594
651560 506302
260062 985747
469225 852271
662159 304029
377364 251135
152343 268385
522 20316
447652 326981
196102 789648
436121 815783
443490 266784
122403 916041
69362 583747
969001 833561
746702 938370
216865 743835
326574 183401
776896 181365
372846 817639
978825 634903
115376 927559
841991 118405
108640 365003
517398 27394
946323 804450
584539 502298
949641 379271
453139 268748
103441 228662
40713 789331
365003 843530
464482 101584
965961 299128
529490 781014
591887 283042
381489 598481
827514 423833
927848 743379
577213 170994
415557 77373
868934 438275
583919 69702
808767 75963
879603 164075
709872 951323
292092 19635
623489 862869
523105 428574
979997 694527
450073 958826
236915 708980
877450 108353
53398 149960
6078 381890
970820 461605
903350 195562
522756 346374
979737 900511
222760 591824
361221 369369
187506 464648
6535 151981
116947 120885
373989 306679
540303 949651
690264 607204
180732 188977
489239 841306
278825 279976
235726 384452
877082 114296
905134 545981
950962 142720
353565 629976
285930 80858
30606 20490
161277 172625
661676 89333
771046 82367
903600 97041
914753 106184
505363 811257
727630 965101
100445 949200
371477 498957
830363 655630
9123 448126
856814 580458
557106 744964
50752 811046
627814 74540
833298 264754
263860 79240
580273 832958
845213 877063
296392 962271
705624 844720
130062 626845
148878 326715
226720 908375
166015 120332
401769 322323
446210 175501
996669 450598
271657 594023
130181 113596
113283 547228
767381 977733
477883 134852
885786 722492
879197 670241
528303 8981
929017 309473
688654 682051
179104 666993
904739 666659
162379 453049
381116 755592
852508 74487
209565 156260
979772 908347
343345 956367
603363 461181
471706 485047
109430 441686
955433 965861
554058 493921
29865 423272
95622 616559
809238 213088
248103 726433
22699 829800
177246 55398
390297 367713
350356 385170
748179 747224
174157 329175
499014 189523
544426 49378
701415 939773
101960 60308
47140 749931
45895 91291
384636 595722
551013 911597
592554 890919
640840 543201
801469 178203
239514 624234
658051 148305
240846 246704
925859 614198
901890 829388
308170 660859
716221 577952
184766 221194
367063 511698
5710 575619
614136 901667
615466 173937
333624 980079
382927 951502
909222 688579
684570 321199
373540 450710
935294 41101
993392 309350
915409 545586
936317 751729
647233 734525
291903 748300
47139 325649
553734 363938
241004 173728
846082 895117
87864 366223
259557 217738
279368 280263
342886 45724
829769 485400
142753 864256
357135 608841
631643 583432
257889 226432
308324 77911
268845 504074
24213 62456
838364 573064
769081 259803
7360 259703
136008 547628
484842 878490
74126 342993
95961 316550
109995 69761
74893 669514
81011 275772
836793 924345
741238 750698
124502 150293
480921 637780
865556 114649
809059 508025
807083 11234
155796 250958
733008 640188
173359 280406
882500 749445
346585 116569
513350 716096
809882 878596
21609 253369
400704 790813
987968 815120
422946 359776
804853 809763
883202 287739
260921 975708
760780 559203
745749 282964
166331 638481
618016 387426
345371 7005
929801 851717
915241 352245
614100 513321
440982 955898
44386 522457
621290 291191
964648 366850
933062 385918
301122 299936
603970 578273
273632 533832
861044 464650
115358 240016
948562 283512
536946 751006
17967 46486
96383 193164
461281 771258
641862 459893
617092 782903
933756 744799
860119 668319
894774 715013
269187 256600
893888 913087
993788 390745
290830 903376
923201 14978
126346 790988
9917 227990
955340 588388
763792 726166
540904 465871
763815 795002
209824 895831
297031 271694
399354 516158
592746 106728
682285 611723
828800 725058
35893 950068
910358 161400
30790 671657
162964 917215
197341 823035
607456 850943
667249 728999
533921 899439
14728 264515
149022 665036
634855 862276
180868 905301
370786 239337
689990 741350
533841 829768
78623 595215
930019 39283
257843 976529
433036 849415
699027 746996
337370 612241
671135 400264
350374 144540
227654 506038
451557 297691
424298 403265
819038 517871
135902 613855
27446 806422
793681 175662
657703 760114
878532 974421
820751 221425
300343 673080
835940 708381
110946 540439
454982 824194
198303 929220
73069 118263
624229 694527
526977 6987
620974 164847
158793 574798
354618 808511
626171 611321
936429 759123
818098 944698
136404 763110
518909 58144
269317 72066
216339 215072
828836 381978
41765 166722
599618 771975
586252 253163
359775 889117
453026 793479
738384 980330
34092 874898
960636 667787
606900 470916
696320 627370
545398 671895
830067 737687
156208 506486
679747 988482
814748 737220
678462 631891
201018 952965
869037 260326
148934 60909
233499 451430
709962 750083
198387 792389
907020 985458
412039 548949
496167 556396
850349 116166
652727 638075
713028 255868
42286 170086
907540 923084
110020 444540
1523 5447
8667 7685
4438 9983
1097 2096
7804 5807
9787 3662
3199 9424
1876 2269
8376 5832
8385 1807
5997 2384
4553 4354
6820 9789
4962 1019
6294 3438
2977 7038
4655 6400
2793 812
2610 7217
5733 1881
8521 8383
8464 6760
7146 4348
1057 5686
4774 3777
4437 800
3835 5308
9125 4322
5065 2247
4838 1278
4337 7334
7950 3572
2968 285
8900 9956
2204 1900
3601 8445
14 3800
979 1073
7373 134
9121 9095
659 9575
2280 3724
1321 3707
8771 5256
6454 6675
3561 9465
9300 5383
1425 958
5491 7504
128 4913
5687 8900
3635 2577
2157 3500
7944 3323
7755 2323
166 7493
965 9341
2734 2152
4107 9857
265 3991
256 341
1472 224
5429 5957
1051 1405
5540 7279
1569 6199
9705 8494
734 5337
10 6528
3587 8300
3704 4502
7623 260
8045 7784
4922 3014
2117 547
8874 8532
5370 2737
3951 8535
727 1267
1746 1688
3998 5276
1947 2875
9413 5741
4342 2344
4906 1240
967 8055
9528 3620
2373 55
9474 7117
8354 204
4428 2020
3339 1443
4537 3434
7338 6930
6302 6069
3481 3361
8965 7436
1553 8719
4894 2741
6096 2611
7361 3753
9593 8880
9119 9232
4853 4483
5814 1998
1912 972
3746 345
8255 1271
3168 422
7349 8438
8190 2719
4772 7485
5231 612
1528 9785
7274 7227
4287 6190
1746 7093
3741 9387
6001 4478
9036 2908
2909 448
8193 1660
7596 3749
5818 6533
9908 6279
51 5318
4859 71
39 1887
8477 7382
1284 9356
3260 4034
103 8124
8194 8976
6007 1645
6577 9107
5790 5909
6860 9847
1105 4831
47 3213
5920 5025
5336 5779
4265 3526
1657 478
9831 1852
4725 3223
8216 1580
5736 9391
6093 7698
9092 160
3194 8136
4757 6114
1901 1907
806 4439
1515 6553
5549 436
5478 3934
9825 4972
171 1210
9180 4298
2215 1720
4379 9738
3674 7101
6434 1605
8292 7507
3628 600
2155 3538
4241 304
2815 3594
8048 4148
7924 1311
9675 3118
6239 8801
9410 1703
3116 1046
4936 5326
9740 1671
8114 1061
9452 3588
7358 105
8688 9716
6928 7948
8782 3134
3943 2480
5751 4237
9678 8673
7073 3667
3854 8560
4527 9757
9056 312
8914 6607
3521 9951
2152 7180
3471 6315
5955 2979
6176 5342
3237 8489
6417 8447
9655 9824
6620 1782
1945 9329
1251 1012
515 9195
5112 8221
8522 2023
287 7763
8927 8103
7259 2784
4689 4603
8005 783
6419 1744
7532 5288
1976 9606
3606 2870
7914 2236
9684 2711
6442 8922
4915 8960
7361 4042
7119 5065
1125 5443
2562 3964
9480 5684
9946 5062
7530 378
3145 7607
9023 5022
1158 3740
4684 1662
3088 1206
5178 5078
6515 6774
6316 3547
7875 6168
7693 8356
9877 9289
6707 2053
910 4455
8225 2233
9298 9523
824 1755
4478 8181
5196 4849
6722 6029
4181 2694
8854 4273
5116 5186
1725 5176
3494 1769
8071 5521
5677 925
7072 353
8985 8912
7174 9047
4829 3594
1560 6302
62 5747
9225 2271
2159 4029
7364 1135
2343 8385
522 316
7652 6981
6102 9648
6121 5783
3490 6784
2403 6041
9362 3747
9001 3561
6702 8370
6865 3835
6574 3401
6896 1365
2846 7639
8825 4903
5376 7559
1991 8405
8640 5003
7398 7394
6323 4450
4539 2298
9641 9271
3139 8748
3441 8662
713 9331
5003 3530
4482 1584
5961 9128
9490 1014
1887 3042
1489 8481
7514 3833
7848 3379
7213 994
5557 7373
8934 8275
3919 9702
8767 5963
9603 4075
9872 1323
2092 9635
3489 2869
3105 8574
9997 4527
73 8826
6915 8980
7450 8353
3398 9960
6078 1890
820 1605
3350 5562
2756 6374
9737 511
2760 1824
1221 9369
7506 4648
6535 1981
6947 885
3989 6679
303 9651
264 7204
732 8977
9239 1306
8825 9976
5726 4452
7082 4296
5134 5981
962 2720
3565 9976
5930 858
606 490
1277 2625
1676 9333
1046 2367
3600 7041
4753 6184
5363 1257
7630 5101
445 9200
1477 8957
363 5630
9123 8126
6814 458
7106 4964
752 1046
7814 4540
3298 4754
3860 9240
273 2958
5213 7063
6392 2271
5624 4720
62 6845
8878 6715
6720 8375
6015 332
1769 2323
6210 5501
6669 598
1657 4023
181 3596
3283 7228
7381 7733
7883 4852
5786 2492
9197 241
8303 8981
9017 9473
8654 2051
9104 6993
4739 6659
2379 3049
1116 5592
2508 4487
9565 6260
9772 8347
3345 6367
3363 1181
1706 5047
9430 1686
5433 5861
4058 3921
9865 3272
5622 6559
9238 3088
8103 6433
2699 9800
7246 5398
297 7713
356 5170
8179 7224
4157 9175
9014 9523
4426 9378
1415 9773
1960 308
7140 9931
5895 1291
4636 5722
1013 1597
2554 919
840 3201
1469 8203
9514 4234
8051 8305
846 6704
5859 4198
1890 9388
8170 859
6221 7952
4766 1194
7063 1698
5710 5619
4136 1667
5466 3937
3624 79
2927 1502
9222 8579
4570 1199
3540 710
5294 1101
3392 9350
5409 5586
6317 1729
7233 4525
1903 8300
7139 5649
3734 3938
1004 3728
6082 5117
7864 6223
9557 7738
9368 263
2886 5724
9769 5400
2753 4256
7135 8841
1643 3432
7889 6432
8324 7911
8845 4074
4213 2456
8364 3064
9081 9803
7360 9703
6008 7628
4842 8490
4126 2993
5961 6550
9995 9761
4893 9514
1011 5772
6793 4345
1238 698
4502 293
921 7780
5556 4649
9059 8025
7083 1234
5796 958
3008 188
3359 406
2500 9445
6585 6569
3350 6096
9882 8596
1609 3369
704 813
7968 5120
2946 9776
4853 9763
3202 7739
921 5708
780 9203
5749 2964
6331 8481
8016 7426
5371 7005
9801 1717
5241 2245
4100 3321
982 5898
4386 2457
1290 1191
4648 6850
3062 5918
1122 9936
3970 8273
3632 3832
1044 4650
5358 16
8562 3512
6946 1006
7967 6486
6383 3164
1281 1258
1862 9893
7092 2903
3756 4799
119 8319
4774 5013
9187 6600
3888 3087
3788 745
830 3376
3201 4978
6346 988
9917 7990
5340 8388
3792 6166
904 5871
3815 5002
9824 5831
7031 1694
9354 6158
2746 6728
2285 1723
8800 5058
5893 68
358 1400
790 1657
2964 7215
7341 3035
7456 943
7249 8999
3921 9439
4728 4515
9022 5036
4855 2276
868 5301
786 9337
9990 1350
3841 9768
8623 5215
19 9283
7843 6529
3036 9415
9027 6996
7370 2241
1135 264
374 4540
7654 6038
1557 7691
4298 3265
9038 7871
5902 3855
7446 6422
3681 5662
7703 114
8532 4421
751 1425
343 3080
5940 8381
946 439
4982 4194
8303 9220
3069 8263
4229 4527
6977 6987
974 4847
8793 4798
4618 8511
6171 1321
6429 9123
8098 4698
6404 3110
8909 8144
9317 2066
6339 5072
8836 1978
1765 6722
9618 1975
6252 3163
9775 9117
3026 3479
8384 330
4092 4898
636 7787
6900 916
6320 7370
5398 1895
67 7687
6208 6486
9747 8482
4748 7220
8462 1891
1018 2965
9037 326
8934 909
3499 1430
9962 83
8387 2389
7020 5458
2039 8949
6167 6396
349 6166
2727 8075
3028 5868
2286 86
7540 3084
20 4540