4738 4823 
8953 8651 
6921 7527 
8286 8354 
5255 5681 
2913 3255 
3019 3371 
5094 5258 
6755 7739 
3529 4401 
640 826 
6997 7873 
6394 7248 
8571 9063 
6491 6987 
266 320 
6851 7721 
6836 7469 
2118 2159 
930 1498 
7126 8046 
970 1636 
7793 8566 
7185 7439 
8906 9511 
5659 5991 
2582 3567 
1435 1660 
338 639 
7578 8454 
7143 7813 
6085 6166 
4789 5425 
6795 7161 
4100 4216 
2308 2801 
2567 3114 
400 1057 
3395 3733 
3938 4717 
382 1120 
3850 4285 
7308 7976 
8966 9877 
3318 3749 
2502 3322 
446 513 
512 855 
6564 6880 
170 900 
6031 6376 
6946 7411 
2781 3513 
960 1874 
8985 9720 
6506 7221 
8549 9054 
359 905 
696 1208 
8559 9402 
1927 2521 
8529 8923 
1732 1998 
7606 8320 
7348 7496 
4017 4029 
7280 7296 
1007 1094 
6337 6639 
1294 1462 
918 1665 
748 1256 
3211 3241 
1382 2156 
7458 8320 
4946 5782 
31 1013 
8783 9250 
4518 4835 
7086 7915 
224 550 
4274 4581 
1095 1115 
8647 9087 
4273 4721 
1785 2142 
2796 3284 
2686 3130 
665 1286 
913 1675 
5008 5193 
2563 2852 
7362 7540 
857 1622 
3794 4784 
2775 3084 
4101 4238 
2603 2962 
3330 4042 
3628 4105 
221 977 
823 1528 
1999 2399 
6050 6866 
7575 8292 
4841 5695 
6877 7403 
8704 9474 
835 1435 
5149 5697 
5531 6362 
2700 2955 
5973 6147 
2856 3331 
4581 4696 
4935 5683 
5951 6086 
1874 2691 
6292 7243 
4668 4926 
8941 9502 
2508 2779 
1970 2927 
89 229 
5829 6756 
4459 4956 
1189 1787 
22 98 
6515 6936 
4494 5206 
3415 4267 
955 1712 
242 504 
2372 2595 
4806 5363 
8429 8660 
1605 2549 
5623 6177 
4232 5125 
433 593 
5003 5438 
451 731 
6104 6216 
1383 1890 
6402 7010 
8772 9190 
361 389 
7211 8007 
3637 3737 
4162 4366 
1678 1880 
7246 8019 
5611 5898 
912 1661 
665 1388 
1906 2608 
3263 4179 
8887 9428 
8853 8892 
4071 4333 
1202 1818 
7074 7530 
7625 7831 
8189 8824 
8923 9247 
7732 8692 
1000 1624 
1912 1934 
934 1696 
7454 8246 
4168 4198 
4293 5285 
8743 8920 
7880 8204 
2479 2761 
2883 3447 
3823 4791 
2269 2512 
299 1272 
1739 2568 
1839 1906 
7851 8025 
508 732 
6475 6778 
615 932 
3038 3858 
8346 9285 
3296 3938 
8539 8586 
1745 1779 
2157 2411 
2727 3656 
2613 2933 
5456 6202 
3482 4234 
6188 7128 
4694 5408 
5185 5396 
8858 9518 
6641 6915 
1648 2607 
5338 6011 
2067 2676 
3140 3855 
7837 8468 
654 693 
6540 6941 
4002 4458 
5404 6247 
6119 6482 
1708 1835 
2235 2351 
2404 2523 
8630 9111 
4136 4327 
5791 5896 
1009 1561 
833 1582 
7790 8233 
1709 2227 
2913 3180 
1679 2339 
8797 9673 
6633 7371 
194 214 
2116 2131 
4090 4196 
5330 6019 
5825 6633 
2812 3166 
8262 8890 
6827 7029 
4787 5726 
374 1064 
5687 6451 
4261 5066 
1472 1587 
54 102 
5674 5957 
527 586 
7468 7705 
1824 2623 
1048 1603 
6079 6997 
6170 6530 
7916 8331 
5521 5955 
8758 9275 
1432 1997 
7940 8045 
8241 9006 
775 837 
3197 3274 
2066 2287 
1571 1817 
8793 9453 
2262 2966 
8624 8800 
2827 3475 
4237 4561 
2624 2692 
8485 9183 
2953 3307 
3509 3734 
5405 6177 
5559 5862 
8706 9647 
5442 6209 
4189 4366 
5831 6206 
1101 1718 
2826 3082 
1299 1494 
727 1658 
5183 6059 
7176 8082 
2173 2517 
1007 1803 
2936 3105 
6538 6858 
7047 7099 
7042 7222 
6458 7147 
3714 4427 
8020 8304 
1463 2103 
6253 7078 
6537 7462 
3767 4093 
5731 6648 
257 717 
1812 2307 
4626 5403 
4582 5435 
7415 8076 
958 1547 
2246 2391 
247 655 
5539 5605 
4408 4458 
4588 5498 
7735 8689 
1160 1744 
3448 3905 
567 651 
7931 8392 
7141 7336 
6305 6355 
6617 7214 
1412 2031 
1037 1814 
1498 1523 
4423 4751 
6042 6148 
5785 6040 
8577 9375 
7320 7516 
6269 6519 
617 949 
7462 7853 
6923 7001 
8031 8693 
4166 4675 
1889 2835 
4253 4570 
6817 6883 
2697 2821 
2628 2994 
4113 4986 
2139 2686 
1121 2098 
5327 5969 
3086 3533 
1977 2279 
3315 3911 
7938 8483 
3862 4756 
3332 3981 
6363 6984 
6839 7346 
8521 9032 
962 1343 
1000 1013 
3394 3830 
3259 3475 
66 429 
4277 4955 
6875 7591 
5017 5264 
5120 6023 
6319 7028 
6597 7465 
8057 8414 
6236 6241 
3179 3993 
4065 4682 
5760 6547 
7973 8634 
5643 6386 
5926 6314 
7900 8330 
7336 7838 
5439 5545 
1624 2207 
8119 8706 
3843 4390 
1803 2439 
3648 3897 
8398 9031 
337 361 
8015 8835 
8332 8806 
6456 7092 
8563 8671 
676 1258 
6057 6745 
5537 5782 
2837 3307 
3662 3772 
6488 6542 
8230 8471 
5248 5943 
8800 9165 
4949 5520 
864 1764 
4832 4980 
3743 3976 
4655 5331 
8498 9253 
7353 8303 
6737 7015 
2807 3506 
5834 6363 
5334 5909 
4159 5083 
307 345 
7210 7790 
1452 1843 
8505 8532 
6293 6939 
5742 6648 
249 893 
3318 4083 
7711 8420 
6150 6603 
6046 6254 
7504 8502 
7244 7847 
8551 9329 
1864 2381 
459 969 
4128 4344 
4751 5741 
8734 8823 
6036 6306 
1654 2595 
8153 9031 
292 308 
861 1115 
8342 8856 
8122 8208 
4953 5741 
2271 2601 
7994 8603 
833 1456 
2561 3072 
56 791 
8958 9883 
6324 7007 
3119 3210 
2750 2849 
3167 3645 
730 1696 
7429 8399 
8487 9408 
2655 3283 
3164 3719 
2267 2707 
4861 5722 
1313 1656 
5175 5404 
4012 4979 
4617 4900 
4093 4131 
6720 6975 
8356 8977 
6039 6549 
8401 8730 
3009 3304 
2414 2811 
4605 4738 
4163 4735 
705 1200 
4286 5209 
1747 2511 
8286 8476 
6498 7321 
6208 6515 
1325 1371 
7112 7534 
5540 6012 
5543 5548 
6021 6866 
3405 4213 
2777 3111 
2610 3316 
1888 2172 
6233 6386 
4285 5277 
5185 5670 
4145 4837 
982 1081 
7852 8033 
789 1760 
5518 5618 
5250 6128 
8425 8563 
7694 7950 
3766 4332 
8533 9358 
7917 8887 
5008 5725 
8998 9508 
6453 7189 
790 1437 
7342 8302 
1167 1765 
3606 4162 
570 736 
3252 3608 
6350 6972 
2203 2391 
7323 7789 
8251 9048 
6051 6908 
2689 3322 
1013 1515 
8829 8965 
6965 7534 
2323 2891 
5950 6744 
6744 7650 
73 714 
7217 7738 
8799 9490 
3758 4182 
974 1434 
5981 6755 
6939 7697 
4442 5101 
4102 4644 
3015 3159 
8881 9873 
3153 3911 
6156 6657 
8657 9136 
6223 6779 
1306 1695 
4781 5330 
3965 4320 
995 1131 
4786 5688 
7737 8477 
1347 1922 
4029 4978 
6695 7158 
6974 7202 
1274 2159 
585 1174 
1734 2216 
985 1655 
931 1018 
4822 4870 
1532 1658 
7786 7874 
5266 5804 
1248 1857 
4803 5325 
8846 9664 
8717 9266 
5994 6027 
6063 6318 
1180 1500 
7853 8331 
5818 6654 
2560 3261 
5034 5658 
2039 2474 
2753 3719 
4514 5485 
68 811 
7348 7977 
7859 8158 
7326 7728 
3358 4308 
5638 6519 
7513 8177 
1349 1943 
7066 7396 
7484 8079 
3845 4580 
7715 7737 
1562 1700 
6762 7494 
1353 2072 
5854 6362 
85 647 
5788 6303 
1412 1754 
3679 4006 
5215 5785 
2149 3126 
3020 3065 
3423 3992 
3782 4128 
1999 2242 
8978 9492 
1562 2351 
4525 4949 
2882 2987 
7628 8202 
1353 1660 
969 1421 
3685 4031 
2339 2780 
1204 1992 
4709 4939 
8310 8906 
6930 7616 
5842 6194 
1669 2051 
3396 3858 
2611 3172 
6242 6787 
4282 4756 
1042 1872 
5889 6503 
4680 5565 
617 1277 
3292 3854 
3757 4010 
1511 2326 
1902 2366 
7194 7653 
584 861 
4600 5484 
5932 6039 
3982 4887 
3954 4253 
3707 3710 
7376 7826 
5202 5724 
7223 7542 
5178 5362 
249 588 
7823 8606 
7019 7464 
499 923 
4210 4568 
2809 2922 
5784 5828 
7127 7770 
6405 6451 
5315 5485 
362 710 
3650 4470 
4853 4857 
33 949 
6762 7213 
4973 4977 
1709 1904 
5070 5802 
7185 7567 
2705 2955 
1289 1326 
7271 7995 
951 1014 
873 1456 
4536 4801 
5742 5897 
266 541 
664 777 
3300 3319 
2252 2556 
2935 3413 
5101 6062 
8048 8493 
7426 8088 
3768 3967 
8711 9628 
701 1678 
3212 3231 
411 1121 
7 857 
7299 8003 
6871 7161 
197 879 
712 1320 
5258 5391 
1587 2459 
7214 8136 
6891 7876 
1916 2144 
3580 4123 
506 767 
4795 4808 
7303 7754 
2857 3189 
3092 4076 
689 1527 
2667 3204 
5984 6001 
3123 3356 
415 1037 
6686 6925 
7574 8253 
2744 2774 
5220 6097 
4839 5500 
7370 8053 
121 999 
6551 7413 
8200 8277 
195 387 
6326 7051 
6739 6838 
5470 5978 
5911 6095 
4475 4566 
5001 5459 
5354 5356 
1118 1311 
3097 3248 
786 1074 
3166 4007 
1310 1746 
8348 8716 
4765 5515 
2324 2517 
3899 4403 
5842 6163 
5672 6555 
8417 8485 
4960 5881 
2965 3539 
110 654 
7592 7809 
4444 5402 
1620 1777 
6653 7184 
1413 2331 
2126 2545 
3851 4466 
5340 5421 
2851 3663 
2854 2930 
7904 8441 
2088 2752 
2192 2919 
8242 8708 
5037 5702 
1503 2435 
6606 6703 
2347 2596 
5231 6069 
1039 1993 
4991 5087 
4434 4826 
7082 7325 
74 591 
7040 7447 
3682 4571 
2535 2789 
4269 4519 
846 1334 
884 1220 
8891 8967 
3567 3953 
2388 2896 
2752 3529 
8969 9085 
2292 2743 
1009 1814 
7858 8779 
7499 8164 
6053 6857 
1941 2673 
8512 9229 
3533 4129 
203 872 
1350 1384 
7288 8228 
6525 6796 
4767 5048 
4798 5460 
4561 5035 
8335 8825 
3784 4771 
4578 4696 
5463 6155 
1658 1705 
2673 3230 
281 819 
8073 8892 
24 615 
5219 6140 
3416 4259 
5668 6401 
8419 9307 
6883 7477 
5981 6754 
3041 3718 
298 1288 
2689 3596 
3523 3797 
8034 8627 
7696 8492 
8779 8933 
6947 7720 
5845 6663 
1186 1997 
2398 2737 
8627 8928 
2571 2688 
6528 7315 
294 382 
8925 9053 
5854 6026 
7186 7669 
5180 6108 
1752 2131 
3918 4697 
2950 2970 
2481 2988 
5607 5864 
1924 2432 
7417 7831 
5448 5520 
6442 6711 
3122 3376 
2529 2779 
4509 5475 
805 966 
5733 6579 
3963 4530 
3756 4506 
6129 6774 
3190 3661 
5427 5591 
7005 7814 
4996 5000 
2882 3721 
1279 1440 
4516 4999 
1405 1502 
8720 9556 
5108 5240 
3417 3844 
8648 8937 
7958 8244 
8091 8488 
6353 6505 
1472 2387 
8356 8766 
6214 7164 
2988 3838 
347 880 
8680 9402 
2227 3176 
3402 3580 
5889 6884 
4593 4688 
1408 1573 
4939 5709 
2215 2359 
7723 8383 
6695 7137 
6611 7249 
2650 2786 
121 906 
3413 3677 
2158 2547 
6004 6029 
8438 8982 
91 460 
5917 6287 
19 752 
7978 8819 
3575 3911 
5538 5592 
7897 7913 
1153 1228 
3395 4270 
7814 8626 
7786 8544 
8963 9761 
2043 2329 
2986 3506 
7015 8015 
1334 1617 
2294 3078 
1114 1197 
5789 6608 
6793 6910 
7064 7948 
3182 3519 
1649 1883 
5611 5967 
6152 6275 
8115 8936 
3362 4181 
7138 7391 
4257 4413 
7506 7921 
579 1414 
6405 7279 
4119 4172 
8238 9077 
4639 5221 
1273 1650 
3419 3544 
2723 3087 
2844 2967 
7139 7309 
789 1730 
4936 5765 
8390 8998 
639 1503 
1229 1433 
2948 3569 
5013 5691 
1706 2067 
4900 5054 
1041 1994 
4005 4510 
6299 6851 
3795 4188 
6547 7238 
5383 5720 
3664 4128 
7969 8818 
4378 4766 
8702 8778 
5063 5337 
1189 1421 
8764 8785 
5392 6132 
3361 3704 
8443 8726 
7859 8190 
770 1097 
4928 5696 
2209 2357 
5258 6196 
4190 4507 
1793 2258 
8522 8918 
4576 4901 
8213 8668 
3213 3666 
5678 6522 
6604 6903 
7503 8061 
392 571 
8421 9061 
4452 5080 
1439 2182 
1783 2172 
8883 9736 
8266 8696 
6963 7745 
1290 1976 
1285 1383 
5795 6146 
562 875 
6928 7221 
6040 7021 
5338 5429 
8552 9137 
8519 8897 
2008 2490 
5193 5439 
1381 2133 
1149 1320 
2046 2062 
8392 8868 
4530 5376 
6578 7256 
6631 7507 
369 919 
410 946 
7486 8181 
8856 9641 
8021 8074 
3609 4367 
4413 4710 
8541 8680 
6090 6257 
4610 5490 
5241 5438 
1710 2647 
3693 4386 
2346 2532 
6108 6184 
1673 1775 
4197 5149 
4773 5591 
2586 3090 
565 1348 
1069 1392 
234 925 
791 921 
3115 3628 
3753 3824 
8174 9159 
2409 2696 
4629 4920 
4151 4205 
4400 4453 
1007 1599 
4764 5221 
2209 2352 
1943 2484 
2196 2425 
6485 7039 
3707 4273 
2800 3322 
3521 3946 
2462 3157 
7695 7824 
7268 7733 
5576 6528 
4234 4332 
956 1243 
8014 8204 
8761 8769 
1221 1994 
1346 1619 
821 968 
8723 9062 
861 1264 
2052 2700 
1984 2935 
658 967 
875 1145 
3110 3138 
6485 7042 
2124 2318 
6440 7129 
7380 7888 
2068 2778 
6263 7139 
3169 3185 
6532 7327 
8176 9176 
8322 9240 
6715 7104 
6752 7430 
1003 1992 
7199 7887 
3791 3919 
4075 4772 
4050 4448 
24 713 
278 351 
1002 1318 
8601 9311 
8687 9304 
2901 3592 
3787 4730 
506 1402 
5170 5966 
4567 5344 
7002 7329 
4388 4552 
4474 5202 
3539 4324 
6482 6808 
2776 3145 
3134 3754 
4991 5201 
8453 9380 
8427 8904 
1419 1767 
8417 8723 
7462 8375 
8397 9250 
7226 7415 
612 1497 
6562 7309 
1432 2017 
1206 1896 
4641 5594 
6613 7164 
5275 5656 
4526 5343 
1912 2720 
8914 9774 
6176 6462 
697 852 
3567 4119 
8573 8717 
5847 6325 
3958 3992 
59 610 
8484 9246 
6612 6921 
6542 7398 
8459 8629 
6698 7335 
7958 8589 
57 196 
260 456 
8237 8959 
7332 7593 
6086 6862 
2149 2795 
7919 8488 
6515 7470 
8508 8993 
1427 1864 
2119 2463 
2739 3141 
7320 8029 
845 1506 
989 1462 
1300 1449 
3729 3810 
7043 7708 
2050 2228 
5956 6337 
1331 1421 
1824 2400 
7182 7683 
3130 4093 
2941 3679 
2713 3648 
6650 7145 
1748 2733 
1705 1964 
4045 4944 
5451 6091 
6791 6836 
959 1702 
6202 6428 
4266 4901 
8171 8748 
5318 6302 
5848 5933 
3390 4071 
1193 2014 
7588 8385 
5445 5648 
3411 3854 
7237 8082 
3841 4377 
7889 8672 
1683 2176 
3527 4126 
4572 5108 
8703 9210 
916 1699 
5435 6032 
2926 3512 
6761 7011 
5316 5747 
6702 7090 
5913 6089 
146 1015 
4396 4525 
8493 9163 
6694 6853 
2584 3478 
7120 8103 
5073 5960 
896 1213 
8557 8949 
681 861 
5072 5288 
1333 1706 
3977 4360 
7815 8053 
1556 1938 
1856 2567 
8108 8843 
3139 3454 
2517 2723 
43 603 
6238 6362 
5266 6210 
856 1620 
1144 1899 
5001 5063 
2436 3282 
8483 8533 
936 1030 
7444 8169 
2169 2722 
7536 7984 
1784 2139 
1277 2083 
8303 9242 
5756 6250 
5920 6383 
6509 6605 
5388 6367 
5377 5746 
1835 2200 
5382 5752 
8478 8536 
2093 2225 
2383 2586 
3222 3408 
3593 3906 
8575 8945 
5431 5598 
7326 7366 
7699 8238 
4083 4742 
1133 1634 
864 974 
3013 3977 
1080 1995 
1674 2285 
3172 3765 
5382 6085 
7594 8117 
2831 3762 
346 357 
603 1295 
5855 6821 
857 1117 
7797 8464 
5292 6181 
7231 7733 
7527 7957 
973 1193 
8389 8533 
444 868 
2568 3338 
5271 6044 
5908 6000 
6797 7525 
2711 3065 
218 539 
1120 1942 
3402 4010 
7281 7923 
7558 7788 
8134 8437 
7025 7296 
1914 2311 
8286 9115 
1132 1459 
8394 9039 
6400 7372 
5704 6623 
5560 5976 
6102 6244 
7672 8408 
2666 3185 
6447 6547 
7794 8432 
5295 5398 
5331 5954 
173 475 
2177 3018 
5410 5496 
419 1361 
4248 5224 
7268 8128 
7534 7593 
1986 2053 
1531 2307 
3448 4396 
8463 8836 
6022 6089 
210 857 
7668 8585 
8197 8472 
1019 1877 
4386 4521 
7484 7813 
1686 1756 
4366 4701 
7797 8357 
7582 7630 
664 988 
4482 4926 
2713 2738 
8423 9032 
2072 2632 
5115 5688 
7290 7373 
1841 2148 
4813 5544 
8914 9550 
3081 3294 
7022 7458 
6384 6970 
1701 1731 
8079 8395 
8542 9304 
935 1478 
7964 8053 
6010 6310 
2851 3168 
864 940 
4417 5186 
8778 9508 
8697 8915 
3172 3762 
1819 2144 
7094 7614 
8046 8833 
5285 5519 
6689 7290 
4086 4332 
7163 7703 
4312 4584 
5695 6402 
1545 1574 
6431 6565 
4540 4804 
4617 5582 
2163 2492 
8910 9714 
6983 7721 
8614 9038 
4626 5218 
559 1273 
2465 3196 
8331 9057 
7534 7915 
5626 6093 
6678 7276 
1198 2124 
7894 8442 
7658 8092 
3533 4199 
7754 7909 
4618 5550 
8057 8673 
3451 3889 
4708 5634 
391 1345 
6016 6222 
6568 6874 
3461 3472 
5898 6446 
7949 8638 
8435 8437 
8826 9301 
4804 5181 
1768 1832 
7788 8093 
2061 2153 
5216 6097 
3037 3942 
8872 9322 
4772 5471 
7065 7238 
6174 6260 
7218 7404 
738 1253 
6750 7675 
4721 5303 
2890 3411 
4518 4697 
63 1026 
4059 5054 
3836 4353 
5314 6169 
1293 1437 
5747 5813 
1152 1797 
7456 8452 
6363 6734 
3852 4499 
2295 2824 
5727 6721 
7331 7399 
3259 3990 
3026 4009 
5943 6483 
2091 2298 
4994 5910 
1177 2148 
3007 3478 
3715 4300 
663 1371 
4329 4333 
1111 1157 
6805 6941 
3304 3939 
3607 4163 
6172 6641 
7507 8413 
189 1103 
5236 6048 
7676 8213 
4162 4853 
1282 2023 
8034 8312 
4835 4963 
7097 7196 
1671 1762 
4699 4940 
4120 4301 
4771 5302 
8631 9376 
4483 4629 
7343 7404 
3263 3379 
1553 2548 
1693 2177 
883 1179 
6954 7640 
8220 8407 
3480 4431 
8820 8998 
3609 4461 
1032 1887 
1301 2057 
7839 8012 
6630 6831 
2477 3201 
1304 1489 
2133 2586 
5380 5843 
7121 7699 
6968 7297 
956 1427 
7194 7807 
1996 2677 
7287 7962 
6306 6622 
3309 3435 
4260 5231 
6545 6750 
7707 8225 
7599 7714 
346 1153 
5059 5789 
7525 8476 
218 275 
2568 3057 
1679 1784 
3191 3941 
728 1048 
7575 8559 
7003 7643 
6939 7812 
249 718 
2949 3298 
2329 3018 
5025 5158 
5895 6707 
3887 4340 
4875 5424 
6449 6533 
2115 2398 
6332 6673 
569 1451 
6721 7529 
2738 3611 
6338 6886 
4234 4676 
8080 9061 
3506 4120 
5331 5969 
6740 7287 
819 1275 
3754 4463 
5672 5922 
1174 1189 
1749 1963 
169 425 
4109 4496 
5632 6629 
8059 8102 
4155 4845 
6138 6222 
6703 7064 
900 1645 
1304 2049 
1100 1727 
4615 4767 
2762 3115 
3651 4344 
5026 5848 
8583 8870 
5139 5494 
8910 9851 
3544 3575 
8105 8393 
7967 8828 
2057 2719 
8677 9136 
4380 4740 
4025 4372 
6890 7827 
1755 1854 
1098 1504 
4931 5583 
3951 4003 
573 730 
4760 5620 
6342 7222 
2988 3241 
4270 5063 
6544 6879 
8409 9277 
5372 6321 
2416 3138 
2721 2954 
3464 3580 
5621 6014 
6172 6780 
6762 7426 
8494 9094 
3062 3146 
8303 8708 
2807 3427 
6548 7347 
588 1486 
1945 2060 
2086 2329 
6732 7015 
6470 6481 
5238 6090 
645 1069 
3857 4268 
1950 2483 
1013 1682 
162 1144 
4481 4744 
6601 6978 
5100 5164 
3486 4141 
260 479 
7522 8326 
2205 2692 
586 1252 
5094 5683 
3140 3265 
7328 7599 
4090 4201 
7077 7144 
6271 6674 
2780 3618 
5624 5980 
3711 4512 
5100 5220 
664 743 
5514 5591 
6713 6743 
6180 7161 
1674 2599 
2910 3547 
7876 7901 
2156 2165 
917 930 
2447 2775 
3286 3399 
4112 4279 
207 673 
7380 8135 
992 1597 
756 1237 
6121 6472 
5631 5962 
1308 1744 
781 1029 
6604 6616 
6776 7705 
822 1171 
5742 5777 
6178 6586 
6760 7553 
1963 2758 
6611 7434 
5664 6496 
3113 3990 
2528 2682 
2365 3187 
1138 1403 
6538 6774 
7834 8352 
8481 8893 
2091 2513 
7948 8216 
247 876 
1678 2514 
6935 7302 
944 1501 
4366 4656 
8093 8218 
6601 7260 
7768 8028 
3102 3812 
5805 5824 
3185 4121 
6766 6792 
4717 5157 
4487 4820 
6562 7043 
6746 7082 
2183 2789 
1261 1758 
4890 5040 
3071 3908 
3813 3948 
4342 5253 
1399 2066 
7570 8230 
1272 2226 
2795 2849 
1775 2059 
6476 6817 
3838 4058 
1327 1616 
8454 9430 
5236 5397 
7497 7643 
4811 5716 
2755 2817 
673 1110 
7074 7832 
5009 5054 
5152 5372 
7028 7180 
2011 2393 
7907 7968 
1386 2374 
7303 8044 
1404 2181 
3651 3910 
7702 8058 
5551 6236 
3411 3487 
3645 4144 
6273 6658 
761 797 
3387 4020 
850 1416 
3404 4188 
2991 3367 
5729 6707 
6226 6408 
1339 1527 
366 538 
1188 1194 
6655 6722 
931 1132 
3119 3332 
1598 1641 
7533 7649 
5136 5485 
3220 3790 
5145 5728 
5089 5625 
6002 6910 
8017 8252 
4035 4381 
6874 7723 
6801 7195 
5143 5343 
5311 5466 
4907 5019 
3033 3754 
4638 4973 
8844 9583 
3502 3693 
5521 6474 
4504 5276 
1874 2120 
7243 7848 
2729 2947 
7635 8024 
8533 8844 
166 966 
6806 7120 
2353 2807 
5134 6103 
3415 3941 
3314 3555 
826 1631 
8253 8915 
5167 5936 
2132 2886 
3470 4323 
7291 7490 
8908 9116 
5004 5356 
4812 4846 
7110 7295 
7901 8266 
4340 4876 
5063 5732 
2570 3305 
2697 3594 
4559 4613 
3097 3754 
1905 2600 
2644 2677 
5962 6631 
5069 5572 
4855 4901 
8330 8668 
552 857 
8452 8863 
6148 6704 
608 1299 
2665 3611 
7990 8937 
5230 6136 
8145 8504 
2237 2781 
7657 8035 
7534 8326 
5206 5596 
7415 8061 
5780 5811 
3282 3883 
7185 7978 
6281 7021 
5549 5999 
2021 2351 
7973 8359 
2909 3113 
6948 7607 
2707 3233 
5957 6376 
5365 5396 
3140 3151 
2945 3502 
5426 6413 
6649 7292 
7685 8283 
4345 4730 
7818 8021 
538 1482 
5139 5910 
4580 5077 
4272 5172 
5132 5323 
6628 7140 
5342 6268 
6836 7677 
2257 2335 
2637 3120 
3378 4332 
617 805 
4324 5161 
5013 5555 
2202 2728 
4350 4399 
2256 2708 
2325 2420 
1630 2308 
2352 2703 
5844 6748 
8654 8942 
3649 4441 
924 1413 
1525 1855 
8133 8987 
2705 2848 
2958 3540 
8052 8230 
3725 4630 
5858 6428 
1021 1546 
5592 6068 
5 326 
6969 7933 
5066 5439 
2419 3304 
3030 3430 
8240 8731 
2974 3222 
7594 7805 
5668 6474 
7885 8380 
8327 8363 
7678 8539 
2248 2327 
8154 8399 
6705 6860 
670 1243 
3052 3924 
3121 3972 
8480 8587 
3839 4446 
8634 8749 
519 913 
874 1494 
1746 2561 
413 1073 
6249 6412 
4598 5283 
5847 6834 
6493 6650 
4169 4887 
3805 4755 
4964 5454 
506 684 
5974 6743 
7679 8106 
8524 9314 
6949 7125 
6951 7205 
8156 8998 
8419 8991 
3384 3465 
2365 2914 
7625 7734 
2855 3735 
1243 1361 
3375 3655 
8889 9127 
2905 3497 
7506 7967 
3437 3841 
3749 4189 
7555 8334 
33 113 
3576 3690 
8259 8711 
1814 1940 
2721 3493 
1626 2275 
6444 7005 
6548 7397 
5560 6388 
764 860 
3318 3566 
5928 6113 
6602 7354 
2066 3012 
355 487 
6104 6613 
6129 6237 
5603 6439 
705 1365 
5061 5504 
2677 3664 
4854 4868 
5223 5546 
7808 8384 
355 1048 
7315 7883 
269 331 
8550 8902 
1637 1976 
5250 5309 
2238 2611 
8404 8437 
64 606 
7812 8555 
3507 4335 
7247 7582 
4616 5596 
6304 6368 
2533 3095 
2705 3510 
7740 7754 
614 1160 
2293 2416 
8934 9878 
1781 2328 
8974 9256 
1595 2516 
3468 3571 
7442 7975 
5481 5847 
3183 3564 
5160 6038 
887 1287 
2694 2709 
7661 7945 
3333 4251 
6419 6609 
5494 5570 
1138 1203 
6697 7173 
1697 1717 
991 1224 
3081 3504 
1977 2731 
3767 4650 
6528 6899 
8214 8385 
8803 9131 
5236 6130 
548 1134 
7895 8407 
4356 5182 
4853 5524 
8083 8151 
335 606 
2963 3660 
482 1133 
2349 2931 
2467 3435 
5168 5900 
8810 8969 
7238 7407 
5467 5521 
2182 2785 
541 1082 
8656 8780 
3636 4031 
1781 2589 
7917 8118 
8533 8684 
701 1470 
4337 4449 
506 986 
4826 5670 
8039 8772 
6233 6585 
719 1100 
933 1856 
2516 2884 
1945 2678 
2871 3288 
5548 6212 
2643 3151 
3024 3252 
2248 2946 
896 1074 
8109 9038 
7183 7421 
8946 9632 
8613 9171 
4004 4364 
893 1553 
4376 4509 
4963 5840 
7993 8452 
4003 4116 
5537 6353 
8370 8760 
1935 2534 
3797 4179 
5035 5381 
4157 4624 
6952 7504 
6814 7199 
2379 2515 
2914 2921 
6331 6886 
5160 6098 
2659 3611 
2655 3194 
2087 2510 
545 1534 
4237 4368 
860 1477 
5365 5711 
7381 8110 
6376 6637 
8599 9268 
7934 8832 
8256 9009 
872 1571 
4725 5605 
3005 3133 
2966 3610 
5064 5696 
4344 4538 
306 843 
2802 3150 
7859 8475 
4769 5516 
2373 2688 
8680 9036 
8743 9413 
1107 1846 
2724 2858 
8993 9946 
8560 9161 
4852 5641 
2632 2633 
2286 3149 
1466 2431 
8900 9290 
5573 5867 
369 536 
421 474 
5686 5907 
5315 5704 
8569 8863 
1676 2333 
768 1097 
4094 4968 
5021 5994 
8534 9351 
277 534 
5719 5911 
3918 4071 
6219 6746 
8956 8965 
3550 4180 
4254 4982 
2491 2932 
6763 7516 
363 592 
3948 4890 
1065 1846 
3465 4139 
8530 8785 
5840 6671 
3415 3822 
4288 4880 
5706 5913 
7320 7778 
3025 3662 
8773 9678 
1658 2652 
7572 8224 
5050 5982 
6009 6975 
5724 5878 
4477 4873 
2701 3230 
8973 9913 
1484 1551 
4353 4911 
5987 6845 
2061 2835 
4874 5118 
8674 9174 
1714 2116 
8528 9026 
6531 6919 
4547 4727 
3521 4130 
