16807 75249
50073 43658
8930 11272
27544 50878
77923 37709
64440 38165
84492 43042
7987 22503
82327 31729
78840 42612
44303 33169
17709 97157
29560 70933
93099 80278
51816 95335
99097 7826
13512 29267
23810 77633
80979 79149
36579 58821
11967 10672
1393 19336
25485 91745
25228 94091
40194 86357
35001 21153
16708 57944
15668 71490
88124 2196
9530 60903
27722 54666
28549 18024
97801 6853
40977 47408
8228 74933
60298 38981
28635 8013
23865 89814
39063 54536
39425 1669
24115 20094
75629 46501
46517 34195
30105 10404
19451 94298
82188 21123
99505 46882
6752 31566
36716 30337
54438 53144
51501 44897
83871 55828
11137 19358
53177 82397
22294 77904
21609 46231
59745 44175
53635 66298
98142 80399
27968 90412
260 73557
41594 88008
16395 25968
19113 4530
71006 10962
97942 85365
42082 79852
30767 33821
85695 24712
73671 59901
48590 24831
14738 53057
31616 19790
55640 10679
37335 77006
97972 36098
49095 75319
83454 45223
12289 56760
48905 86126
36123 29506
45813 76770
35238 29094
96220 87844
12366 40534
25226 15394
41363 18738
7844 59590
36550 45159
8623 64947
97385 7217
95272 55539
99247 42385
13496 94885
40623 82420
28144 31968
35735 99915
61625 63534
46042 96011
54679 24152
75244 77295
78818 90396
87692 1815
12991 40033
22669 19397
89553 10547
75825 21210
29662 30211
33808 73377
22761 625
37335 1868
77995 2776
62767 97439
29874 89331
40556 56301
68872 560
20094 18984
13755 39789
51407 28015
30193 22769
15680 3455
16855 67506
70963 33502
86676 63108
63249 2331
77844 87638
60808 39997
28651 54849
45203 95731
96531 98014
95419 36775
42009 30180
87929 95223
44054 88260
76737 91545
47317 37525
4200 34256
21564 60597
6648 37704
25550 25150
41976 1412
38554 82797
2504 48381
34748 7065
59378 47699
78209 25129
78553 65483
50447 64607
80773 45322
64305 55176
70053 27224
84630 80366
5400 60444
95370 70285
83016 93898
8155 41133
15557 96576
53178 58266
87357 21711
27878 20614
74819 95737
83133 20591
23720 48762
6633 76197
76031 38588
60589 54873
98877 37304
79358 61200
77254 68960
14915 93947
45480 7730
69955 74546
37107 41238
40000 84926
45035 74857
61113 50114
29593 1360
98354 68418
25357 42585
13729 21015
76563 6102
60917 86643
19419 62967
47747 45269
55395 23303
4473 19103
11748 24385
5658 63459
45406 73930
39824 85132
973 59603
46897 7920
3950 35231
88480 20203
13900 24520
62533 81258
17003 18676
20950 23934
58780 79879
41832 82574
33549 74542
6249 52771
66310 15879
983 69970
92040 82723
73650 2971
53229 90318
17746 10299
87230 85621
70776 50124
68244 76958
47696 66771
29064 91560
56598 18751
69940 64503
89551 92801
27205 15080
80418 59274
59649 40413
83320 19025
22012 1783
54788 24117
24008 81550
65324 19195
51257 24511
35690 38666
62410 60593
90553 9565
90960 28742
51403 54352
7307 56141
44910 13200
92799 43127
20171 57787
34414 31625
16641 19517
55348 1842
14315 15974
81445 11373
72220 39911
9239 45054
41305 56929
82253 54189
15166 4356
59304 59860
45898 5592
1720 66116
51580 98867
49352 26939
78698 94901
60811 16616
56891 48671
31728 26671
51661 77045
3120 20240
17158 99453
69627 85350
53711 35563
29594 7533
1727 7827
98795 19531
37442 51516
85006 78515
66924 42601
27097 68661
67103 34324
80108 44936
2281 17015
43710 63216
1905 75973
67781 82720
70791 81169
97865 15827
29536 16728
57125 20384
80167 89949
476 16046
21576 68666
77467 60520
27384 41991
25210 33258
28211 68744
19518 85718
21934 66825
80767 58689
49818 73014
11825 2918
58028 33029
78034 6727
51240 33754
86540 8396
90935 3083
48048 46865
87011 15252
53064 77876
17237 32675
70245 82710
70415 28192
24710 54747
63037 1299
68447 49715
41693 59579
67129 95164
33979 53501
95525 10289
74958 14033
11800 65089
87670 35217
80846 21038
9543 40338
85936 3321
97719 36496
91247 43788
28359 25987
45035 65235
83912 85684
45989 83784
63734 22667
519 72615
67045 65976
26661 65825
82819 71631
22903 72698
36798 92639
14004 9503
679 48765
7391 4107
64924 14365
57121 14454
77106 27450
51703 30832
71032 32141
61654 81977
42217 53900
57289 73465
84747 3622
89879 59317
1516 64048
82762 21029
49039 52708
5903 2657
10761 75752
61466 8621
44557 6996
26955 66930
21494 45555
92221 29312
2293 31427
42232 77444
34791 2198
49152 44856
73570 64303
27439 12914
35799 26766
91835 81921
46043 22752
74086 89719
39150 68410
18623 44669
9605 49943
37311 22431
77992 39816
38699 86971
80639 1370
25836 79891
82857 94833
83328 18177
74410 17683
85176 23489
72091 70434
84711 26904
91026 64891
10790 522
59364 6890
24884 16813
41441 7127
16179 85784
94537 29870
87561 32581
74165 45802
57732 67332
47854 59759
9847 72377
40462 79010
43819 98150
13377 941
43836 26720
32299 96112
34759 19956
74390 36152
30048 95014
59044 14918
40150 50101
41295 19821
95731 44501
28245 54961
46057 3510
93928 50805
62173 82137
9669 39096
4503 47421
18675 78518
24300 76489
40262 32054
68263 58643
24889 45250
76735 69415
31364 52494
50963 67758
85652 85092
57316 66714
61420 58060
7450 63368
78741 91847
99196 4787
2501 88234
93128 70571
77448 87875
17253 41871
69329 62293
33719 73471
38820 25764
81079 42630
94410 88080
66113 63342
98138 48382
46044 98828
98393 63575
980 9000
45596 5947
67370 66087
6543 52733
62852 90261
76824 54400
82380 70778
71857 73423
59498 67014
52845 61662
68509 26610
96849 9218
19290 75055
85743 18555
36385 6534
86275 77321
11151 21226
75251 94459
32783 16714
66437 37879
7698 14100
83137 94285
45878 18284
70342 64915
45960 63067
35140 10707
43566 20728
562 66363
41969 42890
12623 22278
17313 45761
27010 34840
76978 46000
7394 34507
87656 66551
61786 93431
54544 80739
8776 7584
74252 74108
75514 91454
95019 83028
66671 92370
56663 67947
84024 24543
16854 6008
14981 80552
86288 68163
8359 11019
55379 95356
19461 8487
8353 43899
85788 94244
69880 82466
38283 65274
236 18909
98567 21834
47939 69684
69651 89549
9266 47467
110 19589
86327 97773
25581 89295
7936 37874
45435 58231
66972 83028
19798 39070
74587 66297
69089 2646
29090 58111
66612 57463
72112 23781
51951 29230
3321 53213
55128 71950
28600 88959
49754 89992
55194 3330
48632 53559
58777 67779
18632 63272
86383 39081
37153 32622
98521 97956
9818 75591
66900 196
74120 62704
33599 7129
27144 59175
40870 18416
4599 47080
74618 64288
79452 48128
52800 87662
44840 79149
86385 66583
24515 30659
14878 45959
18561 68382
28048 84054
49440 51381
18770 2028
40251 67544
5869 17595
72469 22710
8172 5923
52125 56219
98850 61431
11243 47846
25869 66670
41394 94610
26392 31064
9524 59361
39519 93620
81562 71661
3725 79434
5949 22090
37322 86260
60093 59928
85122 16381
26366 66468
71023 12722
66639 63517
8793 69364
59178 61956
56771 88341
51355 60836
68489 79728
67120 74902
10312 39616
33347 53946
32851 2672
25811 46523
91736 82605
29607 80633
87866 91553
41412 97925
14040 59153
34257 21733
88295 88139
42251 61258
92694 94160
51138 49929
19875 4598
94292 25633
14562 43276
93236 90646
83873 29464
27484 42192
54119 33842
99328 78859
262 44145
5716 27127
92172 8748
44000 74370
61398 61292
89545 8928
12300 92143
52192 73563
14783 44272
69801 84009
46221 14486
24513 15769
32531 45357
45819 49486
46856 39816
64254 9754
49814 62615
66537 62966
47297 58877
25760 77412
80191 38231
54174 12463
14877 80324
94784 27833
6750 59527
44999 77429
99609 12144
55364 72451
32812 51979
24134 32407
93583 67600
14259 88310
753 15891
79321 73225
65253 13929
36096 30553
30661 84858
27491 22963
42920 40768
81687 16526
55472 35219
55641 38204
82951 88092
58445 81370
49474 41962
96176 25317
25826 58413
23344 62571
85979 51035
68129 57288
59848 978
5617 17723
47838 19508
88929 94926
29968 71806
25199 32255
59829 23276
3488 27896
2819 61864
91137 92416
80318 4491
80683 18398
91120 19748
89961 5651
11018 75977
79946 18661
31478 12228
25063 25235
71506 91308
78968 55679
4119 7323
49677 79392
78953 56978
51853 89295
8271 48475
40204 66962
28032 8819
83531 34035
9468 52468
52610 50234
67270 6778
6265 69045
43279 89075
75327 12687
25363 59037
75766 74534
3083 18675
26184 59555
44156 17399
63664 52093
57886 20633
44924 88047
194 71330
36767 25665
6910 31682
56805 96314
79652 76241
73585 37591
97806 64760
17960 912
10403 63430
1085 14200
48585 84467
30484 3988
55200 95686
80100 45495
28199 61102
4428 67183
93917 7136
87802 74489
56578 39725
20789 46722
60595 40605
42319 38691
20721 17774
98514 69862
75706 71283
34626 16419
23801 94330
97644 52375
23258 1462
3131 46736
60720 8308
61024 86947
80508 88411
19397 56000
78314 61896
33999 95645
92533 14962
80539 13754
58821 94286
76536 10
14662 78173
14493 6635
74988 84571
6838 4821
64891 98413
50560 89957
44092 58743
89775 32768
30413 415
16636 19891
23347 54369
54832 24134
28928 95143
40879 10906
39054 25807
32537 35203
4421 27447
51034 51949
19416 67759
81938 78550
35183 52186
81096 59685
70524 97922
60363 29181
73012 33251
72202 35495
61536 33454
2208 46980
8031 20830
32095 66714
13112 12136
29937 22009
15685 42919
84381 69610
99908 11609
99439 32867
96119 11266
74999 44520
74515 42577
59922 97142
3980 35881
26885 10030
56325 12436
46994 43945
52602 23233
28480 63456
92834 76517
98881 8781
33458 62805
74992 74160
48651 16201
8542 53944
49635 7555
21872 57443
47322 37013
78441 84781
85779 69518
47160 61729
64955 59082
29364 3032
19313 59195
34328 22504
19855 37711
3881 11610
99904 92551
77616 96761
48864 45405
32122 65113
4943 48636
85118 52994
52188 53743
17639 74502
70343 55070
36219 48212
3317 9932
27782 74097
47859 47073
35590 44819
44010 80911
53015 34978
28542 96045
48270 60562
3008 73983
31099 40709
38213 18550
42951 54665
3502 51617
14953 35299
17916 7584
11869 67442
23503 41515
74329 7257
13382 90264
9352 5154
32526 16027
78755 49259
2952 7386
67422 59129
43786 95549
41879 29198
78890 98603
14686 32443
68827 93585
198 88587
70817 34031
73476 67461
31563 50214
6383 86832
29722 25511
32791 82871
6142 64733
31553 78030
22380 78704
64915 98887
37110 66681
11558 48786
11433 4040
62659 21936
17562 76938
49754 54526
33526 29712
27595 98621
81177 10341
69158 83054
6020 77197
64727 32451
59462 10332
22937 804
46057 54405
907 99943
94258 56539
17343 83697
22281 32965
81457 75605
90117 68412
85624 90184
61459 20299
42216 14740
96851 87846
92922 76893
38615 58049
51361 93649
17231 57796
26123 50696
87444 95250
96238 72431
59359 15935
21265 77801
18387 32437
63948 15120
15424 23894
42775 27903
34989 16286
90845 34143
57257 16332
13261 85578
57104 84202
57031 78220
84686 78630
38643 62367
5648 3844
97317 29749
70125 41273
7863 45416
46680 15348
60979 50957
86814 52705
72189 33307
94905 74527
13614 83715
79308 98897
69449 97495
56029 9026
87866 84398
58985 46662
77518 98853
70579 16203
13383 10723
30559 53221
21174 79034
22675 40702
89436 63279
42915 94750
13013 88850
72492 2948
84083 82981
25847 43208
32706 10178
42306 58267
4114 33910
84470 27358
28617 24946
22304 77656
49663 33637
49898 91734
48656 68508
53012 59113
96280 76724
79104 84613
52073 39962
92979 64377
48269 91147
5631 19753
25633 38739
52520 51194
77597 89424
36871 84958
93320 88948
28018 37401
20517 6392
12613 23580
91356 87940
88594 3868
35670 82463
21649 65134
76425 39871
91891 85650
81217 30010
42654 16525
63901 5494
96392 98034
24970 92546
56187 36121
31565 83589
12971 54865
71160 12110
40775 28109
69694 23323
31534 18474
34414 55494
40423 46875
73077 21357
25627 5222
85574 90172
98839 24039
68183 54417
50530 33890
82606 94896
2012 85895
31938 17516
5321 69684
39227 95578
24460 61972
43487 43635
11581 50526
39194 62030
51295 69258
33419 82212
63443 92312
68706 26628
26593 63926
31226 82726
42733 72981
95296 29392
18061 59009
21377 96124
50522 14240
1052 17815
55180 71292
57151 6052
94973 24677
30417 47626
12465 26261
22739 20849
25007 17719
52430 10376
37825 93581
8327 18659
13497 1193
58225 64829
98822 51348
32553 60879
69468 56227
37424 76431
74277 76406
80500 21272
31601 53930
30698 99077
14549 27294
77127 23652
59 19577
54670 38151
7224 97084
5020 75015
5219 54177
38695 86895
25664 85600
95118 5117
13723 81617
43754 99568
