1 10
100 200
201 210
900 1000
1 1
2 2
1 2
2 1
1987 96325
97785 68494
574648 571096
143736 2414
320880 324002
298971 296898
104414 32798
742269 739637
31975 155671
67017 88877
145974 2421
41133 53878
529957 532649
16201 60586
126875 102375
633469 632217
112033 11424
111286 77794
59698 29060
17700 152910
81968 70557
899313 899236
62847 141457
755846 754823
80754 21729
19776 29051
136263 40867
313195 294136
264058 269871
152955 11029
86404 108300
170784 207236
37667 69850
384413 388570
23415 35595
597998 582824
35063 86237
99148 112519
121347 80860
12525 141020
57375 86111
139239 39981
980616 976504
180876 190437
977067 980878
53561 39820
321368 336977
135761 26839
37870 140530
260210 254289
730468 727536
79982 114517
158943 116935
88308 123694
46812 43798
58817 11164
24599 126271
19428 129804
412343 412975
529050 535742
116979 19687
113156 28769
168872 172754
56972 131362
81575 121262
972058 964875
15220 2600
41538 84657
192282 177696
621984 609171
675747 684094
576378 576981
141612 2661
44172 128965
18697 70921
516498 532930
61761 13013
719401 718229
59666 59750
153479 44058
67060 154333
492521 493337
433214 449593
156111 44640
92366 35927
151719 76166
462351 474693
18007 143455
616903 610766
744091 743078
618284 618978
124492 128415
69183 129433
396949 405003
40918 116351
535955 530075
355481 335837
23961 7230
89385 69868
438477 441252
535075 514185
694455 701152
492553 499662
11936 49177
79897 127126
549133 551452
91950 28639
648496 645934
79380 103360
60068 82079
70055 23188
88473 59222
132796 1974
132678 117473
401153 402446
160474 203125
191263 211073
112139 153359
26355 82373
40615 40298
123513 92589
358371 347099
453907 450528
222510 217464
682670 683674
16285 154168
785271 797931
611011 620388
49108 130826
611030 614690
224637 233677
9879 150331
64268 26749
112751 67584
139647 134013
586193 583357
591388 585542
827934 826578
37715 125337
183756 188876
46433 33445
26556 35357
165647 201012
508949 535061
183727 201325
295395 296553
749 147119
107356 69648
721978 722898
68555 106191
32103 30156
85736 148033
37392 39629
123010 147346
844678 846969
121219 48921
102292 126119
212629 194490
101252 3509
73206 76109
144705 120898
109474 58436
27327 96017
101526 59659
80148 123829
924921 928948
3301 134285
178371 193675
97307 57833
532582 517067
102358 118394
47512 67446
528056 528939
228494 232221
53967 46893
780899 786534
55558 87206
48289 52054
18679 54080
32390 90511
157694 45046
195273 192403
406911 410255
57045 142085
88075 113557
506788 528501
118490 128574
83837 68959
183639 193385
233599 227747
528723 533564
149543 60798
104996 19443
234442 234314
67384 8476
13086 139102
93256 158137
192186 180322
745451 747015
46385 61306
150446 124227
264331 249687
48292 100319
574247 568061
34506 5811
95621 46433
171852 176693
119889 37950
119630 144239
97651 40249
267935 258155
689064 688644
57627 50251
97066 124068
991381 992026
113758 65994
46300 133889
992952 992246
207069 167185
595980 591810
254503 241663
209643 165490
890775 891663
28217 34075
60139 88687
158295 46933
94176 157552
298726 304636
46344 101031
171416 210102
39379 51948
900493 892100
898769 890313
73976 78926
197273 206429
38257 56028
7457 26835
40462 137956
46681 112150
45721 133923
136474 52824
453569 438371
369616 375976
47752 97421
67612 52285
340552 353097
388327 400964
99839 82995
678063 680905
122341 74601
177021 209754
296834 304156
190210 169467
197800 166268
265646 263143
108735 66353
135974 51929
75008 17972
154807 23935
104750 2302
106987 90919
105757 135982
595403 584718
936092 931061
292594 292549
12213 80625
30631 100184
728549 721698
41809 69493
383105 383667
196868 174295
53073 78817
112810 13516
49126 154136
95587 85416
207509 212609
354460 327885
334929 340896
22570 104557
10527 81513
75487 116901
144830 71396
990965 995504
112405 65407
48698 134573
4033 17855
37815 11052
781676 802099
881246 884058
29915 54644
36210 75000
350831 338402
393477 404424
100656 9423
801193 805736
135286 101459
607603 587879
569143 569640
408491 419321
44307 8
143457 6494
394797 397645
121001 119132
149383 30002
74307 21793
115611 318
50380 63545
53126 104336
4233 5940
160130 173752
144174 144413
211135 173177
585006 589681
895680 893037
133193 139303
410300 407320
343172 339218
7408 152747
413420 408928
99857 71201
7618 6407
130211 54713
93216 70472
156808 158897
994097 987372
107433 154717
87709 53023
111452 117286
432817 427376
69664 101951
596637 591124
544575 543011
598421 602095
36972 10650
70209 149811
50709 70098
15412 100434
251855 244711
147684 655
208580 181841
125881 44924
64826 151765
604680 602299
367570 368011
135680 21327
119642 131401
128808 107824
308470 307353
53400 125673
284853 275240
16315 47687
131671 121549
4070 150182
7226 9851
562457 561025
17201 136719
21331 61561
770677 778669
806080 793500
57226 88438
276437 273858
934221 931548
201142 189344
156859 128947
172521 177900
351409 350429
31105 79946
56598 106814
776167 770877
135792 85793
749633 751466
135017 92990
59381 144627
42284 58599
144311 82565
400788 399353
339600 334858
510781 533530
20804 113705
600385 604812
156285 13085
600736 598037
24690 96972
252370 267359
130835 132023
286369 280953
37538 156896
111199 76892
701723 699334
125427 11781
321607 339388
184999 189525
89310 34328
598 27997
382946 388117
29129 135777
785758 785155
341343 330160
133856 93001
103856 22150
129264 1664
96765 67794
898541 894032
128231 78674
105779 129727
51703 49034
5270 63003
79344 143324
71562 75420
48866 149793
193267 194555
54230 131013
212839 234749
154334 1370
76150 77547
155252 53400
96528 114964
54627 67502
67357 43235
793430 802512
44033 95573
96372 72879
99196 66232
138854 150101
379068 380310
57246 51277
75420 156441
124194 116913
74107 42609
60382 34739
953447 951405
62589 77450
90280 137931
91506 106145
130405 20499
518456 534820
130482 107259
323580 323669
290423 295105
807283 793197
89646 50126
63088 81554
883221 874413
393051 383368
813490 819121
546693 544090
133176 35631
130030 137406
125272 151478
94132 37432
145583 156616
103167 129176
78673 103889
340692 337636
161310 178946
115845 82815
138997 15631
304672 305826
933999 926432
113450 135330
131867 14320
458333 445159
28826 145521
158894 90372
9079 61970
10221 102187
83570 141226
3233 32730
350332 333957
131602 78918
64963 36910
148322 89806
51489 100517
675697 678635
109997 32479
56307 156854
138533 158089
153560 24734
621245 614265
328147 335076
44706 2765
552793 558469
100259 35320
542303 554685
107901 144308
707680 707077
141143 88607
25300 69316
37364 23874
500168 497361
304964 298330
227289 217111
100202 93127
471298 469378
52293 71203
114398 51445
117377 156194
322133 350407
184416 204526
189111 184963
686728 683471
796551 783962
131409 55542
589813 595267
582052 599340
151656 72307
147897 46789
4371 15127
67800 89924
36263 123710
73503 19693
88111 159473
106267 104509
52799 102859
121852 35692
43978 821
143865 120092
126167 22383
139198 80021
290113 311074
91079 1113
142396 8121
13972 67393
838454 839595
394881 400946
57193 79030
582322 590273
101649 41046
1059 38680
196754 188751
33620 157772
76319 62848
68598 150855
256455 254425
75151 7524
625491 615803
112867 2767
803381 800713
203457 179851
180588 194753
437242 452261
158243 117200
123558 92393
85549 44280
25382 126515
357905 341255
133948 145587
712440 704954
15584 154512
72766 52248
35663 100357
92385 3946
55505 27314
133336 3904
80760 99674
859 78782
106252 2080
548728 544851
76596 15572
716738 712370
794994 782556
163669 202468
379695 391958
34935 23648
28284 155791
473771 462929
927867 936138
34416 2613
694261 693360
460013 470834
238149 226235
2359 942
789958 796826
783170 789957
568592 570998
135793 56617
112048 96511
788363 783126
528949 524418
111563 47954
296305 310677
297461 295430
154413 561
62014 23492
102330 158485
135043 23247
682008 673648
75831 4363
436237 444006
144499 113740
111255 80383
49592 13412
344982 332017
139667 47394
146839 63039
344201 340371
193947 191609
307605 291127
48196 9543
438790 448558
811732 819466
109351 78495
818731 812919
23931 66304
350013 323188
55641 138774
345992 337244
547893 557481
24450 81306
28529 7169
226262 223074
94788 148902
769384 768846
187963 159665
611481 624291
238808 230320
79351 32235
135914 100056
528596 508501
41172 153681
65277 36427
401701 399902
129116 117959
883088 879703
12552 42346
51684 55827
74414 55696
97277 48893
499983 490495
68215 141089
100880 24490
242641 256828
100711 153961
10331 17737
196087 186923
206018 194091
52607 30170
302190 294469
111715 27909
410289 411907
307417 309659
426000 427752
48763 58622
527561 523243
117525 66482
34260 130759
902 42657
49401 8090
700560 694606
11217 10002
93700 26484
3256 99661
41852 41025
25755 135204
199326 196243
85227 157205
33764 146051
152560 23938
74735 49726
248571 247035
324586 332899
74774 152484
44912 119292
44148 65545
120192 54213
294865 310276
3008 22756
97910 12490
791120 800151
49800 140023
110756 98431
505404 517747
72224 45
585368 594753
6467 91743
140704 13933
886629 882112
64836 119436
147139 3452
122743 19092
508792 504481
2689 69934
63612 42383
108080 117028
255 38795
891418 893945
85943 86266
100026 27525
100543 144337
207355 210434
66345 58113
201638 206700
184091 191494
129880 133560
928813 932550
9882 21336
16695 42627
168116 210141
30410 100922
97238 55830
80764 48345
443425 438136
604459 588378
108527 57789
97730 32168
514838 512620
103572 74258
52889 71753
2533 110951
285890 279344
390744 391934
22669 68810
354836 348903
328554 332617
88460 9161
7189 144872
221826 224059
14556 81829
251187 249531
107452 58496
247800 254010
129723 147829
348116 334877
132212 119813
106675 52770
55244 112794
528837 530763
167086 180387
23327 9636
345555 332296
119317 81984
4262 127123
192263 178307
135305 136878
172595 205312
456241 452381
143936 3076
54854 139789
309836 314331
178625 211557
183057 160093
83756 28590
104076 59006
62942 123428
74907 127606
54224 52895
43268 91528
519786 527899
35966 139511
56728 25792
23452 57114
29645 81706
292771 303429
207023 192453
787083 793994
527244 529778
5646 121661
110583 82294
930911 936729
23387 77333
94890 21975
352381 330747
88027 147253
50764 142102
154066 51741
66268 19036
49215 35436
107168 114151
80073 96021
157427 104975
45593 50804
158705 141472
133588 146184
89034 142916
384136 397508
8646 3320
194935 168059
18293 14864
71759 57892
62200 10084
88098 155052
567171 568987
8527 149699
214326 230711
3976 32490
240550 242372
137368 11283
952253 955608
154111 31625
141667 82899
583726 599261
121442 12004
459799 475389
315833 294192
21614 136579
24984 19432
156619 116103
512761 509339
35157 105125
253508 259320
119401 101537
74434 84622
529504 532142
2022 103913
802377 803611
197644 175931
127272 85038
118139 156121
551835 544446
11242 1805
40230 108909
17403 151611
135042 95071
66027 98382
49922 48355
800915 803573
54226 16335
242187 267651
165928 161751
209599 208544
60300 118213
994583 997692
211464 180074
45876 13636
144545 46809
87993 21050
7099 102058
143242 41390
538031 515073
778461 777959
518539 520687
591011 602156
292180 303420
20845 157185
151518 90119
120954 78591
155876 127826
96900 71225
18712 66065
711160 711742
97424 28748
56141 79317
306374 292513
670940 677664
124399 12103
453628 446210
413032 405822
170627 183883
866261 868296
613248 617651
819673 816173
99391 74491
954169 953383
518638 524937
92283 145286
112184 143622
391711 401487
59083 32014
111550 129990
137290 70239
151259 9799
121885 93740
96699 149107
3373 5427
5440 52394
899073 892123
147421 17360
159029 124183
257616 257816
77710 20538
35464 90407
60894 55072
126764 118961
10425 75581
226803 225935
289294 315234
145148 46555
139264 135024
743723 746068
104847 117412
77738 107038
219411 228763
818632 814055
235776 216555
138916 119217
149066 28057
323 142577
186539 196590
109946 44673
135617 90681
64543 124280
116978 123503
695824 695724
62453 107323
64447 5906
618369 620672
118470 52623
474462 467428
316452 309892
155229 139125
112065 6332
298292 297905
109982 85148
34989 43651
74905 44070
125038 25909
86474 65191
191045 172139
74348 13045
131209 56316
143750 113821
136536 137541
133749 106116
67342 12287
109401 115777
650042 653982
62221 129081
350218 349439
153181 124442
112514 50068
904689 902228
71038 8947
57400 29488
95776 25840
120561 129191
32028 91245
64632 37665
844955 847445
42950 32408
43440 143289
54759 135993
130499 109117
151650 93555
22329 142037
56631 127175
450249 450603
149703 86862
229990 221252
251237 261374
596886 582835
48325 129941
114261 126049
199249 169909
81680 128354
124176 33298
145265 41383
574414 573587
91588 13228
107688 75378
48668 128458
463182 477306
141762 1810
638 99517
165254 179668
76802 32897
22244 59657
18442 8480
31299 113463
94596 131923
179504 173748
15970 8907
7285 74608
789491 784462
77448 51191
20649 50582
211064 176877
161187 184444
316597 304662
178133 173178
262809 250381
105489 28403
240202 267549
155565 75661
132102 122412
117799 35053
803461 794520
329244 349136
148420 39657
158961 4953
121977 105531
19028 132378
133967 112894
17835 36124
189090 207598
131277 27179
87303 43192
343356 326230
140905 78413
458374 433244
25862 153887
322693 328050
499851 494793
106171 27816
70586 143724
165189 181173
525546 537099
70490 72661
77074 32980
49944 87420
869971 868001

