1 10
100 200
201 210
900 1000
8436 4144
5571 10164
7920 6939
14078 7032
3492 10135
4448 6371
2794 4811
5180 4085
13416 1345
10506 12200
4874 5164
8239 2971
444 3612
1995 7774
2241 5781
12894 12406
4050 4123
6391 8075
5910 5263
1019 6756
12378 7469
2543 11935
4366 7624
12642 12253
4732 3581
11673 11221
13734 1211
14392 8101
12538 5190
5706 3352
3988 302
6062 7738
11664 2993
9182 9668
171 5661
3324 6723
5718 12017
4316 9307
10229 6774
3656 6625
4058 5460
8948 3018
4440 11667
4095 6516
4647 6256
5538 1548
14356 12391
3288 8449
4002 4112
7882 9092
9121 5423
12310 1452
7273 8802
3259 2107
12691 1132
4388 10262
8404 8252
3470 4405
7639 11696
6744 11614
6390 8408
15110 7542
11221 1994
10386 5498
6171 7207
11696 2180
14029 7864
348 11325
7881 11071
13890 970
10556 8733
3689 4430
801 12012
3325 8977
374 10931
5367 4128
10204 3448
11755 9349
14155 761
7343 5262
4367 6528
14147 5931
11332 5430
9409 667
1385 10128
13539 960
8612 9749
3531 3596
3058 11829
4530 2674
4745 6152
2769 9880
5228 553
2469 10910
11530 12123
9699 12611
1171 4857
12984 4540
632 9831
13051 11581
6110 9475
12946 4526
9919 3264
11902 7352
4381 9639
6212 9791
10179 5698
632 3014
2458 1672
4648 1419
6309 1223
9058 10752
10202 3178
3427 1280
11966 11380
11965 12335
12827 6711
4388 10420
10784 11376
630 11705
10390 1234
3397 12366
1242 9663
7618 11208
11003 9488
13223 2198
5138 555
13728 2915
15097 9237
4311 9562
14634 2737
6492 12137
13525 7699
2573 10271
1117 1284
10344 12583
5327 5517
234 11972
15040 369
1954 6865
8355 4113
5623 12026
12643 723
10034 3520
8835 6018
10666 9303
4976 2975
3786 7251
5023 12141
11425 11048
1928 8921
486 5467
13855 12165
3462 9135
8427 2209
7276 6650
4068 2967
5067 4737
3630 7526
12747 7514
9708 11830
1197 2009
10307 5428
11101 10325
4333 10910
14707 500
12823 5361
1350 5724
4215 3164
12846 11490
2189 8089
8308 7511
756 10284
12920 9889
13829 874
4222 5303
12585 11718
10455 4287
13273 106
4359 5831
2836 2167
1432 1639
10524 4182
27 6654
3021 3195
246 5340
5947 2104
5998 1632
2887 984
6450 12197
10941 3326
5633 12496
3949 1188
12698 2671
10789 9926
14014 6095
1511 3386
8420 7055
3884 7899
10969 7163
4245 283
1617 8078
3177 6749
13391 10944
8592 7287
1804 1823
14090 2994
1000 6037
3309 5336
12746 4794
12666 2563
1045 9699
9627 3343
8298 8527
7195 7611
2068 781
9761 7362
9748 5009
9803 534
14057 11118
4995 12334
2747 10764
4576 5046
2885 9430
9564 1940
6589 4578
13261 8697
2369 551
14019 10955
2431 9140
7869 4708
13600 1264
3784 11480
6259 3404
2261 8467
2258 3044
6037 4957
6355 1822
6419 3869
5485 8657
12399 6266
14917 12058
10515 5344
8212 2408
14163 4579
13398 4384
2982 8398
82 8934
4731 766
4257 4096
14522 3118
3613 5301
10873 4041
7688 4056
6423 1783
7573 4376
5336 4494
14070 2070
14526 10429
12196 9871
4256 9881
4485 2641
9482 11329
12797 973
6960 589
9203 6647
14704 578
14366 7900
10275 7373
4941 9268
6816 6807
12592 5536
11406 4775
7654 1735
1443 752
4867 3336
8637 7040
11102 6692
10652 8642
3029 7747
9499 9143
9821 10965
5929 53
9737 4855
744 7717
11702 7667
11362 8998
10162 4385
3938 6331
5127 11527
8758 4911
11399 2974
14559 2789
9877 4584
6098 3194
4622 7776
2383 8415
1874 8255
13179 11129
4787 639
2332 9343
13081 10298
4368 784
12175 9802
3114 2439
7149 5219
5963 729
3555 9251
5209 7580
14879 5288
14494 5207
796 3601
13792 5711
6087 7999
5592 5208
654 10202
2674 2856
6376 678
1536 2463
9499 481
4090 10460
12558 11176
2006 3307
6635 4700
3424 2473
2704 4798
3094 11725
4531 2899
11011 2154
13840 8413
3254 1818
9520 9231
1438 8189
7639 5770
14820 11857
10794 2624
11685 9462
5756 8995
12362 6671
3124 57
102 11517
10844 11073
6252 5855
1416 11760
13003 2741
1696 12344
583 5003
7788 2748
3124 1923
4668 3099
3441 9647
9009 3928
10431 9062
5963 3695
10013 667
12048 10597
6530 4413
9622 9019
6261 5235
12109 2705
9644 5516
5004 2578
9216 9936
5334 4348
14889 988
9929 3994
12635 8806
3651 1567
13405 2207
8304 3663
2818 7258
5141 10554
13669 4193
12275 1687
12902 7111
14520 9878
7003 5428
8743 3528
4629 6231
5634 10707
13553 10278
5938 9248
15126 5014
10100 1574
11954 4837
6143 4172
2156 7461
8277 5582
4741 1442
8518 909
561 28
4860 1839
3627 1035
5287 10793
7322 4272
5957 5153
8702 3476
4460 5202
9526 7447
12920 7109
4210 8162
7596 8744
5936 9046
13638 5991
7510 11990
4836 7358
13803 6405
1485 7821
7185 49
6206 8702
5762 2982
4529 5404
5927 10897
5099 4319
6607 8537
8291 761
8754 6519
11562 2426
11235 315
14779 5879
10507 9060
8545 7949
4711 3696
2335 8874
7008 937
2688 7199
4067 5774
732 4672
9533 669
10979 3016
4405 7133
12713 8710
14758 5835
5582 4038
6711 6664
7305 6716
4664 391
2480 8427
251 9191
15015 415
13197 1758
8418 12118
8144 1678
7897 8879
1398 5674
11559 1271
12892 3874
447 9170
4288 1980
3532 10219
6977 1692
8802 1052
7730 3567
262 5907
11226 5423
10199 9120
7467 824
13848 10036
15100 4146
2396 10065
6214 6122
12844 7569
9431 4186
631 4637
5175 1074
10935 4291
4629 13
2844 8653
2604 10012
13431 4576
5911 5569
2853 3367
6158 952
4982 3246
5981 9266
12441 11562
12703 7265
7206 2884
10108 4506
1671 6321
3100 6734
6788 2217
8519 6124
14281 4675
9146 9763
5206 6009
2408 571
5668 10612
5899 10279
2575 8868
12261 445
14756 9873
1944 3811
1480 5185
5533 5038
13858 10404
10053 5023
3558 711
13450 6248
7711 4629
6353 11271
2073 4757
10239 291
8104 2021
21 5559
2968 3906
4585 608
15122 1626
8546 6891
1319 6272
1520 7430
11068 1578
1701 12541
4850 8210
9076 8620
9745 1875
7269 1952
8145 7549
7730 10232
5861 7680
673 12055
4196 11183
14333 8097
12789 8684
5651 276
8342 10660
1543 12025
1737 5291
13873 5509
4028 9616
10104 6805
4788 6648
904 8035
9749 884
7635 7522
3407 2289
12706 5453
40 9744
12309 11708
11971 411
10687 6536
5131 2066
8375 8009
14814 9539
7068 11412
10232 12290
11049 5816
4826 758
10993 11394
3831 639
1047 10283
9019 11939
13388 6071
11000 302
997 12598
2895 7870
5369 11511
8439 2439
13236 12029
14637 10959
14427 4250
6329 561
14717 9041
14328 4834
10609 448
7435 5910
2002 5822
6940 3904
13748 12459
8648 2455
10433 11567
10637 2519
3093 8029
7921 4944
3986 9699
4396 7856
2561 1852
6068 4714
12870 1598
6147 9206
7614 7558
3879 7990
7704 10097
11813 3981
2701 2603
9515 9704
10461 1775
4369 7867
5255 6946
715 7370
3685 2537
12910 836
12962 6292
316 4144
13113 384
3886 1571
5227 5682
9661 1495
5469 3280
9164 12604
1899 1879
7062 937
7277 5662
1488 10381
2757 6490
6938 3154
6721 11266
7399 11292
9331 12106
2502 350
2634 12142
9517 264
10509 6330
13089 1622
372 12461
4357 7863
8867 3882
4124 10655
9188 11520
12892 10185
12800 6114
2705 8159
1785 31
7467 1718
1543 9162
2534 4623
13453 1336
5620 1215
7735 8891
1801 495
13619 5784
11458 4749
2505 2169
10546 6382
8152 1729
3371 6824
13070 8760
1381 3950
14147 7868
11727 6557
10771 9262
11535 2896
7126 9148
3223 1750
4574 4260
11367 8561
8972 3029
8280 7190
12336 2795
12876 12563
6107 10005
16 4779
8034 10759
5194 9982
8082 6891
13733 5431
298 8826
10998 7454
505 4522
12395 7199
10005 5330
9775 4977
13845 2487
6780 3505
6924 12056
8573 626
8610 11434
8447 10920
14513 11750
244 12364
697 5813
3267 9941
11104 643
2447 436
9514 9397
258 11982
6288 637
4790 7888
12256 2630
4065 12567
9169 4842
5466 3497
12162 12070
9324 4343
1294 4363
11094 7198
13 4684
9884 5003
4618 2238
9742 11677
1916 9646
2514 12407
5988 1065
13520 1566
4802 9098
12731 4624
4436 2561
1463 8805
11373 2763
5867 8666
3661 2725
9413 7985
10690 8731
14532 2813
12443 11663
6566 12563
13509 1363
1454 3348
2276 9887
6033 5571
14640 11710
14654 3708
2313 630
6823 11889
8088 10065
3857 4053
8003 11405
9428 11213
3565 10328
5519 1765
11336 8392
13419 11931
5207 4330
202 11383
13861 2110
11116 7026
10332 6714
10750 10939
11491 690
8031 6922
1687 9771
12240 8075
7396 7931
6296 267
2624 4699
6193 1121
68 55
9203 9297
10792 874
11258 9252
12186 7114
14998 9674
12411 8138
2447 8665
14838 7678
10131 6795
7549 589
13438 947
13730 2967
4581 8557
1744 11745
10847 6003
8835 10002
9680 12621
10218 4574
11955 958
5495 9625
12515 12413
2145 4869
4134 9420
11031 8546
4150 4252
96 3681
2734 3853
14131 5230
13998 9302
9872 5209
6859 4381
12058 283
14262 3320
9330 3740
807 3852
14737 6019
10310 6613
13889 12526
10901 7378
12089 7386
12861 9259
11091 4498
13876 1722
139 917
15112 10016
10358 1135
5963 11777
5917 11685
13403 7048
11028 1694
12396 12114
10171 8388
5460 5673
6321 8000
5522 3208
10768 2600
11964 11687
12969 8227
7908 9511
4605 11468
8263 6601
245 9507
5682 4303
5790 10236
3857 12195
3492 2766
9333 11799
6474 5198
7328 6450
9764 3046
3536 2169
14449 4894
7046 10807
14040 1346
2419 326
11005 4877
10430 4816
8704 10910
15060 4598
9523 9271
3628 9814
8374 8291
11862 2549
5329 550
5887 6589
13613 9840
5091 8509
14287 376
10736 8098
7890 3051
1907 772
11584 2139
1282 5640
3469 1680
3749 5668
7696 2125
1666 10908
13438 10554
7843 1455
14885 5290
5413 10602
9826 5246
5472 4101
5663 4885
2926 8272
4684 5417
12378 765
13657 10371
6375 7382
2830 11933
5146 11264
6632 2980
8132 9830
1200 2811
11920 9329
7896 7493
14214 6568
9877 6408
9209 8480
4692 2081
3987 8962
2363 11408
11803 569
9725 10623
5312 3407
14968 10524
581 2568
4591 2607
13097 10231
15199 11092
5970 6508
3777 9784
9973 4237
3675 2974
6052 4896
1379 8957
2644 1864
5265 10424
11754 11216
7775 2838
11522 10664
5952 7090
5916 7262
2714 11741
4387 5096
12897 3154
9339 1096
5073 11381
4871 1112
1096 2277
7252 4538
5534 9240
2213 8215
10179 4414
7163 7454
2995 12335
3201 7034
10072 4743
2738 1663
5052 3502
8519 3564
10408 10187
12417 11971
12126 6549
4687 9931
11280 6829
10557 3564
4444 8050
3129 941
3909 7895
3491 1401
12686 9772
8048 8497
3637 2941
9851 8483
6441 8212
5641 726
12426 8857
8279 6315
6940 8201
4258 4635
6535 8566
1939 5754
7790 6488
2949 9759
12650 5281
9332 2443
9731 1073
3140 1365
6667 8935
11691 8674
8118 9442
5788 11491
601 346
3633 2482
30 4257
13588 2001
7713 5345
13258 8991
11275 12197
9949 5458
14952 2150
4228 3160
3399 8705
4497 8081
13037 10985
2262 9384
5974 11259
3221 6595
1290 1294
7683 7356
14648 8567
5656 8004
4946 8931
5174 5241
3204 6231
5268 4921
14194 8565
11462 1348
10573 1847
2314 7970
11729 1167
6161 6624
1054 12589
5063 7257
8657 7419
290 5377
13823 2044
9667 8305
10989 1066
3596 10635
11375 5818
2783 1385
13563 10546
7822 2391
11177 8497
68 2681
7914 1076
14766 1303
6145 1220
12584 1459
13474 5043
14848 11011
7974 7865
1513 3515
14792 5714
11711 6589
7903 12395
13361 3103
7993 10996
8976 2461
6832 9054
1618 4568
5163 10725
7363 6345
1364 1635
906 4718
4689 11980
11123 3950
257 10926
10174 7963
1366 8352
15171 11883
4777 5110
447 6260
3070 3431
12384 11990
7093 7081
