13 98
70 4
77 39
88 1
20 93
84 47
96 44
59 94
88 37
6 7
31 13
71 60
54 38
68 25
40 91
78 69
51 50
64 47
55 55
34 98
19 89
17 47
20 81
45 2
66 94
70 35
70 49
82 92
6 40
99 81
29 94
9 55
15 52
42 57
28 59
62 1
29 35
40 92
27 51
98 10
93 30
5 13
18 2
100 44
55 99
39 75
51 84
1 26
48 11
87 76
60 19
4 46
78 8
65 45
46 6
86 97
71 94
16 64
50 85
10 20
65 31
31 96
60 33
34 10
40 100
52 18
78 43
79 66
38 71
60 31
29 94
17 43
1 73
85 42
43 47
100 40
24 39
79 100
65 29
11 75
86 34
31 43
11 3
69 12
17 85
26 2
10 71
38 45
12 23
94 29
81 30
78 76
28 67
91 50
89 16
9 62
22 22
83 76
70 14
80 59
71 9
82 49
96 56
70 29
62 69
50 97
39 83
59 72
49 92
68 64
29 10
80 33
64 7
44 17
80 94
52 81
44 83
88 49
89 87
17 25
69 14
34 87
45 30
4 37
31 53
77 99
92 66
32 86
64 25
91 30
48 89
91 2
20 44
53 1
49 34
50 44
55 78
45 3
20 99
33 82
75 14
14 10
19 82
33 24
82 53
43 22
63 69
71 44
95 83
96 47
34 59
47 42
50 38
19 77
56 2
90 91
39 28
23 71
49 32
22 11
78 26
32 82
20 48
14 40
82 81
69 16
53 80
30 63
16 50
96 100
12 78
31 72
60 87
37 38
28 97
56 19
96 36
43 29
88 59
37 23
15 33
84 95
44 26
72 11
23 68
49 33
1 93
63 85
6 49
67 69
64 86
7 56
48 72
70 12
78 70
99 72
51 19
78 78
47 66
97 86
69 11
72 11
2 37
11 26
61 17
81 82
38 29
38 7
75 70
15 67
95 97
95 47
66 80
2 10
9 2
92 21
56 8
36 95
48 52
27 16
58 72
40 29
73 83
99 27
99 48
82 26
31 12
80 84
41 15
92 27
7 7
79 19
27 41
90 17
2 36
90 45
63 100
35 8
2 56
88 67
29 41
65 36
21 47
43 63
98 89
21 56
8 28
88 96
74 85
88 56
61 30
86 43
37 8
58 17
29 31
34 9
81 22
94 86
53 77
20 4
38 37
16 90
89 7
44 20
48 81
57 90
28 46
73 81
33 9
46 76
65 74
45 9
59 53
8 31
64 36
10 24
66 51
25 52
37 99
90 15
19 8
89 88
84 68
12 15
65 26
53 91
54 80
32 57
12 70
56 32
38 22
7 18
56 100
36 51
17 95
56 9
22 83
97 53
24 40
35 1
79 80
33 8
82 60
41 66
90 75
60 93
34 57
97 77
30 88
54 75
24 89
36 23
37 25
100 15
29 26
1 56
93 82
14 79
34 16
66 57
34 3
6 5
21 91
49 95
62 97
74 3
3 99
7 43
40 38
62 91
22 74
60 47
29 20
82 74
20 98
72 17
53 3
54 5
90 81
67 84
50 69
12 40
86 95
93 11
71 7
7 72
40 92
66 9
57 3
7 83
52 15
38 30
41 69
70 77
70 3
74 26
4 64
96 98
12 15
85 98
54 8
52 19
3 59
20 64
63 30
60 34
41 68
82 4
48 37
44 16
28 21
19 78
10 57
91 93
69 96
13 52
60 91
8 96
2 85
61 51
53 90
2 52
56 75
78 87
56 5
51 99
21 19
6 73
70 28
48 64
54 46
83 70
31 30
35 34
65 24
35 54
73 26
51 5
84 49
75 27
139 716
608 610
628 777
911 758
94 434
948 139
519 521
368 514
859 229
794 862
221 1
908 666
502 626
497 681
262 141
549 553
223 611
901 316
242 891
350 589
33 50
889 636
771 801
803 278
38 762
691 956
166 896
461 21
315 635
348 875
370 293
12 735
410 276
172 610
230 380
250 874
770 577
953 85
567 573
534 61
169 108
289 903
831 978
134 833
914 348
826 512
766 460
507 235
775 819
489 640
357 554
624 393
239 353
895 811
566 707
131 290
560 676
469 292
21 305
490 793
942 858
353 787
217 390
447 48
769 107
78 73
347 855
788 647
203 825
704 537
164 86
751 100
279 824
517 959
283 369
983 721
227 896
772 842
301 278
748 83
646 504
345 730
675 417
634 710
570 483
271 532
599 337
62 708
666 20
948 419
462 728
807 245
381 979
456 294
310 217
958 830
385 527
749 559
817 994
246 76
312 955
440 448
32 169
324 551
373 635
470 37
521 889
31 153
791 141
31 910
225 180
984 230
5 683
6 91
386 311
979 964
816 965
183 328
102 747
812 218
405 689
471 865
913 672
971 2
847 741
351 452
394 641
600 720
568 880
673 315
202 436
126 986
552 438
673 73
794 81
971 127
644 795
100 178
513 656
710 930
384 268
660 333
772 501
712 527
909 131
937 843
772 213
43 858
811 290
496 830
899 816
909 188
143 364
280 613
934 751
589 87
294 456
240 212
572 828
412 743
528 824
146 606
244 726
214 760
61 843
291 973
435 860
694 268
771 888
208 237
387 311
356 964
725 637
265 854
693 898
626 108
397 121
841 681
175 523
186 337
730 696
571 520
190 225
329 756
42 948
726 815
53 677
527 989
849 94
530 231
523 227
53 810
31 100
576 231
361 816
924 456
950 554
462 739
705 67
252 398
721 604
704 231
648 797
762 31
502 671
575 419
748 139
952 997
372 13
14 918
541 552
200 736
789 823
87 788
304 821
25 303
957 794
177 121
903 27
208 748
944 909
157 741
873 861
872 658
687 415
812 384
520 297
810 119
979 811
506 636
926 893
149 92
592 421
790 648
838 539
342 673
123 659
751 985
713 383
32 564
932 406
127 81
749 37
438 329
485 32
612 42
951 254
419 856
200 262
58 561
818 809
944 435
412 765
761 589
581 75
726 527
79 863
508 878
793 322
495 376
381 549
976 744
992 75
345 455
991 211
281 911
767 105
514 189
621 168
888 187
396 319
244 479
660 725
519 427
384 746
682 185
760 227
546 355
805 329
169 141
563 711
575 648
392 239
120 123
11 184
830 768
952 5
527 160
519 93
338 300
228 122
763 273
2 560
54 479
521 181
360 110
407 271
609 165
810 262
389 705
818 911
745 615
285 98
411 166
837 730
331 956
652 814
398 715
15 296
921 687
224 825
186 567
254 646
993 845
768 892
286 596
238 596
813 853
32 554
876 774
360 560
237 1000
226 698
502 283
308 270
814 208
624 346
866 402
950 281
438 674
902 411
327 526
764 688
780 894
812 761
781 178
557 628
684 451
810 586
240 941
563 814
465 61
418 908
166 349
746 475
425 137
202 712
228 325
678 457
972 837
150 987
547 880
624 809
677 418
417 514
729 677
697 956
87 891
525 443
912 915
69 456
24 317
77 168
752 556
721 186
752 607
346 996
378 763
469 171
699 729
427 717
426 455
643 606
986 966
290 122
493 256
533 885
630 971
238 581
232 119
42 88
325 800
603 728
486 967
145 255
146 611
35 361
650 816
979 709
896 282
568 583
40 200
357 205
359 223
222 268
936 410
779 342
822 83
981 330
451 233
6014 6833
3430 4445
869 3192
6659 2339
3167 8975
8501 4946
9425 8749
4591 5431
1217 4429
4448 2413
6740 2089
5924 977
5234 3905
2135 677
4198 776
5876 2611
4961 9644
7596 2043
7262 3472
3218 5883
7217 8935
5508 91
9305 8111
340 418
3732 232
468 4792
6146 2032
1935 1256
5665 6556
6740 2257
5895 2420
3294 8539
8335 6428
1775 9873
1098 9659
5083 7582
8263 5146
3440 5640
7405 6554
3652 7204
7972 7314
6551 8148
7300 8100
4119 7748
3030 1435
4562 6941
4822 740
1605 3331
5338 5
7747 8290
1372 4430
2370 7648
5027 1323
2976 9550
2624 7043
2387 3536
8836 4128
7965 391
8511 3035
8846 2216
1587 691
8771 7579
7719 7418
7229 4225
3399 7821
3933 6530
3977 7213
3035 4131
2731 8910
8773 3441
1383 5980
6516 5324
6216 1573
2811 4467
2743 9000
73 8328
3262 2023
6686 2895
8221 3019
3865 1064
7691 533
304 9303
1252 1884
345 3836
1249 4584
9429 164
2070 9066
7821 4556
9684 4358
5124 3021
6671 510
7675 6024
1465 7468
4004 6286
3069 491
5247 9773
8328 4371
7024 3139
4242 9503
113 128
9115 1245
3219 5708
1168 1361
3168 66
7308 7030
5580 2904
651 1554
7274 4380
2618 1429
8331 3644
4682 2718
5089 7010
4372 4474
6193 6346
9478 8042
5863 18
7067 9295
9443 2797
3145 4325
7410 1475
4884 1913
4072 7721
5888 5081
4312 7496
2596 470
3798 3661
41 2552
4867 8781
97 111
840 1426
1989 9857
9166 2486
8391 7893
7194 5306
9318 2346
1494 1636
5520 8884
3530 2932
7106 1269
9754 5361
3706 3300
2265 4452
2286 9597
5019 224
9829 1829
5256 8381
6611 615
2508 8096
562 5408
4443 5192
6699 836
5858 8344
3412 3531
5625 5468
532 1691
980 2074
114 882
8329 6310
2268 7713
5851 2193
8691 1424
2581 6847
6466 2450
1779 3364
5568 2694
5370 6587
7707 2998
4312 8339
6085 8912
406 5782
8331 8607
8762 2822
5679 5541
8200 9830
2823 215
8233 8883
2862 4661
4548 9118
2329 9380
4136 7367
9652 8266
8956 7942
7163 5334
6989 1513
1765 7465
663 8054
2938 7573
383 8219
8485 8560
2396 3002
3940 133
1286 4138
7516 9639
7783 1980
1034 5203
8191 3099
5380 8993
3923 5806
3790 8166
8245 1870
