993 9320
2467 318
2785 2184
4621 8272
449 1164
4494 4654
8977 794
5154 8565
2877 2996
9779 9214
5678 2867
5100 748
2540 208
1375 3570
4065 6750
8145 4142
7673 9976
9475 4742
2246 579
2236 5758
9104 1055
4146 7554
2137 3135
9016 2774
734 4339
6913 1192
3225 254
1411 8687
2979 3641
5830 8962
7608 5251
4811 9111
2003 6691
330 6758
3144 5100
5827 4842
240 4027
9030 4004
4559 2336
527 6651
5585 8823
2185 4308
1299 2834
3091 3289
5535 5189
7967 2473
3695 4429
4519 6733
3250 9373
2427 4786
380 487
8117 6088
4839 2324
7166 7302
856 7552
6457 215
3517 6309
4652 6213
4818 2274
4288 7712
7186 4279
7566 1579
8394 1840
7881 5988
7514 5900
3706 2238
2805 6088
7670 8669
9176 1437
4317 4877
4471 7075
5787 8239
5763 4320
3745 9760
3560 2386
1694 9800
9442 4420
9526 6012
575 8816
4645 7489
3360 9473
8205 9390
8297 5524
6218 1596
6552 6731
1719 4845
5090 6557
1786 7397
6281 2750
1578 9258
8889 9382
209 1044
9730 6560
1564 6400
2336 1633
2719 7815
2182 9587
8837 6838
410 1166
4597 6874
5561 4466
1905 361
1195 1218
4504 2368
6849 1872
5307 6517
6619 4210
8253 6616
2950 462
915 3371
3747 1096
3243 5722
2434 8276
4648 2233
3853 1737
5467 4506
4033 6213
5390 5479
6087 3863
1867 4961
7634 2237
7561 4614
4192 7162
3350 873
5955 2275
2000 1905
3706 2487
2333 415
5880 7961
9066 9293
9654 5547
4640 9424
3156 5097
5587 5962
8106 2159
4949 3151
9997 5159
6904 6721
7534 8083
3712 5690
9484 2947
8502 3317
4169 5828
3337 6970
5818 8358
9790 4676
9272 6023
9193 2161
9972 8129
932 7141
4312 1853
6188 8539
2072 3203
9083 8314
2343 5200
9279 3455
4917 8242
58 6141
9558 8258
3059 9229
2878 1326
9689 6324
6521 5586
6888 4144
1015 8482
5108 8622
8372 2903
1906 1019
2806 2212
1142 7972
1279 9684
5927 1005
5651 1363
7951 1931
4115 4021
4847 111
3591 3846
1215 6831
7483 6286
1570 4850
5248 3040
3672 359
9203 2353
477 3634
7003 6032
8078 613
188 9526
4668 6456
1528 6362
2586 1732
7157 1985
4833 1825
3834 9873
4530 5578
4723 8913
7035 2762
724 4351
7955 4901
169 5661
3855 2053
8028 8312
8583 9440
5744 5735
2131 1442
5195 3213
4686 9356
1808 9002
8557 6345
7882 2084
7273 6841
3012 622
5111 9948
1621 2450
9705 4524
7146 3840
6638 9527
8668 4179
7236 7496
8368 6796
4270 4497
3261 6366
9904 8968
7848 6213
8039 5915
2203 8035
9910 6656
6644 9145
7627 1389
7113 4734
9487 8176
1866 1743
2013 8349
2367 3571
8362 8883
3984 6394
418 777
3043 2273
1748 9354
3584 3077
7475 4489
4865 4322
7325 4723
3797 5654
7177 4272
612 1110
5001 1557
5756 4045
2655 2330
6393 4445
7148 2275
7268 7619
1507 7389
5058 6748
5341 6278
1837 8813
7493 4761
9809 2452
4931 4118
9660 9609
5430 1098
5432 7200
1146 5935
7301 1437
2042 7410
7007 4948
8095 5997
1983 4925
4038 9665
6494 4929
7487 578
1299 5219
6274 2591
253 7309
4780 6172
7549 9430
1047 990
4363 5645
5543 4002
6377 2629
5297 1658
1284 861
598 9861
7398 8091
1869 4794
8681 4740
9455 2449
2950 2426
1932 6894
620 4499
9851 331
7020 9874
8910 3872
9424 4404
2276 7858
2796 6681
3159 1509
2700 2012
4566 8559
845 161
1998 3819
1897 9307
4305 663
8074 6855
3528 6938
5823 9464
9156 5525
8092 2399
7904 6501
3643 5975
19 3218
3841 8315
9138 4568
3244 8549
594 4655
8120 9411
5323 2633
7681 968
1400 3383
642 3052
7114 6984
3548 9137
4669 2064
8818 5891
4722 7713
9377 4555
5691 3992
1421 9105
7077 8902
4007 3483
863 297
7323 2454
586 6871
501 4383
2761 7559
7523 431
6631 91
374 8881
7303 4094
7202 3073
2438 5526
9589 3059
6254 6598
8084 3389
8260 4051
5953 4018
5665 8529
1609 5836
2349 1337
2218 6645
8487 1673
8465 9427
4433 2920
753 1149
4728 692
112 2814
7010 4410
4731 6436
4976 193
1018 5477
1635 6900
9854 4816
4299 1562
1479 8907
5802 8612
2371 7294
1190 3554
1328 3371
4910 4290
8082 9433
3636 358
6415 3532
7593 3457
824 2962
3142 5694
8435 2652
9926 204
2067 9911
5121 5946
7049 7878
7363 5963
6676 9118
6796 9654
3315 7086
8544 7438
5915 3928
190 4136
5477 7904
8430 3774
7599 6289
2692 8943
3938 5686
9809 7616
3123 220
904 7267
7155 1153
7646 7795
401 6968
8938 2089
3936 2125
957 4142
3987 607
6827 8366
2452 6911
3751 5973
6084 1956
8781 9849
8812 6104
2568 2435
6498 6178
5236 6475
8312 3024
5629 6271
1839 65
9735 8095
4777 7805
4151 793
4363 242
5342 7132
3537 8828
4918 8635
9899 6415
1381 1200
405 3652
9631 970
2213 2062
584 3844
9693 5112
9782 5843
6065 3261
9557 7244
1010 5235
980 4560
1465 2724
4572 2454
7199 2971
6257 9571
4105 7816
577 6152
2081 9712
4938 4215
6015 7588
7272 9971
8902 7115
7564 3124
9739 2735
6824 8372
3489 2657
8166 2329
6816 5674
3417 3231
6996 1088
4891 3601
2353 9297
2661 5396
5619 8078
2317 3201
8804 119
8841 6300
935 7887
8355 2421
7954 2412
6805 8731
552 973
7955 7032
4948 1304
8455 173
498 3631
72 3946
6183 9454
8036 298
3425 2628
508 4409
2584 4028
8191 5379
1588 2295
4766 4043
4008 3863
8671 8388
3261 7866
5614 7680
9449 1089
557 9474
7102 7196
3947 7426
9791 3557
6403 3821
7645 3301
8603 8997
9360 5511
1997 4300
4176 1111
9011 9081
6644 709
9675 5909
1281 8588
3802 8565
2868 4106
5133 5188
6412 3196
6282 6107
2478 8280
1861 5664
8283 726
9263 6553
4799 1595
5912 5979
576 2099
1557 3315
7495 2730
285 224
6667 3336
3613 396
1352 1543
4219 5749
2799 3234
2376 8044
1975 6251
8943 9784
9041 105
6810 9944
6601 8253
6147 6452
9224 6959
1064 7598
1415 9066
9272 8251
5582 2352
7066 3304
3146 4619
1132 2026
1484 8418
1417 8230
6398 7764
2212 5994
9441 3748
2161 1062
3043 3776
7379 5418
5676 5696
4720 190
6199 5720
576 584
3453 5738
868 1789
8172 9755
8020 1287
5255 3488
9793 415
7080 1477
9497 9480
3873 153
56 6712
7295 6538
5147 1859
1887 3320
929 5445
9643 7561
5658 7532
7949 7337
7857 1536
8772 5387
9510 5392
2836 5008
4836 4539
8136 7570
3281 1703
5843 8910
7460 4577
1796 9901
7408 1137
9943 9389
2271 1753
6007 7328
7498 8507
9026 8865
8068 3572
8694 4014
6551 8553
2359 4246
3526 9740
7042 2721
7489 4619
2923 5926
1687 4741
3795 2461
6806 6234
2614 8930
9054 1358
5344 2786
211 6473
4223 1638
65 3134
7012 617
2826 1206
4595 2359
5275 6392
8170 6708
3372 8984
9615 8933
6054 3049
9330 9903
1280 6816
2017 1739
434 6599
5753 67
3018 1162
4554 9484
2844 3985
3012 7119
5700 7915
9662 7557
9671 1123
165 4239
791 7874
4417 6976
3366 4609
3651 7719
9042 4328
6043 4828
9647 3576
4039 5974
4290 6402
6453 9383
7177 146
9513 6870
6216 1387
5114 6342
7358 6400
5334 4071
7654 636
8598 169
7865 1967
7373 953
6353 9382
5594 6890
5177 7638
2940 8241
2784 5268
9989 4924
3756 8612
7287 7055
6458 9708
347 5901
5060 9203
8289 2400
284 5580
9170 742
1381 7769
145 1160
8849 2462
528 2263
4020 9940
2174 2165
6119 6774
302 9374
9961 299
9683 1009
7600 8608
9687 6798
3613 7217
5787 7070
9117 8756
2489 3402
7116 2211
741 4985
2837 6932
9938 5161
4660 5830
1456 6969
9276 2010
6115 7104
6132 220
8336 2222
2604 8028
4352 2366
4733 6814
279 9828
7214 3114
6782 633
212 9568
204 5359
2977 892
5859 6915
1197 4305
1111 5695
3042 1958
9850 857
7761 6826
34 6363
690 9125
1484 7567
4568 1132
1961 4807
4099 9280
710 5559
7839 5748
4234 8912
8986 1209
1177 905
5299 233
8182 2251
6942 1100
1973 2890
708 6809
1021 3115
2679 3677
9212 6199
5731 7377
69 6811
527 363
6261 9608
659 7748
4868 5053
1428 2753
1910 6735
9435 2112
1073 7411
3059 2577
6009 6568
705 142
3270 3444
798 4889
8791 9449
7184 561
1600 4067
7767 6496
2271 576
8275 6835
5981 1277
5586 9111
7343 7626
5095 844
6988 7353
822 8457
3321 9000
9404 2333
2912 7495
4908 9773
1008 6568
7204 3630
4813 4436
3214 8929
4040 5492
7938 7286
1737 3778
7257 8254
7240 4348
3244 4977
6956 7521
4315 3176
1259 4108
6473 4089
512 635
3189 9149
4122 6651
3123 5935
9344 6081
4169 6579
5459 8343
9014 3312
6156 4289
8380 5227
8789 8603
6110 4130
3652 9153
7973 9394
6481 538
3901 2918
9848 6594
8300 3820
1626 1827
7922 2661
8270 6063
3355 4825
8181 9085
5282 4373
2795 3181
944 2611
3209 4953
2146 787
456 987
2920 4443
9888 6213
7034 248
5966 385
4357 3904
9636 8741
8067 3430
2186 1634
4489 9465
4930 3738
8409 7738
6617 2299
728 7880
458 3836
5034 4857
8844 7299
7097 823
3084 5025
3365 8596
2421 347
5733 4204
5995 7798
5499 102
8072 1341
2294 8454
1870 5890
209 8482
2202 4191
9321 5839
762 9608
2220 3767
1349 3951
9804 1881
1848 8418
9938 5198
8866 7125
5856 1923
773 7160
5455 6440
6524 2358
1623 563
524 4697
653 8626
6035 1068
1510 8892
6013 6959
7482 9922
2166 3329
9908 8023
9386 1805
9318 4873
7831 4483
9593 9483
2116 8865
6545 4288
5531 5854
5615 5478
8625 2404
3601 4525
4183 2744
4468 9682
5417 1302
3978 45
499 6493
3062 7971
228 7637
7827 4761
9018 5288
7396 9670
797 5348
327 4307
3560 7660
5667 6209
8881 2133
6657 6231
7706 1716
5959 9687
9104 2242
7678 124
7905 5161
8933 563
1083 7901
590 866
7375 2986
3975 5897
116 9845
5011 2276
2839 1554
4087 378
192 5074
6849 8629
8992 7239
7169 6526
4119 2774
9388 1300
6611 8054
9333 8073
7874 8811
4252 2137
3272 9994
8851 4792
9900 729
9483 87
61 1493
8558 5443
7730 9822
4901 3722
158 6403
9033 7354
3906 6982
9990 2168
6301 6283
2588 9946
1615 194
9199 9058
9179 1599
5791 247
3162 9842
8754 4881
4700 9992
7404 4689
8170 4765
5457 9291
5335 7036
8577 4497
7461 8054
3330 5805
1059 7546
1628 6298
5748 9910
1357 7760
3835 5947
588 1690
9682 4774
1611 4758
7338 2864
438 9048
8381 3444
4953 5739
8543 4920
6189 805
5507 4794
4082 3206
3834 312
5625 6413
9750 7564
5240 4311
6573 5762
5969 8277
9288 9592
7820 7224
8299 4577
5072 4140
8319 5781
9905 5918
5451 2681
8195 4556
7410 5750
6092 9431
9173 8713
5224 3239
1369 6758
7526 7228
4675 6298
2832 6364
8672 7756
3864 7741
6545 2670
2477 449
6436 1350
8381 5849
4366 6787
4116 1368
388 1711
9219 6421
3608 8224
2380 3004
4304 5834
4585 3682
6291 6757
1565 6674
6829 6198
6482 185
6754 1980
1025 1418
2127 1210
5537 47
4764 684
3718 8366
9597 7831
8539 4739
7832 5714
3674 4479
2641 5259
6887 5821
9904 7015
5933 9213
8628 1578
7456 3759
7714 1439
5058 6573
1509 5429
7745 8821
5993 3318
5085 770
9571 356
9351 1990
1112 7570
1877 3238
8014 9037
1955 1730
1375 3350
2435 6927
9833 2300
7941 8179
4435 7162
9169 3373
3883 2827
9841 2878
