1 1
47418 5029
15221 73230
66159 13499
89495 74593
18268 56375
33968 70026
37175 48012
92693 26691
51672 67314
85924 6608
95786 26090
43726 10538
89429 97968
3706 91499
21795 25108
30116 42098
24806 374
53060 77724
66290 84417
17462 71557
59396 23960
50631 32805
8357 95522
95660 10293
54445 22140
84499 43811
96578 72089
76599 94904
24192 43591
15124 38213
44215 80559
46105 79349
28507 24246
84020 34363
23556 26858
84539 22397
20413 26406
75932 33704
38062 21666
95954 58320
90459 54309
49662 21108
13816 89495
91261 97347
21085 68570
12707 43035
70752 683
51228 68207
98868 23046
13937 1770
7356 41413
66416 22147
20368 41390
77201 99939
14766 41875
86573 5516
50793 62111
99067 20520
81936 86618
2249 23621
84442 13466
9453 10028
92033 56578
81754 22704
6644 34154
56057 82678
80247 32676
27987 56897
91840 38774
46380 73722
34650 73124
39528 83292
38457 91641
6964 57476
90233 91873
87820 58995
28556 12478
41448 18074
93693 78296
59002 33440
51359 5016
76316 17601
43691 41221
82684 41023
58527 78034
20779 70562
96344 51927
64835 85013
41116 82628
67810 65774
5081 1179
57513 17221
7094 23120
42991 78371
14646 47617
85661 42376
1124 37313
60028 13494
98665 79418
40170 40227
68076 65919
78101 39731
13989 43444
98680 41690
59768 7447
31446 66066
35240 85411
15618 68294
20221 29748
81320 85123
36540 35720
65455 78895
19231 13883
94987 38156
38754 4645
66986 90598
77248 55644
77076 4671
5015 13746
81200 73017
70622 98217
50580 41407
49355 30446
49723 60101
38530 94004
16642 74197
83340 69649
99365 59406
87983 78595
24763 71910
98982 54087
45349 41452
49056 83273
83166 58026
3189 72881
34550 95580
82688 12440
47148 96741
49092 32195
59024 32248
5057 24183
14129 1594
81325 64023
88817 72276
95880 32050
85694 8553
29893 16170
25843 29711
7931 69978
54234 42948
48903 7901
3686 61367
82343 75511
84260 81149
28638 83158
14315 21046
34864 73700
44167 12484
99822 42048
4768 57743
61239 54166
83832 37565
62043 15768
68179 28433
93628 25720
47984 19236
89266 98547
56894 12926
70774 12903
5489 62937
2738 87207
93077 6347
77251 66045
82052 78658
30702 51979
86961 1543
67430 7913
4683 88467
49636 19508
1361 54359
51050 77990
19257 21404
95342 45045
40025 32398
54161 1983
99539 24752
76574 46663
40072 42387
47633 16084
78331 17282
72830 52727
45765 26595
60122 20562
27539 41370
66229 22975
31875 80629
99961 36259
91162 24724
80841 78567
92407 3549
66730 65986
81724 18124
16704 36944
75780 5395
56561 63523
75673 39134
84794 67641
4619 17646
97300 3865
72843 2028
77925 50825
29449 21395
44336 33997
40291 68690
29224 2799
94636 45083
17608 72794
26242 41186
26033 25405
79093 19098
11080 48798
3658 61506
67210 78406
85440 93304
28546 40975
97346 22009
54491 85253
68852 73115
79685 45677
62625 93199
12243 60021
97348 34560
1056 81425
53654 98575
21966 7733
56581 35758
9406 13136
50067 87027
53325 92654
71860 68362
27120 68967
80429 39413
58571 30674
51750 36983
14725 28042
19430 25644
95080 41323
32526 40951
64189 30214
31175 74971
25293 41951
7074 8857
98341 18038
28726 61159
9584 45515
71746 26894
79906 92877
31795 69674
98533 56325
68812 55694
65862 33754
30687 4055
79351 84447
53635 97285
50941 99600
98744 82941
90889 16217
19452 17045
8107 28537
16703 91654
23023 84456
94955 83774
86004 83465
27610 89956
4776 73671
43192 39701
36017 1809
30959 47900
11820 24530
53068 61285
80516 54134
61261 89817
37903 5696
16143 83053
27394 41516
29458 21553
54953 13493
18678 4998
50001 13799
76898 25254
51025 37825
61818 21136
23119 58818
26249 37192
60824 61886
34922 71278
7327 94023
58425 84156
35019 38469
49997 88501
43683 33295
53023 20239
96603 37789
95155 6292
60431 14073
68230 93109
65290 3711
41951 35075
78655 93658
4832 35135
78692 35747
85521 93477
67729 43639
79990 95739
87997 18247
9939 50013
7827 55421
265 58268
37297 49685
3990 20122
97656 37848
96826 30915
48996 60902
36248 69589
59944 74473
52880 33645
46215 47453
68084 84302
98809 42038
17855 87313
74561 21876
85195 24304
72818 16006
66245 3550
45475 34577
89311 80376
88031 4928
29125 72807
3805 56697
83482 51263
22183 57306
61513 92351
98956 14896
44882 58653
87607 54287
85575 86454
32993 28211
76743 30878
33511 83425
35846 45148
42894 34076
43507 98568
57085 94506
8158 97378
89724 61507
3057 93638
49011 69200
44310 79922
46020 43226
39529 8883
3399 22534
97880 69967
72322 31179
51870 47412
3931 71091
28632 79482
69940 18878
998 59482
63983 69508
34198 61774
14837 73042
96058 47003
24314 9753
9568 16616
35108 43793
86419 93426
90117 89873
22921 17963
1567 78110
77818 19493
30652 32012
9559 68066
31792 96162
10034 1543
24334 50730
48641 99883
15222 49383
1668 10963
32136 62971
34640 84632
64114 98018
86898 82076
78875 89448
20087 72869
89530 77612
68476 85678
51188 26853
217 83917
9112 55996
41929 11794
48860 10906
88782 60865
63550 34977
91756 5518
15953 68639
57715 3647
8745 26554
53278 61211
85899 49626
68048 93614
71899 88500
28999 16005
57732 22901
83488 69531
3955 99489
95835 58743
96671 10068
42431 1185
79517 30162
7471 86205
91251 48731
77247 95626
16226 23989
13828 63135
89378 1281
3897 74456
11907 19791
67868 79394
11896 92218
23764 41501
86755 92712
27185 66709
43038 22985
63032 75907
78174 41251
89141 40917
87499 57147
96274 84518
25000 67555
78044 40321
86847 40954
83934 43970
11892 98684
1819 23312
86921 92310
38053 54553
11641 44109
37257 81369
76164 97717
68141 6260
95662 84028
49380 54665
14438 61021
43886 62326
60093 44272
88096 15624
22558 96792
68249 28857
13319 32862
88137 12217
96625 59767
21205 18221
80816 9028
92986 63747
95144 65873
24306 43690
19387 16619
70119 75825
45162 63631
98082 91276
87777 21700
75215 62287
92097 19907
80706 12087
66935 62682
32266 30270
78593 5324
39737 50769
59423 90825
4699 28476
92422 16482
57036 2118
26540 84837
84820 46885
10502 36912
21053 18807
42810 19632
24770 78876
25919 20560
99258 88489
56000 73898
25510 49300
82512 88433
11883 16864
75902 6919
47007 82472
92607 41495
81558 94478
28271 37998
95840 52125
86849 78556
11771 47560
83982 10723
67346 34988
65201 80410
97194 75846
31605 4288
74028 24545
6045 21780
44823 43686
44285 47424
28115 87144
75190 81139
43458 19482
75721 61561
87709 69423
48227 34481
12438 62005
38359 17838
56205 72853
96659 43153
93093 36241
95688 77705
29814 67271
63251 51398
35259 96497
47554 38486
34556 49076
96435 38622
16033 44577
58830 8958
26015 50644
58046 80815
33924 33154
24727 89452
30926 10373
28221 25283
96745 33402
32102 86232
8983 6748
92388 64787
21824 97404
45383 53579
58018 9650
1469 76886
47359 30998
36357 95544
80686 42954
72680 28146
96594 44740
89000 51878
82315 31958
68992 27845
23627 42428
30994 62014
26952 18880
81493 84736
34208 88528
97334 34341
36815 31642
79814 91428
16479 53247
13100 67562
10143 34176
78270 60261
31193 24520
80917 54732
54657 23769
28840 20386
13584 47617
23229 66424
89564 51673
22751 68141
39691 44023
23350 50261
70613 90837
35329 14699
78817 52264
76485 55866
3914 54236
16617 10899
61262 41600
96307 99576
88211 52760
62085 17131
36206 79221
93699 79935
35666 27062
78664 21943
37639 52644
25587 79658
58573 76616
79057 11103
82728 47521
455 80145
28262 97769
40107 52472
12249 67095
2430 27962
90454 14721
99815 73117
5877 20836
22421 76974
16129 98980
28225 21395
25736 79454
66338 21270
67220 42759
34234 4282
51625 52417
49672 32459
65348 81339
16054 14794
62594 94314
3631 59753
83920 68030
47854 81421
35944 64436
70335 87780
36357 92317
14634 8083
43632 32437
70948 61349
9837 23087
18531 64156
39014 30212
43617 73932
26851 59475
69198 51668
49188 3449
30008 19729
86575 12948
55019 36030
94037 41594
64965 73332
32491 11584
47136 49606
10496 68655
61116 46536
51856 88610
97238 79496
50236 47691
39377 13756
30545 31001
66859 94350
36364 63931
95110 40447
12115 61695
3624 47661
35090 11122
24957 98808
5513 7467
21526 81072
14244 57096
59619 32678
85739 99339
31624 78746
83857 19262
28524 23774
29634 11277
52534 90676
83779 21354
90980 11735
5297 1258
81029 5245
70359 44012
42849 76181
40233 98948
8401 83019
30485 35205
4972 82684
13625 59872
46774 32352
4264 14735
54697 52968
33322 51173
5928 47748
7353 8682
32638 23170
76307 45948
27540 78813
98237 35807
44235 87280
73175 74926
98641 69741
77585 61258
27830 19709
47878 68100
79158 98260
86368 87094
48179 28134
81423 42214
88307 92455
90128 53485
494 14175
40960 27001
78782 744
41695 84068
21028 71136
3128 5214
1814 64039
62198 65203
49014 51414
40533 94243
59514 63448
6864 58320
85994 81347
32217 23858
66558 91840
47806 38976
83594 59494
15378 63337
7694 49580
32541 31054
77420 41058
36381 17705
19362 51509
3479 38764
89612 42275
12581 87957
38528 63069
94961 91899
35060 6847
18612 53823
80900 14910
92660 47347
79081 99588
79008 62796
49658 91730
84012 565
10541 481
18411 76739
28613 48074
57162 86074
73083 41652
36580 91994
60462 31073
78116 20283
92128 93190
703 7318
61227 2748
98436 1319
81291 40523
27965 40617
17341 45951
25592 59450
64302 92819
76548 73532
74258 2276
26052 14264
58531 14953
63984 44884
13171 78502
82036 732
93441 45435
36868 68801
838 40271
42327 46515
45730 74343
4724 93674
57059 47364
20611 86180
17246 89547
64651 12396
33128 18837
35551 75271
66334 55955
21239 85261
92393 80620
10462 83702
82536 24330
2756 14554
42276 33442
18075 73647
9592 51145
25387 97544
46495 82586
76525 10790
97698 66155
42171 88916
91138 73530
61605 6211
51988 31012
71349 68988
76215 53404
47370 76091
50979 79754
17599 48358
30618 11246
12156 64206
64482 57110
38621 1312
84354 36867
57963 28718
25391 20327
19004 66130
98198 9217
4390 35928
73642 24211
53398 15608
62443 16561
13652 79013
31594 74248
20290 87335
66395 40228
61788 38808
85499 30512
65745 41806
97233 59465
21554 20587
28117 49566
72951 56575
68473 32608
47135 13012
48648 59271
45859 27134
93458 45497
21258 7912
81742 65340
5929 37409
72362 22405
79556 29437
80187 18832
58065 16963
43217 71847
75379 67254
20635 3632
28767 73366
61172 96121
79972 8619
91250 55932
45850 1904
98644 61218
77200 17239
9881 41704
32836 51765
5900 11868
23185 65181
2669 76971
34017 31490
8479 42523
41030 86025
26537 58494
61428 80122
75821 58394
1111 71381
75183 71673
4391 90593
81027 23236
26502 89937
57552 57894
70265 36733
99729 27486
25254 1833
1097 18446
20337 48793
31423 75100
51884 79604
39740 22537
15273 47057
47069 29131
44133 77677
99318 28732
81886 44778
52060 54118
70199 61036
35398 32737
85248 83012
81876 38404
11729 50909
4559 37960
1553 87013
17598 75569
58096 6896
78491 7736
69438 46473
55909 13872
28055 59290
35511 91022
77449 86415
90020 99541
56562 58758
22781 33758
30561 98009
71068 64786
9976 68227
17652 29817
21695 28229
38377 59058
81551 49102
16048 9046
30738 80633
26185 73318
72940 17431
63504 99469
86232 85422
48767 47105
70241 72694
63966 56123
81701 79186
25464 46802
99089 47413
25779 4633
32847 99272
89401 32272
39900 36102
19628 80268
94650 95662
74744 54785
1044 40126
74138 78681
67309 88680
32022 10392
19149 45682
9263 96205
61363 61572
73894 9571
26124 634
81799 79860
59449 60745
53460 20549
68219 76088
58905 65695
22383 68696
68005 92281
49997 66230
48392 69727
75039 71595
82119 44743
72893 85527
22844 60250
92442 4838
83222 25653
2033 94657
24160 54599
75385 44544
15495 6778
43168 63150
9257 42775
11439 93294
24905 59253
35004 8118
19308 67957
32367 73424
90556 69336
45705 37284
10647 52547
87453 88789
70425 41834
41526 8900
77400 19541
79380 94732
65501 29173
81269 13966
34211 8190
52744 15066
46740 41807
75625 75948
79040 35373
32366 76367
27902 65348
31180 95907
6674 16719
43896 58208
96716 27044
94761 37979
3433 38689
17706 65353
47899 7334
34421 54210
8240 3771
84444 47819
47033 42456
34072 48110
21688 76461
22966 61741
90877 83105
67398 6621
74275 41446
96310 55559
11121 82911
42164 20831
89887 68604
19172 78846
48136 2529
21584 83443
69823 80978
35876 61053
78863 84298
33981 39238
29840 16466
67388 3471
84574 78323
62103 26858
50364 10859
93467 29260
5488 8405
28719 25886
999990 999999
