
690 51

543 331

948 168

818 9

94 637

804 187

802 186

112 787

173 762

452 335

240 574

94 637

412 295

637 342

650 118

788 37

842 101

754 13

346 626

484 494

52 704

96 779

719 87

812 16

758 225

632 333

752 22

1 829

437 294

925 52

816 177

342 625

279 592

992 233

491 296

105 822

855 132

530 190

159 641

871 51

47 948

130 795

963 172

876 92

755 8

938 158

560 289

300 404

527 298

767 223

386 448

27 787

304 540

590 114

385 459

688 259

971 81

548 292

726 136

358 615

758 5

135 625

325 577

872 62

371 338

398 498

97 898

841 96

133 588

707 164

573 290

377 383

229 571

624 358

927 173

603 259

132 642

38 884

966 32

425 473

678 111

309 492

91 711

485 283

478 436

513 342

675 105

430 295

924 18

870 27

465 522

412 458

18 857

409 363

263 586

796 20

884 134

199 741

627 288

53 748

244 469

322 614

130 600

997 168

560 257

435 400

597 248

366 343

190 784

739 73

954 166

633 338

194 533

674 253

458 524

665 177

381 406

759 50

982 252

765 17

56 923

746 242

356 377

968 191

141 851

713 183

759 167

490 460

723 256

908 118

78 870

342 383

52 670

627 106

284 479

145 781

281 614

500 322

648 286

784 98

124 812

455 383

596 264

279 454

320 499

11 828

863 141

987 225

737 93

902 147

138 714

17 901

104 703

371 346

38 900

816 115

856 20

37 961

131 622

507 413

885 39

161 562

24 813

538 232

761 223

322 489

914 161

611 337

14 853

779 120

662 160

155 774

228 504

342 614

117 656

135 632

772 34

683 166

924 125

615 137

605 279

515 337

979 37

275 653

444 534

257 534

630 257

720 6

748 87

310 460

995 247

250 502

16 977

539 453

590 172

781 36

19 880

795 16

72 662

776 19

542 181

180 619

485 496

801 63

645 275

432 469

132 821

971 148

76 901

870 69

442 425

616 306

193 588

930 59

802 43

798 95

25 867

286 442

671 223

227 750

443 414

709 34

355 412

739 247

253 460

162 602

279 467

369 596

178 544

188 775

782 140

703 251

984 5

909 49

32 753

468 399

271 631

722 39

862 56

123 713

888 48

880 88

665 283

357 503

157 800

523 394

560 195

565 146

17 795

64 684

372 352

208 567

962 13

871 129

103 681

910 41

870 108

431 436

88 664

59 848

302 574

314 465

341 597

259 524

296 567

805 163

935 15

485 393

29 722

959 29

598 238

491 313

569 162

436 307

930 163

791 64

503 323

358 586

74 769

996 86

361 463

438 327

156 731

295 488

264 656

997 202

663 198

116 737

77 652

735 65

888 72

145 721

469 410

405 416

114 601

848 26

69 763

951 32

265 485

849 42

83 895

207 656

261 521

910 119

973 25

156 633

479 520

346 441

499 323

685 89

394 505

563 175

861 11

232 586

774 91

415 439

704 199

141 591

293 674

62 908

734 57

959 100

495 269

242 639

737 237

794 197

849 62

76 643

135 791

360 396

585 227

986 250

524 475

424 505

277 597

124 760

888 149

384 570

614 235

623 144

28 909

676 101

493 384

889 43

654 229

458 292

808 92

937 7

664 190

993 3

601 299

369 377

565 139

374 587

359 633

229 536

117 744

621 83

878 41

235 700

225 735

985 222

464 254

666 142

91 823

196 653

445 312

922 6

732 234

986 7

709 271

938 8

654 197

164 778

687 100

567 268

894 72

586 226

400 561

359 584

140 590

797 56

39 698

972 82

763 51

732 31

325 484

391 344

632 297

22 817

750 187

292 482

683 154

110 790

591 145

627 239

275 598

971 29

240 502

226 522

932 2

81 776

810 116

817 111

221 742

307 689

788 165

10 788

573 393

342 474

450 427

299 648

827 116

895 99

985 132

421 329

734 106

911 81

905 44

346 407

672 139

720 53

270 462

370 450

874 45

992 138

374 427

38 734

133 616

888 110

236 575

512 232

338 549

315 670

516 429

44 710

622 216

38 947

740 95

444 552

520 296

669 129

312 445

990 239

464 341

508 391

429 353

685 169

903 63

343 422

403 352

860 123

995 216

720 46

259 631

289 538

601 228

172 741

924 215

751 103

676 61

829 110

923 185

74 795

433 431

609 358

753 48

12 950

560 317

747 27

18 776

442 536

714 51

192 765

666 141

302 508

615 123

796 191

577 325

470 499

88 726

447 534

995 89

71 736

163 770

574 314

733 63

229 726

650 100

159 618

402 315

486 464

40 746

213 582

344 458

733 142

801 25

742 222

417 462

834 68

687 110

101 687

655 143

57 801

392 587

105 747

930 218

765 42

361 542

493 337

416 570

665 136

355 446

729 17

338 486

377 463

968 2

542 260

253 572

828 74

50 920

864 135

24 959

303 436

411 496

117 669

255 598

141 590

380 513

826 55

181 766

944 200

348 577

626 89

376 343

680 239

514 477

813 21

544 451

501 372

336 381

441 289

635 277

164 778

906 164

322 552

511 194

26 688

305 683

104 699

408 397

249 529

735 53

93 831

176 617

690 205

124 608

110 612

830 100

531 440

465 276

153 548

208 607

620 213

747 244

713 233

861 115

363 395

420 364

546 233

58 797

314 418

285 504

510 217

554 360

940 202

307 413

839 138

381 435

408 567

714 219

422 476

930 43

428 454

13 689

976 271

183 636

479 410

128 589

319 427

794 105

393 504

930 42

654 296

784 161

202 707

288 669

973 20

967 74

164 716

352 614

309 604

139 616

842 41

708 48

163 719

664 100

187 637

410 404

588 256

396 423

325 514

272 557

842 95

284 616

768 32

481 245

570 329

37 888

537 268

463 347

880 145

393 406

119 773

775 110

144 790

578 197

299 454

522 220

248 688

239 761

798 48

519 368

235 735

89 679

671 226

552 247

930 73

254 499

702 298

508 435

822 104

821 114

200 774

492 446

308 607

919 21

862 25

490 403

375 566

158 842

512 382

427 336

229 741

126 617

682 182

601 241

914 10

876 101

274 502

759 59

917 48

995 80

660 63

163 736

454 426

31 842

685 24

490 370

598 208

391 425

100 626

292 695

916 176

411 389

165 722

931 28

683 303

470 459

675 80

296 704

852 115

914 171

10 731

321 402

316 665

137 666

380 590

305 542

381 395

480 362

338 625

465 236

150 743

572 331

764 143

241 653

842 61

37 917

250 507

529 338

880 85

188 552

406 364

648 66

288 650

24 804

11 832

972 12

614 186

999 151

851 96

765 63

58 839

933 146

513 235

66 816

231 672

158 788

447 461

924 196

970 9

827 126

41 667

625 209

738 28

350 444

606 337

821 138

36 683

51 934

717 188

755 36

20 718

742 235

2 783

241 519

99 757

549 157

741 84

542 221

671 154

428 431

583 219

873 140

665 241

935 94

538 323

825 63

360 415

785 62

904 147

763 211

296 664

929 46

287 613

919 111

479 389

183 795

419 508

666 193

231 587

995 17

384 548

590 361

516 282

889 116

742 107

661 333

909 80

554 429

278 606

738 171

406 319

198 512

591 367

302 524

747 4

592 293

837 15

678 308

827 36

764 202

714 75

126 630

581 402

47 668

404 430

701 239

51 660

833 55

993 22

591 111

469 262

412 291

206 615

489 219

524 253

948 34

145 840

132 742

1 880

348 498

460 457

111 872

471 454

818 30

519 347

282 451

38 883

391 328

137 803

224 699

846 131

5 940

859 99

378 329

245 476

692 100

692 118

915 126

884 104

357 521

610 305

990 22

726 100

35 963

806 58

263 472

916 78

866 134

884 3

592 147

294 659

937 158

244 457

750 49

780 8

318 596

47 909

496 474

297 461

539 322

670 112

669 311

885 103

863 1

405 330

79 744

976 40

189 572

559 171

423 288

224 771

179 567

160 628

397 388

680 194

408 520

360 544

385 464

174 610

359 364

219 687

729 268

352 463

144 613

705 220

42 936

236 572

868 87

705 163

799 28

986 102

78 823

91 688

350 531

528 288

343 500

810 33

361 353

868 89

795 10

7 720

358 634

46 944

547 211

520 376

598 126

724 105

152 672

184 701

67 815

883 118

193 633

280 498

968 75

902 172

860 43

982 164

94 697

840 157

86 903

639 215

319 624

751 22

620 252

53 770

859 19

561 278

215 620

78 886

236 735

31 821

78 798

807 140

71 754

29 900

852 79

497 487

103 838

333 458

108 853

212 624

653 235

384 582

656 79

283 632

455 353

939 38

122 726

578 184

379 581

563 288

330 466

755 147

123 625

23 695

209 754

944 62

421 560

333 555

510 345

792 202

316 411

359 442

18 798

92 760

459 259

566 209

230 563

43 663

489 329

497 500

293 640

260 631

845 84

753 69

709 10

762 150

85 872

721 4

267 537

326 654

782 81

114 678

836 133

203 729

294 693

286 670

526 303

800 104

225 531

301 512

561 222

542 381

458 397

441 559

314 663

725 100

901 33

27 889

144 698

781 51

529 448

801 64

47 884

576 233

114 807

116 856

603 157

860 14

345 592

295 672

153 760

53 942

571 265

355 513

72 741

406 482

685 27

598 399

220 545

962 29

283 652

981 251

538 386

629 294

953 223

249 554

423 524

535 323

616 243

911 37

699 55

683 183

983 35

577 258

488 504

406 555

348 577

279 688

824 30

460 437

675 279

996 142

604 121

716 28

30 875

927 193

111 824

518 245

33 793

369 585

168 615

951 87

416 569

565 238

194 578

354 380

293 462

524 186

889 74

542 401

280 540

589 364

457 352

525 334

398 591

749 139

937 159

453 263

665 165

914 155

1000 283

486 263

631 231

518 363

240 549

361 554

459 529

146 564

697 19

741 134

66 725

286 636

680 265

876 28

336 416

742 5

86 639

937 55

554 377

77 895

416 330

243 637

742 149

80 784

662 288

120 787

843 48

614 156

550 372

573 202

209 671

729 216

648 200

688 207

817 47

790 64

868 115

262 672

985 78

913 30

480 340

194 699

428 344

836 101

137 857

598 305

46 892

256 501

849 140

144 809

193 751

864 62

86 843

35 675

53 840

631 138

319 677

493 226

741 5

903 107

444 374

906 167

642 136

261 615

572 314

40 909

79 800

509 311

610 284

827 131

683 224

131 859

634 233

961 222

150 824

218 688

81 883

900 44

946 210

298 646

842 96

274 619

136 706

849 113

949 109

361 593

311 434

605 185

711 287

166 589

71 666

284 692

790 125

736 255

59 771

474 426

279 678

876 161

565 323

738 69

302 446

996 206

379 619

712 261

10 737

705 130

835 75

832 163

97 847

845 87

651 285

359 564

807 10

122 697

406 505

195 665

619 188

96 747

445 468

584 342

477 487

759 184

306 530

268 720

178 819

792 153

1000 23

271 516

402 518

74 740

833 15

933 1

578 287

338 585

582 160

170 774

683 111

354 636

886 44

844 20

948 96

381 613

771 56

996 191

600 368

37 920

