6 1
9 2
2 8
9 7
3 7
8 3
1 9
3 7
2 6
1 3
16 69
38 56
41 81
77 12
74 19
95 61
78 63
98 73
81 35
33 36
84 28
54 89
74 73
88 52
89 55
72 82
58 54
88 15
84 29
64 60
94 85
35 81
11 94
61 20
59 97
34 17
47 14
67 14
65 84
22 89
79 62
82 69
66 63
33 20
86 97
45 79
75 70
97 24
15 39
23 69
56 21
26 12
82 78
62 82
19 45
19 68
78 50
47 79
36 68
72 27
67 37
86 81
11 21
61 65
84 81
15 13
26 34
96 10
92 75
77 98
23 93
32 56
49 89
70 27
27 73
75 84
16 39
66 48
94 31
83 41
92 42
29 35
72 81
52 98
87 62
17 30
68 66
75 40
38 49
14 46
81 73
60 75
10 59
55 66
65 74
94 14
63 83
84 81
87 84
91 22
71 10
67 32
36 97
48 35
40 95
36 27
34 43
16 26
48 83
74 40
92 87
38 75
56 11
37 24
78 23
55 46
45 76
55 29
26 65
10 45
65 21
12 26
67 11
73 50
63 27
13 96
45 31
32 98
16 76
24 14
93 57
61 14
43 76
31 65
75 13
80 15
49 44
40 91
88 25
50 97
82 91
55 70
53 40
38 24
26 13
72 94
47 72
36 23
97 50
15 73
60 81
19 83
97 69
40 84
69 23
62 99
33 48
35 10
94 28
32 51
84 39
94 59
58 96
84 25
43 62
73 48
70 47
78 54
39 41
94 86
80 81
27 20
26 54
97 14
20 49
13 17
20 52
10 88
41 64
37 63
25 24
75 56
38 29
28 54
80 21
72 42
68 41
20 19
45 77
83 78
46 74
85 34
46 17
42 87
29 41
95 71
82 12
75 88
87 26
31 84
62 99
46 21
28 85
81 23
45 82
61 29
47 51
86 17
39 56
97 87
56 43
21 41
82 33
56 57
41 83
12 54
36 40
57 17
25 68
42 92
63 41
23 94
85 41
61 81
60 97
98 64
89 32
15 93
25 81
83 62
37 91
49 32
81 61
94 69
47 85
28 34
35 18
12 25
20 18
84 58
76 72
90 99
80 41
38 79
47 83
91 20
35 63
31 87
21 14
94 19
95 22
98 97
93 94
17 30
72 87
49 28
40 17
52 23
27 65
15 88
13 56
63 15
86 39
34 90
66 17
94 96
95 97
83 17
16 15
17 43
57 17
26 77
55 63
11 47
10 94
42 46
41 33
52 65
60 71
35 46
72 10
52 60
23 28
91 59
20 91
71 60
67 17
30 16
22 65
64 68
78 45
31 27
53 69
74 68
88 60
25 59
10 99
83 38
19 63
30 82
74 61
92 13
42 11
70 89
35 40
77 66
38 85
22 33
96 59
27 42
582 862
220 841
551 172
344 851
411 816
124 648
816 662
211 569
604 738
332 909
590 621
806 396
420 922
237 829
234 786
546 711
240 897
792 189
809 606
782 762
109 292
413 843
479 190
695 624
535 348
841 592
990 963
553 605
910 872
345 934
205 778
208 152
442 971
378 968
118 841
706 327
806 249
482 282
866 798
495 370
808 671
149 703
997 586
280 788
913 771
924 330
992 325
636 875
652 633
913 552
251 332
434 655
338 944
565 416
876 333
753 903
433 355
616 575
958 740
742 588
850 707
389 560
322 513
418 575
860 524
196 639
920 427
981 541
649 752
441 737
100 777
530 586
388 790
548 836
658 313
180 445
652 364
552 695
831 281
110 429
336 829
999 344
117 706
804 214
755 530
795 230
918 843
878 995
869 469
404 658
436 710
357 765
545 828
862 636
575 366
196 594
547 988
268 445
112 891
299 693
270 864
250 238
534 298
918 922
657 407
108 180
477 633
252 654
198 205
893 391
657 596
982 367
940 367
629 729
470 437
319 501
743 295
712 812
836 573
111 647
425 979
477 315
350 835
619 323
498 499
452 128
210 320
588 107
436 314
733 152
155 664
933 962
798 125
818 721
822 957
754 264
875 199
789 743
442 758
414 925
860 231
374 798
793 739
512 824
968 651
203 300
224 324
890 894
828 313
304 663
979 342
507 673
131 268
232 640
367 710
880 747
734 741
915 435
304 465
283 990
173 474
504 986
325 613
238 492
300 939
665 527
513 359
865 228
634 513
226 893
656 899
714 843
758 350
288 504
373 191
985 818
465 617
894 638
280 478
392 680
832 835
484 136
566 989
138 810
306 668
317 548
589 775
941 284
230 301
219 938
548 409
847 682
284 578
399 588
963 252
733 926
576 991
917 186
511 197
313 231
9265 4045
5828 3153
7338 2562
4397 1017
6529 5571
8131 5587
4956 8792
5053 1669
2347 8255
6834 3329
6679 4518
6289 3027
9740 9883
3343 4177
5696 2189
3556 6892
8557 4161
9517 1540
4724 6087
2003 8798
7521 2761
6332 4343
7769 9213
5824 2543
6231 8242
8290 3313
3181 8610
6785 5091
7009 9983
8341 5333
5388 7395
6420 1758
2666 9459
2543 3557
3780 5065
3279 6774
8750 8288
7364 2846
2253 4600
1123 4933
9638 7874
4202 6582
9496 1974
2847 9830
5740 2307
8870 6473
5099 1794
2619 4065
5027 8132
2656 2303
3491 6809
7864 7898
8285 6756
5157 5046
5283 3731
8968 3404
7688 4312
9337 1750
7102 6498
3003 9132
8203 9093
3872 2720
8002 1658
1339 2910
2508 1965
9422 9314
2044 6337
4584 9227
7947 2224
9168 5176
6128 8194
7935 3142
8195 9813
6740 3089
1045 7698
8622 4528
7433 7179
6206 7587
5217 5379
4883 9531
3086 8154
4845 5365
1093 6758
2245 5784
1678 4813
3662 5544
5889 7642
4686 4423
8296 7110
2031 5253
2954 5114
6116 4054
3023 9822
9457 7428
2586 8293
8993 6136
1080 7624
2930 3808
5727 6492
2838 1433
5920 5225
7937 3946
8087 5368
1359 3270
3123 8312
5507 8959
5909 8622
7125 2761
3513 2062
5702 4762
3218 9372
8256 9022
3814 4916
2147 5154
2777 9907
3181 3161
4669 5283
3809 4554
7452 5969
1705 2876
9744 8310
8740 9359
2759 7602
2829 3091
3351 1116
7814 4011
3080 9776
3950 1468
7695 3203
1396 5741
2573 5140
8211 1870
1983 4466
2559 3377
3243 7699
9706 1853
7465 5287
6481 2037
8816 1762
7670 1142
9844 1848
2878 8243
3035 4933
9359 3765
2361 5041
5898 5983
8535 3505
8146 1498
1223 9702
3851 1424
6347 8643
4506 3175
2494 4131
1691 8503
3533 5739
7827 9886
6565 8521
9440 1301
1995 1724
3882 3673
1426 6779
6741 9364
3590 3485
6618 6011
4581 9207
8882 4033
6726 9562
2755 3204
6562 6063
2244 4861
5130 1685
7130 2953
5379 9955
6616 4987
4167 5027
8152 6358
8732 2963
9629 9986
6004 3018
8052 7519
6013 5415
1699 1606
8682 6538
7725 8995
4872 7234
7432 8081
4223 3100
3882 2629
3787 7756
9353 1323
3312 1666
6886 7060
3072 4656
3290 5061
7587 3716
4932 5063
6564 4153
5067 7828
9839 7202
7183 3949
47538 44371
67578 48059
92348 22976
33584 37592
24673 52621
72313 31913
58154 92918
35089 36865
53074 35314
44198 41376
12578 66902
26967 84990
36437 57441
65113 88223
81161 21692
29050 49368
96362 42339
56222 72185
45391 82901
45961 88724
60615 59131
49251 91695
86587 58360
93821 10084
56133 99265
44660 92762
55571 56002
41298 14078
21550 98664
78967 87890
21824 10743
33542 99190
99699 59819
44438 10279
25106 93286
47954 55701
26389 66084
30246 48650
12319 10864
88975 91246
45071 31987
81586 50886
53334 17517
98930 94252
17132 69766
40184 18354
46720 47137
78495 83643
12227 87018
26521 55637
37351 89089
77177 58854
99082 29728
15910 30910
28206 97254
24057 32953
19455 88713
81804 90880
17831 50429
74810 88908
42885 18218
18844 29120
40327 73818
94448 94177
20658 99790
72594 76718
60550 56242
92983 40804
99762 78882
60925 86984
66567 36187
29027 41124
85154 44770
63180 27483
59389 61522
32103 20845
97298 94522
16331 84475
64910 39387
48060 77592
76646 53516
21945 37049
49248 85351
65238 10359
39629 95390
92353 72060
95653 31699
24703 95901
54757 89160
60658 96471
37462 73189
78408 26611
89697 35368
39243 38358
32253 14522
98333 14774
54057 30802
56175 30085
89347 28771
60949 82364
17106 85414
21642 72458
34877 84318
45537 10735
93290 92923
42128 40491
83792 61196
17807 35566
58513 58053
43908 88163
63637 36711
39501 67167
48343 32326
76885 33513
11756 91290
51686 54589
72018 96610
59389 60835
38842 57842
65790 28710
99426 92480
13739 62617
94819 20840
83375 70455
17181 49861
48266 84005
60948 71832
42637 13041
39663 67342
22001 87491
38786 48636
36389 91032
80845 87678
35768 33651
41633 94416
19958 64485
71413 99880
71095 35694
75316 62624
69624 28304
30253 62202
90796 94609
93647 57166
59619 98339
37717 64965
82546 25910
42791 84553
56884 30030
14455 66164
40513 55477
94369 33611
87397 80022
68300 23625
94806 66540
36551 65115
12541 53834
45416 16041
55732 85181
26996 98846
13382 11965
43458 99500
27242 49119
22299 14918
61978 35002
61249 44967
86640 94235
77553 80224
34834 37783
31028 79835
95880 97530
37610 76361
22326 53412
66703 98935
47473 15451
35287 52136
61136 82217
59349 15676
84483 80354
22426 80117
62213 88587
63327 99164
77047 37631
70639 24813
93899 72582
72092 61437
73639 63519
57862 38668
68593 42309
33899 97702
89758 71576
30616 55960
51091 75789
47375 34411
91285 32605
80600 54851
21534 84389
57305 39759
41587 67002
40653 88738
89795 35566
24427 27547
48756 32311
48429 60796
99091 38630
38277 47076
13515 98152
68174 28275
28830 67646
54089 97230
27420 12202
46297 59820
23692 33589
18938 20049
87855 54390
48766 87786
78161 98376
93926 65108
81315 39074
24192 44903
94960 45165
58131 28010
11922 35893
22060 79196
25084 21229
80359 33929
28829 43625
83115 93038
82293 42240
33733 63495
83608 71052
56872 50485
95005 79634
96807 96900
98625 11317
11623 78296
51601 77355
88041 10211
51532 91791
97194 11055
29947 30003
75376 34962
47277 63391
29556 79929
91511 12374
64616 35799
69117 45071
83089 29390
64602 43137
60536 79933
31135 20072
43713 47966
34133 43263
71475 63545
36327 83632
50312 24024
74297 25686
14394 11052
59711 33038
58685 59285
15796 39264
78382 19896
58410 75441
16092 36429
91520 86433
60634 84653
40599 97646
10928 23083
60674 35943
29867 15865
60824 76149
58511 99620
60691 91204
81998 51822
59069 33631
16030 87644
40438 38970
32715 60169
60887 70747
88204 30069
39822 67087
48937 92368
19487 32575
43377 13666
74194 92045
69715 42187
61664 97444
24996 49702
70268 91359
21357 25096
78969 29860
85495 77970
68971 40390
56150 51224
20470 38638
21397 87753
69815 32034
43209 60384
53931 30358
25393 92422
26529 10816
