1 10
200 210
100 200
900 1000
522504 807988
531730 282328
542613 378841
833170 544304
97158 817710
570934 129561
280279 493100
795336 351817
807827 899098
929268 613513
877634 723811
379150 580980
558822 236580
10673 511968
819337 901394
91746 125486
894092 425229
186358 640195
921154 35002
357945 616709
571491 515669
702197 788125
60904 509531
454667 727723
118025 728550
806854 797802
847409 540978
374934 308229
938982 260299
408014 28636
389815 623866
554537 739064
1670 339426
220095 724116
446502 75630
934196 546518
810405 30106
194299 319452
821124 782189
246883 799506
731567 406753
130338 936717
53145 354439
844898 851502
955829 783872
619359 111138
982398 153178
477905 722295
946232 621610
844176 959746
266299 853636
880400 98143
90413 827969
673558 400261
688009 441595
325969 716396
204531 119114
910963 471007
285366 797943
179853 842083
633822 530768
824713 185696
859902 973672
724832 248591
153058 314739
819791 631617
110680 555641
77007 437336
936099 497973
975320 649096
345224 583455
556761 112290
586127 948906
129507 236124
476771 45814
329095 935239
987845 896221
140535 712367
915395 725227
318739 941364
559591 607845
145160 436551
764948 808624
307218 597386
755540 195273
242386 399248
894886 413497
682421 140624
531969 28145
699916 335736
663535 161626
796012 46043
24153 454680
977296 575245
590397 878819
301816 87693
740034 112992
119398 122670
410548 489554
121211 975826
830212 729663
273378 533809
626 822762
401869 737336
2777 977996
997440 62768
689332 829875
456302 540557
300561 468873
918985 120095
639790 113756
828016 851408
222770 30194
303456 15681
267507 16856
233503 170964
863109 586677
602332 963250
887639 277845
939998 760809
54850 428652
495732 645204
198015 796532
636776 395420
530181 42010
995224 687930
588261 244055
991546 76738
837526 747318
134257 204201
960598 421565
337705 306649
925151 225551
301413 541977
482798 938555
348382 102505
7066 34749
847700 659379
725130 878210
265484 578554
264608 650448
45323 180774
755177 664306
927225 170054
280367 784631
660445 205401
570286 495371
193899 883017
841134 608156
696577 515558
658267 953179
221712 187358
320615 227879
795738 474820
620592 983134
48763 623721
976198 306634
238589 576032
54874 860590
637305 998878
861201 979359
68961 777255
293948 14916
207731 645481
674547 669956
841239 837108
984927 340001
774858 545036
250115 561114
601361 929594
968419 498355
342586 25358
721016 313730
106103 776564
786644 860918
62968 819420
245270 547748
423304 855396
719104 404474
424386 711749
163460 205659
673931 45407
285133 739825
959604 300974
907921 246898
135232 603951
620204 488481
824521 213901
481259 462534
618677 217004
423935 820951
279880 558781
482575 941833
174543 433550
252772 306250
915880 766311
669971 200984
82724 392041
902972 73651
190319 753230
710300 917747
185622 687231
850125 270777
76959 668245
666772 747697
791561 829065
318752 56599
764504 869941
192802 789552
315081 427206
559275 780419
40414 659650
519026 783321
901784 322013
624118 854789
81551 424009
319196 265325
824512 451258
438667 835691
760594 262411
809566 490554
228743 190961
254353 151404
256142 7308
413201 244911
343128 192800
157788 120172
31626 334415
619518 116642
901843 55349
515975 114316
211374 181446
739912 972221
245055 509240
556930 641306
354190 382254
204357 815167
659861 359305
5593 645899
866117 901721
98868 151581
26940 149353
494902 178699
716617 160812
848672 756892
326672 331729
77046 951662
620241 303121
299454 317159
685351 769628
535564 853712
207534 629595
307828 401728
919532 398796
351517 737443
478516 885007
642602 466925
168662 627098
34325 967104
44937 980109
517016 2282
963217 43711
775974 301906
882721 767782
481170 270792
715828 297866
616729 329537
320385 357126
789950 580168
416047 500477
568667 521577
260521 577468
341992 627385
333259 425211
268745 428212
685719 419519
666826 321935
658690 280768
73015 449819
102919 211826
333030 958029
6728 78035
933755 151241
408397 486541
203084 90936
846866 48049
615253 87012
377877 553065
232676 17238
482711 70246
728193 470416
454748 24711
701300 463038
949716 368448
259580 241694
195165 567130
553502 333980
110290 295526
114034 574959
165090 211801
535218 87671
521039 880847
240339 509544
603322 385937
536497 597720
943789 791248
425988 428360
765236 145036
185685 383913
683785 745990
422668 263735
972616 500520
665977 167046
365826 326662
271632 182820
72699 422904
92640 936799
909504 914005
748766 800680
904108 207392
314366 264925
114455 57122
127451 777107
530833 51704
932142 71033
281978 961655
753901 942218
173466 357290
3623 84748
459318 289880
564049 301517
121030 182763
52709 649040
502658 605904
375753 510762
108622 561467
6997 44558
266931 426956
645556 21495
429313 192222
231428 802294
477445 142233
402199 234792
444857 549153
464304 273571
712915 627440
626767 735800
981922 591836
122753 846044
289720 574087
168411 439151
44670 418624
349944 409606
922432 437312
139817 977993
786972 138700
501371 180640
679892 325837
94834 182858
518178 383329
217684 474411
523490 885177
70435 972092
226905 484712
464892 491027
500523 610791
706891 559365
116814 924885
907128 341442
185785 316180
329871 994538
32582 387562
545803 374166
367333 357733
459760 347855
972378 609848
979011 940463
298151 943820
900942 413378
826721 143837
396113 832300
219957 734760
536153 974391
695015 330049
514919 959045
350102 240151
819822 741296
644502 295732
154962 128246
703511 946058
350806 593929
782138 662174
439097 309670
447422 4504
278519 318676
276490 224301
532055 740263
358644 868264
245251 24890
469416 776736
52495 31365
867759 850964
485093 985653
766715 957317
958061 761421
63369 807451
891848 78742
4788 199197
188235 902502
270572 93129
687876 377449
641872 817254
562294 669330
973472 433720
725765 738821
142631 681080
688081 594411
863343 266114
248383 398139
698829 146045
863576 998394
109001 800981
5948 945597
266088 767371
952734 506544
490262 262853
554401 376825
370779 982381
373424 871858
567015 59499
261663 252846
726611 468510
709219 596850
775056 19291
518556 285744
606535 236386
877322 86276
921227 811152
694460 775252
316715 632784
337880 366438
914101 907699
94286 383138
918285 445879
164916 470343
63068 45961
810708 735141
320729 543567
466364 563
242891 241970
222279 712624
245762 917314
834841 127011
646001 576979
734508 207395
166552 187657
993432 761787
880740 554545
507585 408777
374109 74253
991455 275515
783029 595020
592371 466672
867948 756664
424544 684025
306009 916855
780553 114982
768164 986289
411020 508360
195357 255380
408488 419462
743900 308354
794245 985789
582467 369881
665275 738284
318910 300237
621835 898568
69685 847940
289550 169652
747468 709267
619590 111
97774 486328
889296 625582
637875 607937
558232 245436
983029 566973
139071 319799
766298 874588
102647 369090
958112 29091
957464 966613
923782 872113
329231 551952
453214 703322
371951 655129
288960 228601
289993 949755
403331 655195
353560 48633
67780 858778
263273 118633
839082 86384
132623 237154
297957 398522
275592 609819
400197 366901
762705 874121
207130 733600
859176 527145
818417 140871
947081 204600
764289 874619
648129 279453
87663 552801
279150 744841
66584 486386
630660 924516
245960 114879
668383 918562
884055 728049
351382 49441
702029 218771
367545 340252
117596 405870
722711 872470
605924 508173
256220 552126
461432 298851
447847 111244
766671 725870
94611 841395
731065 26393
559362 109525
693621 439520
171662 681563
479435 303726
622091 5950
486261 137323
159929 260094
716382 385123
766469 226367
112723 171024
463518 966640
769365 608794
61957 359179
988342 356772
160837 751356
979729 768490
474903 467121
439617 910313
853947 633348
702673 32852
846524 725812
482606 191737
380634 29608
391554 587867
997926 941413
59154 814041
221734 634258
988140 588296
961259 42252
194161 292695
949930 251139
804599 919876
225634 794293
443277 814563
590647 193237
929465 783874
742193 627485
333843 54120
78860 499329
44146 800263
127128 205717
908749 292173
174371 344001
961293 261399
808929 589546
792144 612301
973564 652193
344273 314784
384010 69802
614487 246222
415770 624514
245358 432532
649487 345820
739817 546857
509755 364255
962616 549815
762967 166538
458878 647298
77413 625761
638232 580192
412464 754175
180325 814878
527834 494785
759528 306751
377430 45000
412145 199610
372452 155365
651980 32813
132408 124135
567601 793584
388311 614260
115892 900754
673226 379322
613930 965254
730554 236097
784859 530662
822964 827492
40769 542921
816527 181688
835220 455473
138205 655642
288093 382952
181371 458446
741963 449475
225318 996177
958414 525827
662572 223345
551036 485980
657289 468130
700979 959849
417724 505618
619509 447839
194927 888930
471807 829969
332256 825200
323277 559830
527897 703489
161865 102820
192417 91138
904492 580319
918399 180684
119749 991121
705652 689962
275978 311019
518662 379947
112229 931479
225236 225064
591309 971507
955680 178969
7324 304120
79393 349678
356979 378954
889296 151854
548476 708272
966963 140205
708820 128033
534036 483532
152469 609469
350235 652611
706779 67271
969046 506266
289076 143280
712688 675328
659038 225364
974535 375767
818676 803084
559556 926185
517400 44157
852094 963665
120634 757887
888048 244925
971331 400195
825666 336768
631683 106911
396315 56806
176242 579653
637592 973586
64761 897807
200913 517961
463431 710404
214201 101086
984468 48586
3989 230485
495687 955201
145496 380101
161103 328200
367184 804429
507137 793918
74490 687803
239726 456579
446723 20790
340606 860596
638692 842320
617775 420722
469863 898515
671284 575707
916420 334627
194331 723802
452376 897645
101463 423259
46737 103132
808309 760721
86948 161025
188412 380509
556001 19398
361897 278315
695646 534000
514963 592534
813755 280540
694287 558822
200011 976537
578174 614663
106636 314494
284572 374989
804822 506839
98414 964892
889958 250561
258744 344093
832769 889776
900416 330414
519892 816637
254370 223348
24135 654833
195144 828929
510907 240880
425808 39055
535204 132538
927448 604422
351950 951035
767760 119417
778551 81939
352187 635184
959686 581097
697923 470525
229182 260364
233252 173013
635496 472203
933455 61537
446981 302209
220831 608032
566715 632096
612137 913113
122010 629938
842920 215686
869611 884382
211610 899909
532868 899440
811267 996120
444521 75000
242578 974516
197143 459923
335882 203981
910031 826886
812437 756326
343946 146995
923234 452603
963457 628481
676518 292835
708782 198882
362806 433459
574161 174993
616202 848652
953945 708543
207556 49636
57444 321873
637014 947323
284782 378442
669519 885780
861730 547161
459083 864956
903033 729365
459196 819314
22505 434329
437712 619856
811611 403882
392552 99905
996762 177617
645406 948865
965114 432123
48637 4944
52995 585119
253744 952189
274503 517640
655071 70344
848213 336220
209933 703318
274098 427783
447074 47860
244820 335591
780912 344011
934979 853016
996046 228543
560563 48271
273984 903009
440710 531100
18551 838214
254666 642952
251618 3503
135300 614954
707585 17917
367443 911870
41516 823504
507258 74330
90265 713383
605155 109353
116028 532527
449260 378756
707387 2953
559130 267423
595550 243787
229199 741880
498604 278891
632444 414687
293586 568828
488588 300199
134032 470818
867462 173477
550215 131564
386833 906384
325512 329723
682872 132792
164734 506143
378031 431554
478705 222381
798888 864916
66682 837111
848787 411559
304041 111434
521937 862660
676939 617563
154527 949755
929713 233527
898622 227596
810342 581178
783055 369159
77198 606021
832452 864728
610333 659463
900805 22938
454406 446058
799944 200908
256540 294259
383698 217344
332966 222282
875606 181458
68413 490118
190185 485625
320300 861460
614741 242217
387847 796852
376894 892923
358050 138616
493650 251362
657797 717232
50697 326124
995251 487445
472432 596239
715936 59360
577802 821266
632438 718388
215121 563949
423895 815425
127904 542776
116287 934990
634144 990846
216333 657258
385579 313262
384203 157105
978221 157032
878631 884687
262368 938644
103845 205649
829750 497318
941274 70126
845417 607864
415349 246681
50958 360980
52706 986815
233308 72190
874528 794906
483716 613615
398898 179309
997496 369450
409027 456030
984399 487867
946663 458986
98854 677519
616204 70580
810724 113384
53222 830560
979035 421175
240703 422676
63280 89437
594751 542916
788851 813014
502949 172493
182982 84084
543209 225848
710179 232707
158268 442307
633911 804115
127359 984471
124947 428618
977657 222305
733638 949664
191735 449899
168509 348657
259114 153013
276725 96281
684614 779105
739963 252074
464378 292980
291148 948270
719754 805632
338740 325634
451195 552521
889425 677598
984959 836872
488949 93321
437402 628019
406393 320518
423581 512614
587941 691357
903869 988595
282464 535671
965135 521650
439872 176426
985651 891892
630011 981218
916526 342655
905495 863902
98035 396393
192547 24971
836122 456188
483590 831566
954866 412972
512111 871161
928110 40776
623324 269695
118475 31535
155495 634415
846876 440424
421358 673078
705223 825628
490173 485575
24040 198840
554418 168184
633891 350531
594897 82607
885896 502013
517517 831939
869685 505322
295579 839228
861973 24461
243636 443488
750527 111582
162031 439195
669259 251296
82213 933420
492313 863444
326629 368707
963927 526594
482727 431227
972982 842734
429393 195297
559010 618062
596125 721378
814241 150523
717816 701053
871293 455181
606053 957152
524678 94974
647627 930418
26262 412466
820850 622740
517720 25008
210377 452431
393582 837826
118660 208328
801194 513498
164830 658226
551349 698823
360880 332554
556228 469469
876432 337425
776407 174278
21273 580501
353931 631602
899078 530699
427295 414550
423653 377128
919578 100060
138152 154671
697085 607225
975016 505021
854178 5220
86896 238696
985601 925665
405118 595119
581618 313724
