524440 258652
483405 23735
395797 50539
163342 631419
104961 713628
186136 225416
624776 91771
458708 854373
965110 32674
235287 328480
316209 611187
860682 216306
298991 353488
915308 524682
531299 486863
557406 911014
149788 959482
929195 262802
889046 475586
596221 745675
812692 73674
122955 969185
815641 838811
52752 748626
572356 184866
756533 51551
692843 768477
842144 109240
466299 503772
75082 346221
721747 335351
51352 735050
15643 396742
184500 418924
568358 932552
921395 961270
114616 894739
485134 379336
107361 436900
858484 197890
520204 625236
167550 119503
830513 560768
102918 549475
633373 764678
524288 136319
736047 117067
934671 692848
513259 859169
81501 348196
765498 170052
544559 547797
315739 611038
804386 566098
104369 294568
949910 525973
597783 978950
880308 529088
913023 416426
583627 393119
178997 189199
833537 664540
304227 956546
435562 29816
501759 505869
975484 983192
633738 251526
875104 625864
681367 857478
444367 769161
420348 473300
533887 93489
687581 667808
338185 975117
461795 520536
877518 734509
348993 488535
694933 482739
962933 604423
345248 446629
121614 281348
323944 638630
742583 501524
186469 4009
813083 447188
742281 725836
835461 696332
372965 197275
703917 950286
720067 281131
55599 886188
215811 868117
757201 134632
188676 418224
337649 571227
565825 123641
858114 80558
515682 567037
922497 702001
726492 265619
274724 599065
400475 289222
703571 607433
458249 219805
781424 211571
894448 80063
300275 675770
703050 500469
136449 712721
299664 316927
674928 511168
908115 995298
854850 163933
949912 764416
359632 538598
77763 105836
468357 415310
128047 296370
609475 279699
932241 28602
713519 503602
623535 744897
48467 772252
802458 212054
339536 523858
684094 36561
624613 855923
139517 274553
477185 822427
365359 25904
940550 296938
767974 918478
760256 608966
532444 686448
276124 974339
261700 625653
640883 335110
17346 569341
869339 600481
71285 169246
590205 437461
686063 689786
272072 698432
281860 227282
125737 292557
419360 251440
846955 808913
130272 632949
856877 481462
261063 868902
721854 149465
660488 46825
989936 711655
237814 198482
768314 198466
146161 86209
984120 993851
604170 137376
420415 926677
159252 196695
299851 921436
516968 1428
400416 648971
413609 801155
430838 150147
392855 341621
667610 718883
762422 511275
661317 425666
452888 309456
156790 538666
978450 436817
239846 756790
208118 731378
122730 607483
195934 877752
911074 581819
890055 302403
157094 580406
143096 934417
996891 25830
79926 559104
194176 560878
544128 820868
468355 596481
40635 542112
71872 99284
319596 916569
699819 916020
505315 308282
464300 620295
464130 841575
846639 337137
926406 702691
252468 251650
730350 90386
37902 540321
439137 50621
649395 277008
497893 9591
825552 460384
43338 679672
646096 685551
456478 154496
581327 139804
757476 432179
594839 540978
981899 309867
782933 356537
748830 578078
996065 142558
333851 709956
380828 123969
693707 788377
805403 200889
54511 242962
687052 410647
871604 79398
827160 501019
196765 675082
477488 677461
747224 887930
10710 775597
260987 179318
248980 79923
44256 687468
716182 760699
969290 704179
822690 433200
564814 805678
265852 656984
256142 967449
735124 287565
258460 353256
347644 468847
104259 110177
108223 711910
294693 424327
87159 944214
104678 296028
939913 632994
142834 978554
854617 87646
869922 791178
6551 828060
913197 65094
123135 469397
679158 309885
818638 918499
463457 298579
944742 803092
984254 660907
321232 962206
24128 747259
860536 514669
655647 979914
280454 492282
347042 643476
311390 275262
96918 83063
547496 99747
630757 576623
865616 720657
606998 726877
641537 907913
726771 78732
829985 829997
618886 809592
342976 536078
380485 762874
60523 686376
693808 799127
238389 400192
510781 424491
39476 591991
399714 922844
408604 448157
782158 765855
534855 760508
453016 904225
701316 677413
973306 653777
408971 59282
752480 281659
279648 32472
896038 70744
392364 524108
184170 594468
388044 530041
868480 169629
889526 619150
326366 971342
526925 709419
996431 92136
132833 464700
433338 906330
477503 755788
766792 461133
251088 505429
326908 257555
868152 894086
706974 707032
69087 341789
74686 753797
223762 901099
114198 638367
704598 697212
583897 544109
689462 833437
108573 916734
279181 743775
489706 575617
870126 319045
513890 346246
309244 258975
966937 834664
477078 9912
320001 137650
593732 336278
344104 736452
723381 43623
730723 557283
664879 622099
648656 198338
659139 611426
51151 620999
118407 301861
462338 181941
888201 980454
918293 743246
389589 307801
715581 739217
357682 567774
628944 501428
791578 471166
299821 847661
161709 913901
568678 925728
882417 591471
626661 569778
550784 653452
995898 974531
477120 645456
512773 322004
588197 830581
684827 105619
871247 608417
19453 288210
144859 156867
181348 103277
92371 610557
125733 262954
173999 59290
675616 571487
245842 401013
363957 459648
457105 615973
745324 753343
271256 342218
796725 68771
262522 727331
473551 586864
676039 407256
964116 601312
608120 120295
695084 157351
62548 902862
680085 302582
69431 33252
375129 956441
515097 890726
806963 171551
324662 679375
374308 608021
163308 529757
386936 370880
877994 835986
103861 971162
488209 811959
759435 62789
652571 157613
824944 780215
187464 414586
543327 955926
394582 60398
595943 232235
666162 641216
612828 98389
79848 275516
121707 181897
469553 674422
446025 702060
764321 419243
8591 854038
224155 612669
474928 33409
569888 177361
179245 234003
903620 14118
315961 655915
746907 951523
451025 545940
485780 919982
9779 559275
4866 65256
531951 479204
317273 580090
649340 960542
552574 877255
938114 73023
752150 353313
25120 812358
539292 399610
586434 419589
880889 505519
166395 303437
838215 268645
66679 595716
416189 877705
907474 886451
363702 166008
846650 483244
51986 646954
857811 618476
363666 37668
914444 388324
862073 652897
404891 849159
378528 708495
611685 619746
554741 12315
628794 541756
808142 740050
661653 436478
649839 994537
257353 762196
278103 629266
646194 24554
894672 380315
40802 121342
246829 695663
435336 413481
485133 776795
174829 205581
544841 254757
323501 492314
908472 611278
650931 280922
787634 925322
876236 535560
474128 776393
662990 805746
853555 168151
741352 899065
849000 149368
448959 537366
868089 403990
928391 796035
163595 458033
196581 267552
385951 308282
310320 313358
505430 216224
892040 472190
712416 130389
351365 78378
866123 701236
240445 410205
555259 134949
314877 236271
858553 195995
37065 456933
448742 513014
455153 648193
770509 968584
618208 707080
641033 360638
947111 470341
771239 711795
270666 132430
386475 572560
557721 524094
337289 415368
728616 829458
834105 748647
313106 117391
214053 893549
136891 142003
953834 460748
665216 227490
479436 440651
109532 694159
191690 477618
911977 205278
526029 337254
762518 618544
795534 795563
874831 411281
28213 179719
849587 515089
2653 572475
87561 443532
210594 255646
380045 925522
530633 312894
320 867453
984174 437962
347489 358689
62930 901773
952761 607909
766661 320270
448319 151878
670527 334585
920175 413586
53334 566136
918984 703292
361105 241444
286552 53854
54862 694955
870829 860840
197110 552884
148457 158265
968483 777056
751481 502387
674144 904958
903640 858858
698953 760706
811659 592636
301079 631311
128282 645396
95666 403672
706325 251786
573286 439886
996778 93735
22363 31984
609085 621120
780411 121917
747969 377432
825814 598571
468730 560701
340084 890867
951734 722796
19907 764413
286844 464297
598979 198963
579834 217500
251529 974874
545370 726727
292616 128990
134927 632934
864653 753873
163047 648758
105337 708997
341652 170442
629035 688538
609624 814726
21835 747572
153702 291611
449939 827015
56753 228024
411658 37340
80767 42754
125271 462074
694476 739626
38091 24347
89280 533756
466559 523177
592198 554791
432822 290976
580858 481434
350156 49663
733073 853117
327796 450063
202347 977566
515097 467701
100684 807084
85668 297854
491372 891743
173997 643679
946943 534261
320256 323482
611312 569214
753413 936664
620116 768316
148403 922589
679594 733859
330059 722621
581860 284002
764653 912787
443215 756465
579297 113011
492206 361257
280155 198574
305397 698450
302294 840453
491373 823590
17184 683398
957292 791195
848270 534095
57326 435902
700702 776496
118625 261145
998221 857344
67990 696899
238359 92188
141199 660820
126544 230626
947016 311253
30337 189260
479151 115915
706961 111818
22015 876666
451 448113
279887 148625
479141 57019
474155 571002
789903 433318
599577 987361
842440 34310
508044 874626
805107 339244
997139 523010
293161 713158
620783 613124
60980 366405
510601 321902
971731 702130
99119 855553
11113 126201
269760 355629
636216 957559
123581 453372
806225 421680
249034 357880
628567 835831
108531 255218
672311 2007
914423 968448
650013 511941
157007 282682
349876 138274
768476 74561
412001 736980
759289 402237
785682 118328
47175 9699
479094 157203
114085 278481
518401 8247
72646 520048
870227 667343
701237 643841
449577 278142
15593 658747
234736 520813
984862 169906
941318 139942
71370 18095
669557 169472
375833 475540
432106 694794
303599 959858
494005 55592
832503 56925
12154 237762
659226 753839
548548 828696
728580 174704
649685 317469
908938 784878
833964 709915
867058 983365
9577 398334
516841 238421
557299 976523
769115 438038
55740 223069
693299 924819
901041 789310
616876 763846
878672 223091
134852 152528
81888 835442
478956 522976
439562 574495
205105 810341
515551 509470
697682 564624
172379 747261
560513 68834
153974 605141
566904 392971
635326 645336
474948 361156
311378 740670
679304 738338
653088 685255
366969 553349
545558 990123
572099 366697
641260 410961
283693 464325
410805 443581
550058 412663
54383 492466
345179 145675
148893 668726
814732 771158
148971 206025
403225 581465
634509 296507
278795 332870
502953 743473
418494 718164
141554 203561
694423 98695
982931 948375
309861 984870
746708 14013
974594 458290
100652 326655
279901 713991
436666 893346
836239 167912
950117 429359
870416 122526
235463 856967
144120 812691
166716 955202
251912 764122
918281 66149
584381 788497
599807 170555
500924 612039
128144 833987
546635 88553
640138 494542
869114 183200
961923 314038
343526 429955
393528 346886
298017 363471
342038 94292
146661 505252
142198 606171
683379 844327
740277 169137
267815 394245
785172 276165
642958 331074
70129 11965
664312 421156
199150 207885
791723 932758
814044 721089
797510 992328
711255 975023
778333 393943
702023 461613
223264 199616
125067 250425
586826 78500
507944 675923
543302 224612
991342 281258
857399 865563
780034 785444
596399 828874
64837 310525
230209 367817
571883 356329
18272 465311
138622 42590
966084 132267
490426 951738
549091 795872
697320 500364
348061 733643
627272 143341
717515 650710
80642 871811
617648 920605
189812 404738
780160 713966
98661 193428
449729 224896
898499 859419
45411 471331
290198 968356
220001 693608
466704 105938
960471 204550
265755 66778
568865 654705
729565 592950
590566 68010
826379 506266
15670 675972
238227 266776
369201 532586
799875 959721
627218 127540
385874 464140
248392 731880
785772 88572
994432 8137
381983 272742
627752 496035
250449 48890
21099 945245
641172 832325
691362 108255
663821 768069
278595 529278
403076 298884
31325 69203
619000 839731
930488 391985
649650 444681
686902 404428
126336 134513
480941 689197
636290 116722
978151 299982
523235 474393
850805 898093
603205 26343
762957 101370
691172 968209
535322 89133
483422 592575
996378 961010
521299 856026
847334 82825
673848 811930
721199 669337
820053 960016
499912 151464
185778 377282
868609 454727
96177 89489
32305 176021
741275 518475
497901 787382
920553 997755
833119 418320
631815 287342
354105 472342
800257 738455
764632 318673
405597 259763
872462 566775
758241 519021
642148 979112
699950 877449
8638 906705
60049 398931
72305 242399
785214 902074
523592 278329
778973 430402
404225 526949
636518 704443
602001 519086
141056 89182
797441 827825
599861 361331
933148 83630
841346 93107
660474 543978
968890 782660
633177 859861
772809 956058
963993 41867
38799 341661
637630 270177
859308 874999
182451 115623
453742 730692
443161 943099
934051 797730
868107 753927
914166 15351
327337 490424
854919 769032
111337 873728
560486 109553
425440 175065
298078 902835
391146 930991
599485 144221
293167 504733
921277 578098
569782 568608
989860 452248
834132 36619
838245 706020
35362 711635
253325 142394
721089 928228
595592 166275
246411 770014
727660 484755
689771 19527
93614 759896
182228 858935
828125 580484
334257 481559
142420 276488
452979 196990
133645 38404
282765 316680
594771 523404
73426 92283
364165 631175
882791 245574
247056 414570
154194 176647
565589 153671
774491 766211
949792 466577
14491 798117
68702 956221
981209 419888
619074 299735
470180 731841
38490 875374
396066 549527
90364 991714
301110 619545
680255 534841
793514 85372
6036 381450
151613 797754
418937 239273
744755 143246
178075 670960
368079 424882
618051 933528
65941 470534
117347 922722
527501 67385
654635 950085
678050 25031
670839 300291
660916 155097
416629 517261
7358 221821
958270 149784
425626 965945
539081 250891
305398 633345
49497 269908
730128 50158
945591 102119
517326 177811
74098 968188
565639 254161
511398 483965
577588 81099
704564 751032
48138 754287
914519 549314
261809 147325
204483 745313
924818 760479
991333 842998
973792 123215
483136 199109
48867 800124
163044 800612
96549 191441
847913 659264
576473 742186
749396 816732
786263 878091
395946 673423
889968 971793
236073 855179
338088 909408
236363 114194
501011 375425
812172 824002
502692 802973
984590 473110
437722 46875
744169 187819
382455 228476
220080 722017
869664 874122
402775 540182
786218 423235
848896 589582
974590 417289
9090 108625
171503 197624
562542 350538
300859 737825
416467 415037
553094 315560
