1 1
1000000 1000000
1 1000000
468775 462124
716408 71773
800992 70434
151470 959636
629019 482055
980329 56429
100105 651607
137217 334758
364099 696650
18006 637288
586950 73503
714415 7320
637791 836577
849172 579721
107342 872644
560990 740492
230421 580495
493892 857967
231635 326846
482309 264644
590869 150941
991565 325856
733958 613129
272749 369966
694010 386827
621663 974507
360081 178601
93445 603657
32489 827728
517595 874662
137825 984432
682621 794315
121741 595096
115097 151298
733924 533105
964904 876194
147165 105576
126573 588193
611236 839078
876030 735986
632350 901560
982774 710089
990212 753030
469352 54780
257274 134160
933235 440106
868540 299831
620555 367847
205357 483722
246865 680076
602853 940414
896976 814934
668305 553080
204105 411444
806421 917679
407954 303688
387632 18667
822059 164386
566729 96609
702590 58887
361761 74659
504003 952823
236842 958733
31348 780140
97633 955311
54668 22962
304470 661123
537889 880691
35711 570634
752725 13030
92639 320032
197550 530001
27288 540560
421862 371868
295870 929385
568866 472754
993011 162776
691861 134021
605776 574242
674559 846954
141534 99361
891086 398994
929978 849397
578377 473760
377173 817391
261787 112331
958256 643280
474209 341711
775522 68673
439618 996160
79830 697305
353872 258017
255886 943747
388798 726885
905684 600830
569973 889546
829468 285340
234285 707641
899842 131876
860270 666191
52207 496395
682408 33221
873489 103772
649918 269245
561166 27865
971337 495081
345864 127873
698008 677463
823394 81401
542804 724114
25806 952511
404829 993457
476150 312102
876485 818830
917883 288343
346224 523080
887404 566487
178450 56611
807001 280225
851475 830457
815524 940839
865077 535678
125388 35813
691113 741320
297046 695074
33854 845463
455876 870999
191046 517306
141440 807303
362449 112994
175385 182384
339438 673860
661783 204231
127489 22983
992501 106891
702727 164425
520230 952557
284420 659274
383077 378739
217187 903547
817204 946530
799873 265282
177732 43876
172450 851574
803204 876813
677949 271101
805192 942054
953393 133586
842139 515816
371800 184936
945353 116719
356787 915233
505095 604650
521949 196500
595973 562817
549118 8120
923437 876866
212728 590049
806910 972746
982001 427397
780163 4130
188251 314705
585817 390547
831571 374227
568399 498977
719328 309719
729170 934519
778265 365765
995960 859834
62729 432336
582580 998427
193412 485320
664868 493434
704188 85919
984253 591417
49020 975350
404744 199793
826583 895975
895533 726844
117183 645952
888971 254908
694666 31773
472419 20130
275499 821488
412551 376328
897774 21155
581971 905827
984916 798028
960527 106748
641912 156254
17505 134049
256411 34246
945929 400799
532619 837742
916485 456397
672893 548425
246098 450176
540032 455269
135024 661576
282771 244250
416324 32260
87537 651750
582886 370822
431549 138012
209705 917401
455422 69168
772916 253324
847893 709910
782114 120015
940952 923530
88785 571778
550551 852086
211203 28632
466245 6648
524963 218238
392542 136059
208322 700088
575369 962388
902833 650419
309021 372209
152301 852986
12078 935064
816846 388612
585228 683983
823954 345593
319572 937601
814614 983349
710915 569447
470249 173329
153702 537157
564875 614015
637676 672879
77024 271012
251014 705839
17196 728502
505567 239025
979176 654996
243057 934172
807361 384130
155439 472701
187214 690383
758338 954993
412330 199929
993377 276378
59087 518436
503352 675396
808657 80487
23668 88420
196199 929386
264072 164416
638325 121489
116670 794617
692508 215751
19329 794091
135842 357113
828044 935689
115626 791348
607463 881558
320558 259449
335694 683395
848805 611150
637680 429846
208070 150081
310865 307919
672752 677136
587484 815019
44651 933993
789788 109184
716138 165304
277632 517323
818577 815970
362282 34750
153737 958978
165984 244001
552302 909626
243707 456952
281086 623608
151674 41417
129336 899232
46701 831937
844584 108171
831002 244169
659775 164498
319083 213255
755922 708356
396451 358818
638372 28457
164336 842648
569759 76704
620238 229919
399043 38622
511074 290727
353551 314809
613808 85983
619740 441553
847916 870147
828436 432794
304671 313049
881582 261010
490142 293980
910088 711178
821993 53509
536147 639831
694560 801907
28427 750311
232345 977840
384839 355706
188998 226913
855116 242518
317017 826919
924237 670991
932789 725117
317745 752125
332302 572544
161332 926729
174708 141419
29581 38514
944163 293852
252538 541023
124713 233594
513841 707353
778678 117268
470427 321925
805945 227508
851347 225188
279670 817649
252049 255000
903359 426106
630490 582510
814949 928279
332764 175714
675406 844828
328418 140501
222544 457366
219501 986796
245173 96105
502329 446569
238343 558708
507329 330760
837379 995600
419802 53869
496554 754173
793263 877696
777654 612851
7055 629930
44390 555658
191203 638537
320471 738952
244040 889581
562367 584173
701910 963915
622173 993961
385286 137292
731653 533721
941945 138798
425486 46663
635389 454125
439845 577616
985442 733029
271919 669353
158066 814426
766595 64903
322655 117960
308468 600311
547662 667419
940495 604532
189165 809304
5026 436596
142036 768868
708610 884951
769665 546388
348896 29837
805719 297950
810083 826760
30221 267940
332838 107672
62254 544504
495211 916093
182914 394589
803028 93493
704624 701813
281394 816385
36784 78214
983346 347140
262678 550068
387374 606173
738959 328311
242417 299224
956451 65673
537155 240589
659903 175532
919767 201710
14301 241552
75034 84206
426658 282546
277566 467435
484747 653609
583113 612892
358011 662388
894286 821214
920940 558503
442744 632325
805490 414443
66756 735176
566652 557884
31268 610822
154076 638228
36958 871002
922692 114255
495486 974150
486555 935125
110014 501724
822677 453614
293259 459969
165421 158223
979752 135719
397030 640036
944635 879550
836208 320417
828249 815581
554139 857339
683920 884458
606196 820940
15778 814509
857570 183008
954092 585815
402364 400466
427543 702874
928244 389513
934973 123829
762509 484935
793635 7620
750485 558197
546555 535237
563452 828287
548587 937156
510839 540880
618891 516312
440205 614230
46950 894403
848582 554332
169960 929097
900032 427205
201293 750624
646809 442781
982909 148523
385308 752721
859041 102740
743027 393599
924075 598056
789057 917197
484540 986733
188137 141344
693203 71553
177120 627474
962767 769854
932735 945285
947250 688950
720804 520154
591096 194224
69618 875597
989207 583474
93974 380930
575510 794546
11411 193350
463317 668000
838450 944038
597684 162550
232227 859479
748107 78245
451642 432027
269327 780824
452247 457879
988657 140418
200316 245954
540207 398719
394149 67761
959473 961021
914401 466215
376250 172944
490278 870466
199418 986424
264753 74119
274132 45537
169463 525864
110060 129885
278756 54388
428753 81856
602395 603489
958885 313675
97700 788742
620026 741249
34473 603601
978754 523958
229816 400710
135360 303058
85008 353291
5017 726083
802885 961820
294255 920608
641713 812810
341692 237945
570330 719361
391423 25856
229372 577275
798124 409065
674689 755818
124829 57328
981594 608897
87514 703065
422379 740183
825053 734026
594567 984900
28725 531171
573665 681274
52412 347953
891711 696287
242793 434405
901720 843225
378199 797891
878134 782588
285528 462142
24713 233305
416488 337137
413810 337785
407610 844659
764791 322210
422892 257792
884366 172528
383604 307359
537911 907013
26677 984318
498405 167832
101286 624298
528371 276892
912646 298975
90256 605392
852686 258707
652003 91813
519208 671814
557059 9680
518272 188126
561891 634331
69008 917884
309104 286967
85646 261839
200543 344643
498559 654305
362311 196462
194200 688248
652413 799070
103268 279855
951776 438671
647109 499849
300693 542107
964241 449743
795272 896181
82077 93457
542255 432217
473328 268216
385625 811995
242244 193355
564684 411504
522741 671651
940864 940591
538652 835004
939273 859435
175725 724801
891057 956845
845693 216982
33922 940770
884625 802839
30727 657995
720925 518797
499806 607837
572806 881864
715769 743783
490672 32252
335763 167334
146794 410523
733770 209944
892820 203987
284268 571789
255068 485400
726629 640187
218210 436885
562933 845863
359899 302845
294395 931843
142017 747975
185407 307618
438646 109871
159223 240309
686562 630503
375613 494934
880909 126807
18357 177468
6924 717820
829208 957224
397961 164340
965047 549236
940770 96742
826176 322594
10839 907610
606298 167379
513829 368049
448467 300609
433528 90018
256370 520771
842380 801762
406579 530835
417627 29394
834926 341250
124193 184877
229002 437291
874908 249199
348739 349207
659313 209181
818412 498978
844178 157390
85857 714098
92096 496839
628541 596648
618836 5626
901147 15009
315901 611392
965610 345955
601557 601472
222106 736427
731852 651815
168253 577154
702481 496238
653859 584409
803070 277310
669810 371504
347337 621126
312243 158261
95776 260474
196935 314525
411886 594342
263889 762906
248686 916506
608372 876268
649111 171814
702199 397104
562095 6115
127865 78768
425545 564185
738138 202662
148052 959760
975052 860800
833149 592745
934731 909795
833038 520922
648301 800144
493149 906927
964185 63816
254563 156012
363339 103471
618225 736064
16540 68267
843059 828619
401642 24031
149484 898029
838737 329701
630519 985723
372435 117292
34587 37437
533049 39220
77235 853537
642244 994690
963479 316044
493731 375965
358095 390645
435902 485638
128091 28035
110839 167694
799804 496078
362891 367953
822429 862807
120097 293601
410461 319990
372965 76874
949488 787949
727731 364553
692877 774595
394924 52793
751344 775047
889174 465878
183066 593011
162466 637894
328874 840985
370541 997871
405287 533676
981022 681822
767487 127391
471789 899185
185072 577989
439472 266566
935283 990880
540470 788230
511612 218830
320651 210687
270044 326776
654975 807780
390949 187623
214554 263075
121452 598919
106174 207912
381340 217583
588150 146366
464962 298278
556370 952440
752225 690827
315701 860184
53724 802961
4467 884014
458200 266979
923494 904380
324943 862335
936249 233022
369390 840939
52909 332393
627128 177870
288699 505460
449645 427486
895696 794912
584586 803383
107232 34930
823956 820328
605414 984002
665602 337348
24782 733914
926491 123315
938879 137819
270697 129894
941626 829486
170679 501410
631591 516097
907371 977186
534866 618613
832715 749131
260993 6563
267744 25824
476452 528210
89931 524073
601499 272415
275488 859909
488688 15094
405404 343191
725192 101045
418476 993466
616096 91004
700230 689505
352088 864142
933530 240832
342560 507833
4865 826863
203878 249346
659697 687710
432646 888241
530929 170434
365064 673600
626446 235521
626023 336791
354894 310578
905378 38368
693194 941706
563863 316770
155056 37762
267406 736849
806568 628663
576156 827860
693190 966162
173305 73389
691818 483936
208822 169807
982314 603619
54542 505189
44770 624344
619539 827227
331941 965599
258546 366522
540734 846693
221199 260755
712243 80819
536179 985572
226788 37724
201873 639629
128546 986183
563937 354079
113810 965964
800225 800918
947520 58712
504792 759924
34700 428127
465255 970526
366518 782079
861566 42838
85175 972722
279289 31123
467435 295459
126767 383361
213554 673534
273117 372178
546519 322298
982754 785226
775932 675619
512196 607241
661515 326702
56200 661326
123159 486484
82808 693623
587571 995070
480678 183400
536018 235094
357090 239638
623301 390645
771356 305622
75026 371378
165844 34569
938408 378631
765653 622231
161234 528876
758021 86500
404287 169537
633781 469357
954472 523191
675805 703183
98996 78403
213083 931211
845415 708903
924179 401088
928015 847563
170068 660790
627879 167593
63901 677797
52200 130599
744046 675245
167775 449644
106780 932893
64320 985148
76283 536087
635100 842470
342175 72512
105613 472217
378556 574364
615391 387826
473604 582692
363736 709656
445049 70985
667036 120860
694384 106708
643541 977452
261466 552336
140855 253565
581200 811513
952063 722501
715282 611354
328357 275282
934518 78471
289144 560507
661039 914193
255075 192911
944736 303515
85080 622667
844583 302678
685388 383490
312989 841910
976724 844811
440166 152653
155238 781793
205512 382755
863418 46628
204292 398430
99144 375613
170463 288394
434189 898653
500246 883452
387924 231370
396123 683884
607597 124677
697188 947359
843526 522717
939361 331688
575654 537206
697722 409589
547380 284791
803290 576731
393207 753666
597859 359685
8673 866764
993009 896997
304207 690971
733266 414466
508950 305361
928336 844802
246253 186143
615715 352197
189465 91984
842447 413918
224831 340617
513634 283945
697657 56114
45320 117687
498652 435902
680667 772253
459193 337643
180889 313295
767483 518240
486161 557302
891948 670785
856828 557361
803895 999937
951456 800702
128371 452231
275848 27983
220325 875011
445927 7096
62590 316202
747431 298413
312853 396806
546640 33693
788718 189048
208910 997515
173115 315250
315569 847933
746722 46069
134779 142156
509744 21391
498241 943399
142287 843190
463168 176683
870752 196885
397754 574152
457070 346168
418367 4662
208262 816075
428040 217653
115754 829961
358312 548011
976982 598336
600306 926400
626308 870957
25951 618697
207855 258324
446540 478478
759861 704668
833371 138152
248253 151798
133995 487128
586586 871585
57623 989560
110162 164667
774571 879536
434021 123838
77119 38177
617729 942921
182971 404978
84207 815302
27539 104831
795604 811092
587566 82471
776071 247837
506128 927773
189465 976917
47864 748097
829456 696281
203305 398022
60140 869843
582480 112165
957187 84892
590486 603359
642733 711051
261538 986336
581604 537850
43022 466144
912162 662624
767376 590905
721953 276524
27167 10090
546505 153555
177501 102368
269046 586120
229979 541165
29569 230209
973659 851443
713588 824386
761055 277778
84092 28937
530967 831706
644604 695031
805014 215388
876971 718459
590973 428976
584327 258503
353630 260721
687940 509705
472584 531637
975998 402795
