1 10
100 200
201 210
900 1000
1 1
2 2
3 3
4 4
5 5
6 6
7 7
8 8
9 9
10 10
127183 190619
551443 846297
139838 330395
527341 923375
155566 635714
32804 503300
132497 525725
129526 759314
63558 118273
861463 917522
394844 502391
133189 991410
568231 670162
829854 943632
61986 890487
405753 775464
105715 424201
778678 812497
59616 84380
24887 411027
414811 853912
909106 994586
817050 956299
432371 881804
348786 597562
242165 966510
198265 675375
457629 982592
39923 596655
489111 911526
257893 740192
695 945173
325055 808636
375323 767804
71570 469782
35144 628342
300772 460197
461008 652651
81234 700953
47675 869369
131585 571978
65669 889594
509897 797127
28894 573337
350799 616028
646971 977671
37300 509846
882770 978702
327172 491516
417062 471694
480242 557377
915550 968948
656481 758953
893875 905946
669213 898680
660081 841355
463540 616262
193564 630134
160853 487439
611774 841629
360352 526667
257526 514847
571663 725553
488071 631086
557980 561924
705083 798458
135697 186468
274084 301562
816674 968364
343021 710187
226066 314091
930171 983416
292566 588605
106107 592379
431787 949265
135886 900886
347365 890323
255976 953191
21357 678548
138165 843119
250416 819333
379702 937979
216196 222021
759934 951162
654141 848495
533432 618557
595912 782708
863228 905267
502631 613956
533304 541385
269406 303377
253144 967758
331939 447498
280697 843725
878568 930875
55178 481784
534795 800908
340083 862158
461030 702749
15638 962211
380024 444933
151093 635464
451634 533237
406552 956977
906788 923320
316602 791572
719956 880194
466690 716794
110808 143432
48285 597111
25360 219822
777084 994927
281944 430918
639639 796200
743564 859313
843051 853199
854794 936526
164402 451861
650976 835449
173747 180196
23307 908531
632227 952207
263518 889963
191087 477839
61713 708952
465157 919051
453328 683867
374199 611838
169202 998383
645305 736135
92756 377978
381933 671269
236010 695725
172766 403277
360530 539671
626481 995905
292445 643788
215767 707247
46642 48621
558251 996951
222744 224842
224010 605384
206743 560812
537604 633524
132189 489372
616581 788761
712410 942262
74000 417481
670261 886811
500145 563600
655506 676124
932278 978045
147576 518716
211815 274235
189084 565333
109183 987427
617483 829719
31268 296015
118964 239272
96138 674243
177571 207514
442074 484309
170626 331030
522889 568735
91450 958113
594388 897422
134255 313489
167435 534502
505034 712942
645554 956717
121356 698508
759945 813932
238709 962442
279612 504397
210439 278855
133293 199326
47126 218225
761004 782817
1822 863395
129611 751370
112128 139601
138650 933834
312903 493106
594597 635103
789878 878615
3699 629793
73368 145552
554003 869952
503835 940345
35572 307322
388772 464206
53688 493266
22948 301001
647057 687998
545925 816733
59057 821577
839741 950477
209144 307305
280158 340496
81111 167661
95785 720097
750316 816941
11520 354558
75553 577716
509567 709304
12231 574001
382465 713503
434198 739339
562231 910673
238142 437903
292019 615966
429241 937653
384515 760731
529443 566349
353858 965496
5865 763681
809198 885978
408694 530704
217512 826246
470961 932640
129434 780519
117035 406103
447332 968459
118909 718893
468015 924864
223870 334753
401022 505066
526075 893646
686150 936094
78061 378812
133 471855
737928 821093
100190 672833
166032 665764
667824 952932
41174 309323
97047 218035
480777 490200
446526 890043
141468 226592
466221 601678
341467 892803
133050 622279
187004 694951
291435 614154
805226 894203
19436 621127
288904 925884
775519 979848
367385 799969
618884 832832
275571 593193
215512 660497
107628 451715
576331 604105
99964 184051
277290 881306
571744 881153
267428 874763
16989 326839
54180 140229
633856 898746
242818 293005
174139 833710
804490 818156
298294 363641
606778 974813
122606 326123
527003 739356
630883 758367
97235 522949
370546 523499
270219 492823
671389 971171
564925 817809
226036 828609
267439 554920
35025 498672
755494 790460
29176 621691
519391 791368
484420 687210
179267 321060
504399 989668
25848 277460
104353 596051
318146 511325
545530 645024
226823 338340
668539 786712
772767 946837
601015 971302
384815 689129
583745 769299
489143 631883
128276 354151
230429 389108
79885 224638
627712 869130
434431 707009
540563 544493
395389 765599
340 681194
509867 615318
395504 753226
361214 506869
809284 856567
100900 173760
811049 993883
222629 380707
111480 934416
591131 952892
517067 668160
14937 256265
308627 460294
657394 902437
36541 932013
692780 989095
6656 767760
586616 742642
594705 842581
657964 992586
36594 267719
2680 827882
253779 652704
460133 463889
295043 855560
185132 789813
546392 748566
417471 647689
335265 444299
29724 536310
190700 196791
421458 497309
69025 723082
24066 189993
337083 380811
417732 485809
127251 441139
470510 971202
222372 351000
374590 995832
8905 573275
83207 380201
231307 952135
338518 667330
44590 291948
769111 943793
126462 769604
386995 846359
675410 951382
656378 761891
279759 805413
944442 954576
83809 427290
372496 893716
621078 729442
170063 487698
201317 221446
241961 642803
149617 603804
483695 520375
63 983741
149541 838572
267127 334953
39293 303101
810967 934856
393934 855755
816471 940078
119288 519313
171261 900595
275649 402519
14364 354786
473226 838468
438578 783366
41887 503135
195100 419743
532081 912669
630742 903636
760856 839277
386716 922745
265012 677157
175539 620980
315075 609970
451838 970453
342946 624620
925998 938254
96716 259607
704695 918192
195676 765497
462274 667872
538175 589613
104358 574218
377319 865662
493767 839541
450043 532225
154352 346696
191967 861599
827438 922604
2289 220059
442596 893330
727748 810794
611202 752246
208034 706300
287670 662166
251092 966587
101930 269464
356349 857475
361642 903453
180154 246090
419620 536804
56197 736522
401592 727339
389726 920099
464009 884484
336247 758588
525183 528710
55870 987333
167919 495694
62413 108370
182130 349200
694458 904216
27582 962481
422541 565123
745301 950081
378570 504442
283687 995778
653143 734270
226997 501687
396260 986903
895003 934464
216571 899145
345666 537240
381543 552381
470077 779364
310910 904641
120356 663103
306702 828842
70384 481106
142227 440036
602578 899236
136530 762602
122549 540288
34394 319884
451131 824625
195198 355077
700406 998691
371040 898998
540978 886489
563907 914918
136665 874019
58162 221285
399061 973746
418549 960035
760826 937497
166038 961013
475933 834657
332085 561231
434065 785268
136590 449101
545296 853162
461674 804230
642992 976051
232759 573513
224 459345
781390 819740
503526 774145
640660 694121
183591 506782
192951 540690
714224 782986
377267 925935
829234 998549
309469 951063
347975 875306
819276 945918
376712 440038
77944 215588
20402 485083
84736 252188
866669 956471
172420 617852
774218 835056
675356 725744
712536 802591
689674 826268
814742 891897
804052 830980
750026 975839
85853 557576
458365 922260
759818 763395
595370 607672
711564 779731
364108 599973
834246 968380
176137 837361
28545 219712
867066 931026
699869 725373
351475 620736
32644 629952
67447 382129
107960 311435
407852 415312
254787 795243
576666 794595
229051 745280
29689 173683
497566 690161
500880 763095
351052 693948
141485 395362
279631 991672
56452 735154
132051 276650
55108 370958
35555 250649
284145 326896
662574 663245
119772 789307
152450 508644
646497 795114
936538 987026
169806 227160
342910 706312
458192 575095
693973 803762
30338 979828
454620 477516
102114 917742
14456 807449
371406 649629
192175 793081
22181 749096
361932 723660
137332 659486
422189 898043
274903 288895
89094 783347
659977 723484
90646 93829
334429 963019
700049 819079
7476 994072
742818 960412
5553 862464
339247 573694
336981 754499
815322 990978
278828 585053
382069 953150
6864 884215
308393 921632
254080 580277
415344 893192
147410 759218
746395 798027
1543 15452
482061 975238
539009 693285
763779 845854
281268 692478
597259 993371
122301 293297
737944 832539
86159 701595
9485 121109
263530 432290
415805 464165
174815 526367
75597 202869
323319 749730
93759 661632
77591 243449
502346 625604
626415 664110
820293 986083
5114 664305
511842 788341
43740 582443
686118 747487
285606 523810
507704 558791
724923 981246
716812 914560
291922 621754
298826 912806
182906 228163
269669 592538
878391 910863
837686 932396
318713 707983
491797 579221
228074 988361
38887 787121
198665 946291
181024 243976
546501 856311
19610 112583
597551 675577
321315 794491
342419 762466
204840 757169
417825 450278
702460 827840
66202 297924
385425 963414
790137 964807
74728 874969
146047 169188
70322 762062
418024 757691
37458 280612
48448 281950
670282 887639
840009 946983
77613 147522
50607 242467
242653 472504
601583 817698
318795 780485
31114 411429
361262 844232
484991 938781
728403 730161
791793 935715
97196 135994
278070 361246
570599 581982
262555 546347
624211 871362
147163 333581
200402 616583
229993 589074
631250 998378
353032 745064
361578 635816
226421 691358
542551 642831
44416 646261
335397 914022
87851 700720
801105 851219
153982 307818
852827 948372
90586 178609
390244 750962
41279 412777
821997 902343
12616 968383
409972 770100
349521 903342
151230 725404
322675 757997
206170 390453
698355 784112
593463 639160
595347 985663
355803 553590
147679 362328
762175 974669
791393 893093
436261 739160
36132 150309
154709 744129
105019 836308
423888 974365
591719 633453
610923 628630
371015 453032
55133 591660
89731 755323
207517 940329
143844 625709
69368 879565
606151 757842
836141 844613
286971 918227
466089 728504
205951 973860
249642 994095
4897 195530
245787 988235
355072 866376
272521 899732
839063 998080
713057 866508
594435 815322
271521 353289
93406 298130
352543 605882
153488 361429
201482 897073
122615 396166
125449 367249
16660 33914
222858 488522
370416 684610
880800 966090
226895 699748
505821 677738
392241 547520
169628 832246
689238 878083
270274 758064
398229 714161
115105 200259
41141 227775
367876 529273
75101 800844
268188 500388
148328 511610
762374 811610
369585 737293
161538 372368
56732 548624
705003 896301
161897 924396
424144 905152
10136 830066
42737 110406
329868 655905
62694 627736
135266 777660
401908 862047
37818 91440
402789 650182
471288 640702
73042 853185
160596 464848
104609 352723
382701 496991
144518 995682
213395 263368
620524 703315
406195 941909
455569 920318
415625 779441
772306 789165
142546 574760
641055 738866
270517 651301
30537 890219
264072 846042
452383 843367
436691 556845
225849 495345
447333 867334
317413 964136
676824 915651
11220 869539
647822 889372
317196 790727
227681 588198
132773 718106
627006 704227
133342 337781
685424 882719
771311 791874
355135 989568
213893 467788
339690 347131
247638 901876
658167 669353
193160 474776
119839 127628
645604 680428
397720 637553
187558 491958
233065 261444
655429 900113
545898 789121
91648 126127
646077 661093
858438 966775
251057 988149
528663 976183
256864 817807
108895 657360
25500 813672
115937 546649
130402 558084
630056 849147
451142 737718
518270 999555
567411 612686
761383 993526
268853 883643
166952 720405
125143 998419
725896 893285
818161 876604
622136 912921
104146 814243
321316 917258
522594 890509
294608 400161
964709 974973
100989 674954
144300 163696
62354 308488
639444 682378
318653 620014
462750 853800
271322 750074
250508 298165
216764 890590
8601 119187
181161 647053
191111 983303
227513 630759
285312 654841
514367 746081
58668 169868
562909 593078
193954 300895
432326 654394
765856 804858
653693 829915
62209 901704
665971 951451
203974 538422
208071 412502
316113 771756
768121 806937
103283 777184
136401 866509
17721 243968
67932 699520
688250 706630
408356 987966
275216 551987
389251 755462
218666 727843
687714 860506
282540 786080
526319 567188
302764 317321
56322 380619
276111 892519
201374 627553
142850 916378
80991 635872
607095 993233
369247 797472
217684 326973
321270 470227
466174 528762
33518 806112
270280 689801
116488 967271
70250 677890
421721 580977
379626 684507
276276 281997
699679 799248
440811 965992
140096 335936
357786 734400
481649 800204
358505 749429
369222 481086
895505 900048
6897 833547
96318 637931
647983 683725
492092 672847
735272 794901
817981 940989
450115 828606
877122 953106
510084 918781
430582 526195
493800 567472
184982 362419
552302 646978
73461 578849
131381 170172
180457 379674
337516 949111
636829 677458
102476 980699
578684 636392
424578 620376
255660 308352
180344 565261
286669 642702
72326 854654
152112 628453
809636 860823
178500 433248
468988 680895
124242 450921
355410 861853
386675 883987
24340 275315
157865 204432
81691 144015
374722 430867
302789 447765
190644 409606
147610 208138
505458 802942
240829 866003
94179 793680
98930 795601
132526 671060
706172 757241
58113 167525
111363 727188
58050 967873
190155 500086
146797 256498
306444 482576
422457 443836
424355 619696
439730 893767
684159 876091
126580 816309
83366 930454
677713 866376
31084 922010
113976 900290
412458 927308
244538 829813
210068 243949
446054 455145
29615 338295
111389 437789
436 478497
239696 361164
50503 420633
112105 642714
74448 589966
22666 627990
555868 887430
75218 432653
560551 783030
858336 898886
484114 673603
757324 962723
434953 785723
82446 119544
547387 951830
426964 536973
201576 572616
636222 980645
762900 885699
431374 431456
88225 150982
353830 662598
79928 455327
25746 761930
86455 134056
811554 921660
933557 977782
749758 769023
446438 652372
779946 990548
411900 739739
391527 623557
482746 521927
61989 960636
195550 344435
164942 920262
543686 713960
701802 867196
543934 568951
439198 845196
148977 963445
372474 724798
268472 799959
328756 990524
599946 784430
560350 889584
1975 290396
753358 874277
153919 263971
532779 558659
130649 182669
631732 792536
497171 557048
431077 550847
244995 709330
440690 774063
216358 923617
678301 847152
729468 892573
349651 922127
383795 938854
481362 931007
180123 543617
397224 574247
458506 801056
292786 952688
15674 379699
115121 459389
284252 986618
482789 527578
