396777	458531
335146	591292
504057	827904
465941	670336
407966	853208
510265	758136
766751	874893
734083	985409
249870	711044
60045	901609
547898	630410
527572	884112
172309	581691
460832	550694
191843	310260
17083	151051
244186	534326
426862	618975
291362	391196
223329	358902
125227	727278
165558	345584
51833	277451
892039	897769
581943	660754
390321	438994
14141	692962
172651	217486
82330	167313
356010	924202
78679	376008
129552	540481
411043	879266
30218	996688
847136	869208
478298	651023
302753	746221
376234	457403
301002	816853
165714	404735
921965	935844
202499	623012
55922	173703
127209	945108
588201	755822
490925	710707
6948	692494
178084	676653
639319	875603
297235	481838
84710	980047
124908	456036
509869	855714
466602	669993
665655	977857
241260	264118
349154	637756
8609	230070
395780	541939
106753	826957
77	279811
369026	798588
393793	893275
244164	337200
58741	862074
657929	972928
70129	203164
202879	871028
872046	896070
42183	282975
162292	768924
124290	642539
111814	565812
207408	431327
10057	899127
615677	785289
132984	763482
552143	855082
417568	432444
238273	866677
259564	742181
446446	687403
184204	602689
259093	293371
67775	336119
167993	437673
342919	932445
294611	599796
641918	866714
400557	698642
18573	439724
206256	580374
372588	830324
266068	736238
342355	847008
202267	336081
475	728771
355845	785746
746262	894253
367554	411419
267390	388758
324111	351881
450007	494187
219522	664293
136368	138041
12938	935158
686178	810933
290686	451096
797583	942357
342717	619977
471825	952081
454578	884453
559623	623136
656090	875947
189404	322410
610417	850861
581085	976280
279615	964314
454741	976463
734825	857307
303853	532914
686664	765632
374239	902572
197476	546277
638341	906994
12224	464429
428162	809622
578150	619104
386883	736974
663344	860059
154014	320846
241569	941255
5039	906073
253330	995035
170438	277707
6151	593940
186555	576963
529310	585525
35824	385933
253117	485220
317725	660331
34854	564777
15101	643278
140007	574247
939447	978614
305254	756765
270026	400966
254365	836583
364663	439481
229086	716345
174032	925719
121660	196146
73104	782960
247458	814772
424097	884324
248278	620859
606298	796140
385455	459597
314951	686153
146738	383390
187838	860345
610975	656483
702860	981641
21876	392045
256036	296192
127063	131552
745290	914690
698849	800115
74012	851241
475440	814805
305710	699371
51987	489831
86562	994019
527764	810332
215806	626493
255480	816172
162313	224600
255784	777449
52065	499576
61748	393553
303034	697525
580681	596503
154267	522290
952885	972255
50450	265947
572148	970125
32171	331200
250109	493687
35192	247202
71634	882053
567713	680003
435426	775249
395704	543359
184785	812293
356998	583878
504462	993890
105304	754425
865045	985494
409300	905212
158255	310860
477483	828136
851183	926578
565007	679790
222918	351290
44317	374099
131316	657659
57028	151462
146006	638088
476455	724292
291842	614651
74293	741813
213458	799231
26601	655054
96867	292883
26255	110818
490264	776230
141671	955746
30697	939426
455998	851390
194963	335468
714750	823814
326050	972164
401348	792874
57737	284952
144999	570800
529530	609306
184964	850465
745285	865016
503988	901774
355849	925444
29134	527213
238651	407463
187543	948800
563790	751691
461936	558072
413234	446550
306741	637178
17344	211693
300172	522062
437340	564268
285726	979727
689257	975034
451983	597410
336365	483799
262005	277159
151406	423241
318633	940847
494501	949997
30535	147280
153105	911883
435255	729196
107295	843274
2763	290788
22271	40753
91075	373302
420311	850033
586310	717663
238480	900374
8961	628330
420011	608866
901728	920540
43006	483708
25325	62365
150922	837836
793247	954957
443182	898770
205697	321215
106525	934621
730738	950772
19105	923541
106068	965703
8618	813446
555672	764318
174698	237333
380625	381768
215977	772813
355984	587985
557044	675838
514604	728333
89998	144368
540927	662334
402399	636836
327421	790867
21504	950096
556260	743752
193073	209814
208938	229249
9040	187065
668581	932207
344901	923178
832493	885711
251052	271615
9570	101895
307148	942565
344803	610624
823735	981340
476288	755506
46035	466790
31251	294524
799361	857938
116722	239643
303515	574693
587859	849793
438396	687739
192423	781662
124004	699979
418712	528828
142212	479922
495710	552455
93337	253916
225394	815572
644917	767139
107681	300713
8248	989892
84514	885342
364690	659555
565648	701169
398567	840694
195966	567016
344530	499050
662993	786120
154514	893549
216727	531221
987985	995001
34400	162752
48363	174916
867280	984373
360809	409744
53392	352729
531302	964654
307449	769956
426641	554283
30768	780114
519888	581545
313592	879801
689283	921702
840654	930044
321580	451683
562080	793733
244327	480621
114415	501851
435697	449204
26152	321515
57217	252851
537854	819045
286836	761967
125058	558913
181833	766995
314639	895254
503906	763225
397341	915302
271120	297765
949972	959290
491074	872456
207184	489289
243188	451045
513212	878901
324381	997716
556542	759474
442479	707768
373946	456561
653276	971127
321441	997990
183897	689078
199286	657906
102304	448826
24615	31018
599603	675168
59376	377320
417254	580698
538748	858090
136480	419294
165716	531038
481680	695302
138704	909036
354194	463619
216783	812239
34328	993461
73281	153196
315032	547873
787386	960571
314207	879240
482201	858666
382183	615477
4605	863260
69451	561571
218733	494891
398406	858143
175717	779538
345125	941393
900086	992522
816006	984009
570773	587304
731953	869235
812786	863137
14840	442896
741327	835151
763654	831901
287010	876578
367560	412721
240656	749564
462937	491281
267804	788075
43585	156909
484161	803461
51073	292294
280302	611072
27616	441697
732194	919530
84805	388455
196404	961055
197508	241396
134479	393892
2519	220076
793036	812740
739766	834220
59088	382129
343985	818434
127243	464740
301913	733934
361345	698411
131624	622985
607518	734456
172231	537486
59307	631498
260565	643874
596132	649885
197056	291039
300235	950716
215100	464690
67258	442112
362772	758916
144255	569247
10668	459071
194652	580446
70939	246600
178032	877151
725971	972818
475881	751346
233940	795963
496888	744025
375821	762560
178122	242947
428923	655046
555009	709177
880745	970016
148204	907941
296484	600527
73335	135815
233750	326329
147761	483370
642162	837274
254760	703226
42478	581560
222459	731297
544453	922477
813968	916399
408002	852218
588085	642973
514603	931887
54845	847051
433617	627143
600146	856822
401277	519165
362177	610156
96169	460315
636405	878853
658189	865149
176793	255572
284210	806883
200560	546551
333156	847443
148258	327943
105702	272055
57601	575469
5319	39150
778552	851360
208564	285428
135372	827657
126911	615351
358052	852043
601637	727981
462397	675025
123935	199912
656228	876136
143048	845227
149991	990032
287771	290205
94493	721541
655199	679560
921042	948533
353938	477844
232599	754008
164383	496489
294538	801160
353762	401378
271696	769037
746933	883238
299504	441195
66966	533813
881972	935337
636974	759197
418969	963552
401419	857959
393436	863075
18894	637214
225876	929602
258954	487584
49682	84681
148304	569355
358695	848633
268274	534088
296242	737744
370001	489430
380410	630496
782401	891341
593685	833317
369835	784779
21653	203475
576835	837069
78382	543377
201234	472402
241593	667980
182016	240093
747	316555
153461	196596
32537	937648
60871	825495
195982	381783
29164	31923
42100	401759
303398	872661
88049	288626
363635	786463
261354	261593
345316	819524
289264	312093
294938	825530
307917	873681
203509	517303
283115	566683
126226	144167
590857	667593
450934	541481
590813	926762
647734	781595
181950	235294
260057	586817
450865	781636
634109	715867
190375	510665
420870	475761
159777	944566
482862	641418
49143	499244
141082	395883
608261	926048
206533	879926
331089	466908
338158	341104
140273	408242
461534	943797
582761	597111
121499	891428
47882	413554
580326	604197
17376	387372
332698	453736
79609	891027
390542	798618
471860	553019
520265	662082
432558	725768
425301	725256
37120	183138
200345	205528
763666	774508
244421	966960
179218	196583
13259	650099
271174	385861
91583	846231
325370	512738
40759	685096
65685	193959
70405	378116
78933	861312
772032	832696
186527	289456
93601	358970
336486	992023
226898	783254
743273	832552
231297	762569
71358	613533
452035	785265
35527	606385
54785	746029
35359	319991
311449	925126
162052	899387
24118	383722
290722	518367
50078	280384
147443	939879
138555	764705
445864	545547
513404	949164
740629	962936
117193	444505
47129	226506
651570	669612
273503	358860
338357	957300
296220	668632
953242	981504
186803	407016
650257	723778
138585	405934
300566	889975
675347	715965
589292	857769
373724	967638
979701	986785
29442	573387
576484	717301
15441	321894
347229	750945
274950	312823
105198	536127
361517	725649
117279	649037
808581	816313
268768	672821
26778	159956
499205	518088
48525	255042
411867	973804
186362	215375
480925	862504
27051	334966
146495	766239
527276	833345
35276	338811
74208	405611
634314	923994
655620	722384
92716	908789
37290	519426
16888	916383
275592	821152
35872	970254
301484	486816
128334	595599
356613	419266
618034	901630
62356	855104
155853	625648
327953	652433
94296	799308
348106	820456
246432	720642
475236	991961
230253	519429
119598	752420
86413	225380
743237	873237
692425	911760
39129	344267
131490	178421
85729	895973
514013	595243
189771	703118
149611	883834
85008	776947
40218	537951
310255	349428
134326	893090
483944	966660
146324	572018
11401	345710
173822	993052
628402	743659
633974	701804
124679	508306
121115	329305
56317	663657
897963	958669
83244	455180
478220	618185
20016	646100
144127	297090
4650	852497
469599	742939
492931	665289
234527	625679
350130	369858
65625	267405
171353	361512
193941	379631
107738	354926
137049	519160
926604	977084
230369	243462
205674	841461
613953	635139
192577	489960
710603	962174
141642	376752
235078	939983
14540	888822
157307	764186
300889	487404
350249	660527
52276	56931
388591	465116
48391	397331
515975	983314
771070	845557
282323	469294
375454	771528
107763	818622
204505	680794
855808	901250
49054	282296
153416	735953
111164	949240
353535	541332
237806	312432
429003	590677
811380	899650
11028	156407
455025	832582
633189	849640
255463	607671
89471	451624
656379	851044
363862	639955
289363	971092
125668	905252
309750	731859
58496	608635
586213	697306
269038	510058
356232	590936
422245	456207
387595	544352
499317	584415
314032	936496
180812	992583
333966	838364
225485	720367
350677	780566
295958	669222
423356	490569
134911	165227
236183	749800
326536	886888
262123	757564
365947	902480
651190	655896
146945	449434
110036	683937
528303	614350
669782	917885
250481	931132
862059	928123
421987	684037
377324	978788
273497	448734
844894	861177
53978	796220
136373	576748
138157	361598
559936	877355
37383	487093
157518	202383
379054	871622
273210	445724
317261	840098
461753	953776
14349	193960
18142	490284
257447	920831
333717	873507
685504	989783
807640	950445
96819	447828
67704	483013
117305	118173
527420	987275
154603	614442
13805	640288
484767	873682
61416	290656
257011	883061
548366	563274
300571	707282
511346	685456
525476	927769
528551	860735
67357	284629
131896	357237
127068	711086
137259	773273
282710	680846
219551	340635
567298	800521
144051	372278
554291	741270
150745	192926
377879	956960
233802	764815
306270	928619
512991	915779
630620	895726
161263	186211
734939	865369
449878	861834
630965	693371
111728	468405
376004	854451
721950	816779
46039	683862
76379	316607
24484	186255
222574	694091
296659	330568
529835	796965
626217	896431
70083	789205
1336	990162
194279	504580
762498	853065
190172	764341
261728	374628
224004	350640
325938	360942
440536	574906
42856	549689
444788	449553
436745	740944
912911	915118
646184	787021
546684	733495
134571	295176
515231	967993
98229	502802
459996	956587
145772	321795
328282	927286
756050	923872
178337	247671
197013	988582
128845	184653
173025	874945
478457	805005
222715	574589
308946	877540
611390	793933
408397	821668
466164	763455
201583	229671
579684	703655
255770	843302
27498	597185
34041	111905
447102	869143
809340	985544
78418	423095
124400	859319
580434	781337
536111	610285
119930	792088
188581	504064
355699	396286
255606	489219
476855	823554
462569	506621
537546	739680
462633	631174
189797	680051
572820	685114
530566	957549
27624	922803
548218	980607
563936	822580
500253	968712
48893	750121
343186	920899
123442	649294
81370	582993
556092	691686
67273	207844
28512	204083
502553	632253
136369	842638
65125	955618
777846	800135
575419	881062
785214	842730
351863	357723
173174	829159
648812	908694
371816	626038
560054	613589
278363	471850
369626	600311
43827	810825
636587	671386
48400	323433
399449	694982
264082	534144
855580	968025
96127	525129
617778	993311
390007	836882
714528	857283
85894	535607
133399	342043
107346	539618
52351	355120
230440	989097
31330	86548
318093	377579
70531	983640
23152	346027
717815	960780
211853	691809
455603	513614
187604	740792
183336	463145
125851	516668
114422	604664
880875	952132
233289	293254
734669	846227
9774	628064
96570	648354
153681	318527
277721	379216
26638	968349
435124	919896
235165	523159
325774	977715
198880	701639
148452	929832
733375	759173
204693	381467
357026	527536
217915	904851
20475	594789
605999	675061
195230	802627
197585	914475
360362	605878
282949	745785
114704	648903
223470	704597
98383	699097
239985	608710
232665	716936
583714	707751
431170	534742
483871	544668
48328	805057
463270	611585
306702	442105
476415	635463
534321	924402
484794	673197
174827	929953
865683	981401
622314	787197
221469	798752
344193	765869
436545	611666
694313	731304
99503	976723
766889	925881
62684	198174
151786	932125
178572	335566
472642	619457
873431	930021
370038	432247
129166	766145
267499	983757
277951	454656
588048	798852
347550	683523
781388	993663
218065	754533
553437	650245
144717	912890
170930	593961
139269	386910
609976	788609
835661	989293
321512	602110
35480	943939
199035	203845
519032	563870
449941	991721
128341	746485
647669	755134
314312	541852
839415	863726
388356	887597
337337	618884
97883	514775
871874	992071
142979	942540
22233	684068
838651	917849
106028	880666
508802	827629
564441	848719
186685	308299
1657	862112
276663	915788
140381	347593
130986	432188
176153	556499
165585	279383
3002	36499
112242	876992
135731	334297
200375	260708
92803	842760
145583	820898
834315	970227
497916	817110
592891	812695
633730	909667
291404	893460
81576	937634
443387	641568
492781	537562
775716	914651
145292	458994
129556	714859
500112	527349
838944	941608
36527	78997
697092	755495
132257	507184
201741	878594
540500	884730
352929	694154
283235	375995
486790	697423
519305	567121
686128	969362
81184	626948
102841	316565
344008	520454
364965	520931
483490	693412
315900	955228
248733	956702
158025	414130
357597	879880
69496	720166
109202	208314
390278	941719
500481	718907
164668	853471
98523	672471
386527	890263
126626	991025
208326	347535
269886	419434
821686	953147
389573	546088
32237	610789
436920	633615
11676	785383
79790	691217
383150	561990
368267	597161
17806	761674
351272	767969
474233	527004
605487	923086
67365	616396
134325	617007
75152	201125
225447	946636
399992	752613
46628	661304
25898	229458
668836	766652
209213	244404
601153	830371
164873	890408
202627	685858
554525	592670
689047	909440
514012	830422
329221	375819
431669	756250
75035	168909
103100	210780
395221	583820
66655	118490
28305	469975
66135	593557
277509	506426
360080	526867
743014	821776
273681	422299
442117	801828
344825	349837
441311	658992
102395	179256
114801	616229
391700	955250
104096	147296
632267	842875
672962	921802
785927	948195
39283	360356
445537	760188
9217	489523
328799	770109
594840	997607
16846	68771
435433	696442
192178	266915
402633	813225
288670	339770
799750	849885
131288	181198
465429	892926
266181	643141
418338	949732
736671	780300
394715	716037
76907	485279
197786	275725
776568	834838
182168	943865
483711	539383
477388	711869
172440	323112
766773	889774
44396	654445
165565	841420
539355	687861
306376	655325
139132	541850
359704	694153
524353	833374
397926	498472
192412	539712
185842	228071
279611	926322
10335	797119
680238	698872
167525	733184
205819	741107
85912	596960
123586	940624
188813	445118
50551	96141
219270	525983
243573	980497
317412	905460
236588	538554
149992	270558
99460	201952
354656	395865
212835	706785
223015	619016
209204	278699
737332	776307
825437	867260
404034	961443
553699	559201
337682	396675
165935	833534
204996	369193
193850	705515
19520	79911
839165	970895
266965	586278
556178	583254
355971	975044
443349	648386
93105	701873
84977	234384
202665	642986
74720	842414
371555	987391
577012	582366
643475	900017
851567	989441
586712	825405
129016	632319
713683	961333
346620	840382
8912	44950
399106	813988
718597	756647
52375	690954
347661	599447
587048	980305
183508	242830
58447	154819
260039	583337
601899	729252
210753	917486
293401	817960
586850	908757
434095	505198
611339	793190
163956	808053
529057	702535
20910	742703
275332	703143
472179	625901
14677	152965
202528	810739
143452	979834
796378	905358
551428	610237
53726	442794
322	684021
40077	816886
134695	373925
288327	779561
201772	681104
378690	498240
745220	979424
726283	840659
932001	970131
437906	439547
148386	639447
173813	611010
211723	778063
105955	411768
150051	244512
145733	297573
507453	997691
836301	928092
304035	345946
63355	188200
930093	999192
175404	692522
225056	484199
26875	486513
554396	689640
506001	760041
643091	939630
264867	631966
606434	892714
613721	720363
403218	764484
542032	653887
745076	874202
443981	710005
458029	826660
449185	842659
47504	639605
594597	776474
479618	527992
206178	834705
822493	979885
82699	595392
56832	933455
59412	891905
190610	537599
94123	210333
43485	99664
280171	931282
398217	543496
249633	490592
398362	944349
20798	629926
741432	884376
558085	882412
287903	627196
495584	649198
755850	778857
51854	919435
385769	613707
627926	930926
190835	873583
325496	756102
333217	921864
22773	927672
572387	632495
297085	340483
466357	589887
240787	303992
267942	782390
182104	998094
534449	749860
83570	150411
83395	305748
156981	496982
671768	829250
289644	896476
150630	190699
693220	821323
465313	870366
267813	749941
79499	844782
423730	445806
168182	294287
345625	579111
77060	484344
325518	787096
493296	619326
22132	886403
498237	551687
816937	865798
89228	667055
327919	832885
700675	992922
665678	704384
57448	986186
207846	854224
609510	970563
537157	987951
114022	510367
265103	352188
10546	63970
259794	722530
164952	460034
458710	585359
314816	848413
376967	754500
241199	725236
152462	305083
70641	271243
773379	862657
157836	485902
420380	931560
640405	779908
591011	976256
855229	864751
68038	467694
211359	563937
22121	136749
504971	580143
192126	215973
225336	816111
86703	798364
48592	786053
402513	580236
11385	149601
384842	929733
357045	491151
234370	390505
441370	546224
261204	364019
158366	689460
737696	893108
22696	833693
72477	604153
1227	602989
582046	770815
314912	570410
497350	808358
103355	751947
65679	475579
234275	814076
80938	121462
216569	654189
503363	975087
587931	699808
362073	600580
243706	875856
104129	956863
74431	743688
582081	635541
111918	929648
212289	695382
279544	706858
40331	705678
168745	564879
394898	949794
96942	934472
200154	231814
548665	692243
163682	491927
125015	570249
307102	598464
502167	911021
599130	895006
238739	555215
328948	876357
539567	568501
402177	763527
246804	349585
4459	286820
237738	288028
628179	721788
561536	622221
430107	725343
378034	894986
539971	999872
336520	371805
500122	664253
521777	624761
150088	555461
22476	375163
255521	825576
56087	334932
467076	778296
100606	172635
572882	579963
330806	658317
513603	706852
426709	902295
751318	852718
222055	532610
298462	387628
86393	759863
594915	603375
252410	552905
94000	257738
27354	697202
207469	737283
91492	358290
239182	447431
33920	737583
92124	705314
548855	696698
290037	400969
41609	51919
607045	623495
109685	497303
798426	971942
93510	975867
201876	486871
302580	613833
347414	886494
404714	500473
66342	596844
117641	489124
500522	805507
237191	827222
705911	959864
398163	747042
827897	850590
31591	319439
204200	378328
34802	597195
329542	957540
38919	130812
204744	290468
809025	826682
259957	388733
133170	863608
252385	361739
118416	912340
318892	481435
129976	942683
334804	348458
766077	918015
250552	438969
103972	252924
99767	558280
221286	479327
176516	658754
126847	498560
651956	991752
596213	743136
605311	764341
665252	839312
232504	438953
405959	918172
338077	770251
567899	732148
541164	638358
462030	906001
416765	834641
15263	675326
487764	576887
835435	850261
109	949583
778236	787019
141880	340333
529543	683441
5869	216784
209403	709656
100676	547044
181785	776635
13030	417052
13893	674707
189314	460665
222307	596644
589757	602198
187644	997078
291734	872870
3124	545132
273560	792886
