474 839
649 399
6 302
732 503
256 265
50 61
612 378
496 150
332 313
533 688
787 448
210 77
225 463
527 672
583 287
905 408
477 905
806 834
206 889
337 813
153 738
874 116
115 721
265 798
34 149
485 820
597 46
248 821
860 774
492 795
413 748
202 889
4 360
75 210
248 411
374 753
148 599
868 614
320 485
411 353
633 247
524 581
292 771
753 503
897 597
297 309
696 851
549 700
210 623
261 809
385 634
913 532
233 133
145 552
617 907
256 601
153 779
182 796
549 286
299 445
882 947
105 578
149 6
629 358
628 889
519 365
522 431
896 106
563 393
657 179
651 264
132 804
42 665
951 943
950 601
739 184
900 844
113 48
201 741
406 180
629 276
544 502
706 440
608 269
184 616
799 834
880 282
989 921
946 940
863 896
540 954
79 791
797 543
839 997
283 596
528 263
871 72
764 928
511 723
196 46
339 347
879 570
628 868
842 574
159 57
821 50
10 251
841 158
793 679
154 427
626 33
689 496
104 452
423 966
175 971
11 865
669 242
434 648
109 275
573 619
683 393
668 692
995 860
849 139
538 354
565 515
387 253
362 490
57 137
456 583
107 818
799 127
59 232
774 519
858 347
137 541
91 157
232 438
16 433
576 906
786 141
420 172
745 782
14 153
918 821
735 376
638 533
854 49
116 627
567 326
325 56
218 416
212 449
205 227
233 780
484 19
272 904
542 369
37 555
521 306
375 608
33 365
492 886
413 608
512 979
933 189
386 150
956 597
950 160
176 183
939 659
553 211
914 94
931 950
1 451
255 727
58 287
91 550
524 855
509 36
186 793
224 571
294 179
168 595
338 695
129 628
353 681
190 619
127 120
568 479
923 175
205 332
813 648
233 337
502 741
724 687
533 299
258 178
829 777
773 518
823 901
145 527
582 687
145 60
806 65
538 80
591 94
412 403
741 644
91 243
385 166
281 269
464 890
447 292
18 571
161 840
471 306
367 404
344 863
463 501
927 352
581 517
446 992
272 538
635 362
132 371
528 413
992 343
302 790
987 672
360 147
511 830
804 229
586 147
92 400
648 18
752 580
887 549
571 158
86 557
519 218
280 398
982 271
93 635
60 79
306 419
577 817
600 381
397 185
879 488
937 878
858 40
457 744
588 379
901 25
288 771
594 567
521 575
189 613
210 248
43 867
18 619
35 969
999 432
506 230
919 442
459 776
481 916
519 420
646 419
444 933
542 390
851 62
964 39
674 525
638 716
392 7
334 426
976 685
209 833
266 128
626 724
903 106
991 774
877 989
544 672
273 85
61 124
146 25
514 171
901 152
886 644
510 572
422 837
608 630
669 225
757 294
948 12
751 291
137 979
279 680
651 551
117 711
674 262
735 540
785 988
43 670
631 552
593 52
389 552
682 409
776 790
703 76
153 805
366 289
784 644
969 434
194 85
144 220
698 231
759 482
218 153
504 200
704 448
604 92
352 285
501 127
426 555
554 579
711 919
867 846
914 187
631 460
623 775
679 673
357 789
506 926
941 9
477 996
809 80
88 160
716 940
286 142
846 840
720 556
110 938
402 24
477 384
483 451
510 513
123 866
653 629
143 945
989 620
940 797
51 379
956 767
318 594
908 515
785 979
71 894
268 824
269 744
207 751
547 717
615 669
934 267
649 429
563 638
400 503
786 450
881 742
216 551
687 123
65 471
453 487
716 721
662 985
816 221
87 362
289 54
31 222
320 31
2 235
20 401
737 806
851 969
899 66
871 937
541 288
407 993
774 474
713 436
458 881
8 897
242 296
950 624
869 621
655 871
855 674
271 943
831 121
264 81
539 134
17 79
421 775
423 547
249 488
334 58
368 341
954 609
636 255
233 504
876 239
726 82
264 997
25 447
469 288
527 7
773 544
437 546
318 212
444 918
699 777
976 418
469 281
378 456
536 962
311 411
200 37
492 816
33 868
262 501
507 788
860 632
683 648
177 353
859 620
270 909
748 597
678 216
878 56
671 413
17 981
175 569
17 18
384 401
886 645
254 744
784 465
375 467
112 903
819 323
522 440
583 621
37 261
836 914
668 858
678 684
839 852
252 207
221 635
608 106
631 213
202 415
677 576
233 140
479 51
462 352
842 397
325 878
657 160
143 676
370 820
359 560
23 963
766 244
949 725
701 580
289 902
346 965
830 578
105 660
628 918
363 469
314 687
699 322
199 193
997 568
365 356
479 387
670 596
982 618
321 35
197 961
288 542
926 117
119 30
776 98
299 491
919 613
177 969
934 727
161 283
294 525
990 124
264 659
720 245
276 392
631 825
352 919
718 277
35 189
658 163
638 957
653 556
921 181
876 854
908 37
488 553
913 477
677 176
487 396
773 763
787 403
939 138
321 656
767 356
196 424
870 834
732 522
741 652
54 617
858 313
5 345
866 917
174 894
93 660
641 865
774 779
267 712
268 588
720 34
295 915
810 164
100 541
37 841
193 90
809 50
755 813
746 972
729 919
865 173
931 857
37 704
635 656
768 902
595 487
288 889
753 97
404 853
637 440
45 181
881 853
582 635
665 328
606 745
598 822
918 528
678 306
232 664
313 351
566 907
837 205
147 941
301 550
145 289
341 189
822 574
41 403
560 57
82 518
802 32
339 71
559 369
728 142
32 41
492 949
299 680
153 798
621 805
347 765
94 40
306 267
613 346
669 172
755 103
689 908
134 380
978 44
748 57
186 131
449 29
80 100
709 584
897 681
389 243
797 834
634 102
100 246
800 120
418 554
574 458
461 707
837 790
751 936
198 288
67 647
316 498
746 376
81 642
56 821
236 853
6 870
306 457
467 457
577 236
10 502
694 822
561 882
963 663
818 161
950 884
159 617
381 904
993 813
897 400
634 484
604 991
705 262
448 172
718 376
759 80
877 804
901 437
686 216
99 855
728 400
90 238
369 470
493 713
634 389
112 619
224 716
610 929
977 57
452 46
432 562
125 660
366 378
449 403
593 899
257 672
299 346
909 667
167 401
379 800
141 842
419 364
909 380
644 237
436 95
283 219
657 407
878 374
784 678
776 728
577 384
751 875
729 659
893 247
411 623
398 551
816 816
267 725
547 910
961 982
357 595
552 365
354 782
738 137
459 865
217 35
248 967
261 328
978 153
574 388
127 971
291 943
139 557
19 685
466 331
19 822
926 570
186 279
351 275
767 810
139 335
196 386
654 457
713 631
961 638
18 88
609 308
382 747
216 400
783 682
730 801
855 7
371 393
637 73
667 756
234 158
90 430
895 743
886 608
725 846
597 95
285 205
402 666
303 970
417 86
651 499
238 505
505 960
249 494
33 916
249 266
425 690
47 319
433 932
926 157
778 523
603 62
79 357
80 734
326 496
819 976
994 408
832 851
368 81
344 400
348 944
17 772
633 64
90 417
995 368
926 124
242 528
538 672
884 617
405 209
464 223
536 810
631 720
12 350
800 355
749 499
650 117
270 634
180 711
51 527
78 328
2 671
207 539
343 91
507 747
651 323
322 187
132 304
906 143
653 57
849 753
555 850
869 176
483 401
886 885
927 316
212 928
338 419
819 680
861 677
779 511
999 100
49 482
755 306
976 407
362 824
511 268
25 379
443 508
131 681
392 57
348 956
337 685
726 507
717 586
183 495
448 534
946 497
367 52
802 343
810 516
518 320
783 543
50 578
50 181
610 793
589 957
748 277
993 473
783 61
410 318
907 858
851 852
706 217
903 859
911 712
374 429
383 157
971 433
86 20
613 695
164 553
3 912
830 347
736 612
408 498
281 314
707 131
518 412
700 420
270 962
484 644
390 866
152 360
650 237
731 614
283 895
167 285
158 996
631 245
959 38
742 240
704 448
722 221
211 773
992 481
735 827
476 124
45 979
836 694
215 566
308 497
812 826
133 969
821 115
214 131
153 307
370 208
755 444
428 317
216 771
797 302
598 624
778 642
602 613
335 168
530 994
16 342
819 148
662 991
263 227
474 767
534 195
974 640
638 753
956 206
875 105
507 472
80 284
465 682
248 152
849 778
145 865
471 316
364 484
658 978
711 131
744 596
326 69
587 315
173 542
520 48
998 27
871 78
662 336
111 910
487 311
39 983
527 509
298 891
344 308
220 54
790 316
1 467
384 587
782 909
481 653
308 830
679 530
907 693
865 369
602 351
680 640
686 206
500 335
448 843
642 668
249 432
983 249
250 718
188 31
978 668
684 285
497 714
815 756
406 31
476 7
734 155
998 419
713 497
753 160
692 747
827 940
178 161
540 427
879 727
810 856
746 845
493 595
558 659
350 316
689 825
674 774
332 672
192 44
520 297
203 563
43 382
502 572
542 394
350 772
120 511
980 218
355 472
812 265
482 161
932 522
337 605
296 668
628 839
63 500
487 266
62 881
999 564
452 892
309 802
16 780
664 995
997 19
818 808
635 299
320 566
172 657
170 467
676 798
658 739
649 496
356 710
377 706
625 828
597 933
981 612
713 645
606 709
15 775
869 649
73 188
214 245
