1 1
999999 999999
42556 2028
102385 35430
105333 35876
949478 947069
47398 14800
57190 34858
78883 108613
477371 477225
104239 88233
13714 72509
87072 31420
53735 42382
264430 265600
16439 228
68879 107832
82348 34635
880128 878267
105435 95159
107890 73512
68983 77454
238280 229725
476932 469735
102626 73745
77021 85586
48963 101515
216819 224679
5573 85349
26556 6325
93296 40427
223113 219990
533924 531192
554015 558353
73913 78162
4424 84128
27788 35015
55857 98587
58072 46584
108481 91062
108053 74783
108175 105241
672974 674345
599815 593430
346769 348459
111451 61853
50823 2239
95216 81770
54594 113072
78366 103724
21453 69723
874880 881398
68018 29704
635229 635419
256151 256173
40441 82093
348042 351858
112580 63049
20274 112499
46870 36719
802677 803824
20483 64791
45908 79409
14110 45371
19546 101713
36638 45073
77082 1579
633351 636285
55219 90751
452782 446812
268664 265760
177565 181448
4191 28191
30883 7650
45558 104383
2728 46870
63347 94029
48459 70900
45671 63340
83754 6335
97061 996
37058 18095
66582 29739
112792 82676
18097 10587
62161 80889
107017 70683
47367 102117
67770 34760
10284 40978
26809 17976
83444 76767
54963 77741
670629 670998
79509 962
57429 74344
9772 42078
3454 104891
35786 109730
114801 126303
53446 42753
424677 421280
73155 13996
5166 36663
298678 291807
41822 29608
32428 55077
98937 106228
79186 47936
632712 636312
686852 681282
85953 34465
42067 98880
79201 80202
533670 535016
94843 35351
614186 620332
508754 505735
447906 451226
671681 672861
86955 97609
9270 14399
78052 40579
28423 101373
125662 131102
109285 92220
92742 11109
54460 48626
118606 132522
232042 235446
70768 64835
91440 44340
100253 70250
516080 511778
323947 335502
217493 224440
595937 601553
70820 1565
56719 93753
84944 5600
449932 445577
41861 82630
100396 20710
108149 43621
52319 79155
801040 798369
26455 26280
56497 89865
110325 98058
82751 102630
278918 276895
27280 40028
452258 452854
88701 3569
75778 9968
27076 23902
773 48056
889926 893275
921197 922284
21639 4517
86124 38391
70372 88204
34393 109535
101585 28198
81709 87923
62649 37089
109015 95279
59431 59699
35944 54904
102932 16752
69293 6530
11641 46357
221086 215452
92963 63808
789045 796645
311498 314850
60335 63116
38688 106311
323530 335948
789652 795968
70420 10933
86684 74656
58519 31245
84742 41795
36724 86612
85659 61563
299278 291254
20163 43546
67372 94298
104653 49815
62456 18444
550179 545781
72549 5552
875446 877551
4613 47105
279855 280276
111541 94628
491442 489453
26209 67241
25729 58939
100229 108669
58097 9500
180952 182455
91122 89628
85917 75668
297621 300825
536482 532199
1908 24490
85317 109111
74872 61756
590347 604319
106081 44665
114791 121459
106841 29421
113218 81766
101853 16885
71032 4495
61661 96814
4984 76805
142238 148432
36832 86841
45911 109329
674863 672256
617644 619337
397782 396579
58075 75859
294768 294923
896873 895917
375525 370995
345926 356823
469853 471224
68243 108525
369458 372480
8153 72915
546765 548380
17090 54839
27746 14797
3794 108648
9602 33559
880862 879544
89317 71952
102251 40728
112605 18203
9277 56461
38196 91927
27825 70728
48065 111966
485551 484741
195637 191815
6823 98572
83121 108297
443352 442162
40069 47698
34682 92653
56956 65249
94381 4534
94528 98652
42071 71236
20725 40203
21785 47194
101168 49054
59228 70234
30038 67935
373509 374748
113288 65102
64275 57750
349783 345056
614256 616156
346721 348230
177725 172982
393627 402718
75269 16913
350842 351681
17661 17111
101161 81369
2687 53972
111118 58884
177526 176541
256821 257679
46469 12988
90667 25153
895232 897622
65569 87131
103652 37659
225627 214261
329582 336386
74899 45799
320120 321006
45576 71765
535984 532246
144584 145158
802272 800194
89308 19837
964229 966063
82777 65699
87212 5935
80430 65356
55604 112675
41048 74156
317648 313375
310296 308830
86745 2748
460709 465039
1655 8722
35609 101412
275246 271575
887594 889595
38625 7494
11863 46446
65346 66964
13698 16732
53804 27184
21093 52367
218821 224235
151168 141595
30781 29043
89183 3140
700642 702358
134015 129172
43640 100985
78955 35291
451168 441960
65539 27654
99732 86347
312376 313949
112087 39116
82850 92876
17562 27212
263630 259838
81131 65296
573434 569496
35931 64794
25884 10510
32510 32683
89167 44091
7506 4020
736076 734483
95201 73296
514893 513722
128238 117376
111333 7618
53363 83435
74845 113299
789766 793121
604177 604665
30574 63914
230348 230358
327152 336243
73125 30235
42266 78822
3612 50284
13148 72239
42719 103283
322581 321230
102880 92584
55193 57510
56729 84889
20282 109091
45640 90147
710237 708521
64568 14360
953848 952418
74343 89201
97841 87283
52410 3836
263684 265893
38437 99757
54473 30283
19691 40804
745270 742962
88976 7247
898345 898416
716 105606
525967 525185
77612 10750
102107 41165
445477 439224
9924 62070
44855 30084
345279 346370
449985 444833
60677 66251
583315 588103
122660 122758
843631 843376
34278 33824
301810 294060
130978 122319
85644 83627
76226 66996
53503 102962
63483 32782
341802 340612
76005 97011
119591 120803
84290 31665
895219 897348
740008 742014
41326 18971
68628 34706
93286 29395
95396 103731
255302 256458
499783 500709
78355 81376
33789 15195
14490 24958
42096 54590
43023 36720
54810 25312
85758 94547
419715 417866
366579 363823
73517 108559
213118 220434
57872 89000
978354 976450
821115 820425
96482 112870
310589 308520
219570 213603
95527 18520
29695 100414
85195 54292
65887 90614
111398 41670
28365 42802
46105 87522
63345 14795
9400 44385
40032 96686
43375 18742
103745 55485
55671 36860
893037 900492
536041 534749
97609 10174
59258 99438
324808 337719
34930 69040
39621 3115
750021 749577
8379 89537
112770 54984
47298 17202
134127 134061
22064 86428
64664 92663
220185 218359
272210 272115
681697 684073
103200 29177
202714 202272
141079 142939
107785 45589
740866 747196
591184 590330
199594 191761
90056 24718
11007 70823
34339 19992
213113 218849
107101 65630
58568 13423
78601 74032
114521 126464
23060 42579
12568 102121
13888 112226
73513 78331
41446 96183
125337 114810
220521 214844
997002 994985
79094 48944
64018 3790
58342 43568
733538 734835
8671 74304
75582 89503
5696 112975
393574 393090
106184 30904
173657 183997
11552 91918
445435 446207
11139 12156
48436 97564
77051 64882
112012 111106
70555 83428
66328 24129
72911 66273
66923 77491
35907 106337
29273 49845
55077 57181
521573 520699
324080 329343
315505 311941
758378 760333
634766 635057
495613 497888
104126 62017
20663 78753
326988 334159
71995 28229
444364 446959
112168 62128
403239 403528
78670 71947
60226 33429
42040 108802
300997 295891
306998 307987
179992 177635
743748 745604
533424 532853
7906 86509
66257 81662
812483 812628
69631 95656
102886 25483
424497 421754
104152 28915
101073 12615
24086 24785
506536 505261
52040 94858
37818 76610
25652 73281
43622 2674
512302 510900
101407 51880
101063 85549
17550 107038
48790 68441
55762 33001
33555 9649
58289 7454
795776 792225
449233 439184
49653 28213
26295 74615
70134 111392
24929 73026
58075 52932
746020 742296
67905 41272
88376 55895
164486 162008
39364 55434
704931 705251
265522 263994
104307 49839
14056 21741
332959 331902
41305 47883
95754 18667
235364 227502
260732 260203
96694 42126
790951 789646
72411 69880
766526 766038
83068 43485
898208 900844
830905 833568
715171 716142
93173 110350
115663 131534
103746 94383
85590 14818
60382 60043
825298 824745
342246 343264
49553 95331
146502 145158
60828 4388
65434 8168
451216 444790
109954 93704
58240 100715
108482 69397
42101 83531
71621 73223
61753 29757
108386 85016
55743 26635
140222 148018
79200 82798
799885 802856
833992 835318
3493 62715
68328 7490
61327 28956
40791 41782
921170 923589
228124 235848
512244 510708
634763 636705
218555 213823
180803 173498
22107 6655
471600 469721
93634 89808
60077 58232
29084 47047
35466 48940
63329 16578
6506 86418
81754 69785
34253 45861
106019 31806
87415 89509
178052 183936
890698 898606
26334 63295
346219 356218
43676 95585
10146 105996
63996 26554
59530 39608
16748 94802
338607 334648
23247 14021
318034 314112
89209 95591
12652 111029
57206 20741
71784 111138
456289 455456
75028 79519
14741 31163
103101 43464
40102 27212
17305 14525
109738 76856
31923 49931
82367 14769
95774 92962
94695 53989
47079 28801
112273 74664
50249 50026
68528 37883
86064 108175
296868 293911
40780 22206
29684 12467
79526 39705
38054 32139
108960 53981
132874 127534
132000 120934
177968 171333
371715 373098
61947 13680
265857 260522
386409 383030
43324 11963
217585 214221
85798 113207
29591 41844
595384 596964
21650 98606
51934 18597
4933 3928
126494 118486
691801 692803
245505 244667
32862 24197
10134 14520
52065 23881
95805 25734
31961 3625
106132 58488
440510 440739
192982 200255
112882 22147
111454 6827
92102 31549
22882 113291
60961 94470
150890 150562
60783 81601
64737 74000
88177 98513
5505 89030
20045 85633
94670 111611
109146 106164
397606 401436
624540 623659
62669 111931
78673 67749
26793 24715
89483 25200
98231 42966
8593 102210
123288 117286
86545 66301
46561 79928
88904 78045
184228 182524
89663 27701
98738 107896
151937 156405
19349 55691
830278 833252
53056 31762
86338 92509
101746 35595
6036 91039
5036 94950
33388 23018
83027 98650
5568 13633
130229 133591
178252 181212
51072 89745
7762 80810
221429 223322
349309 355366
67277 86810
490174 489006
62205 96252
974232 974507
31540 112968
100252 46890
94319 6630
48031 64519
124543 132424
515867 515639
41613 109742
24231 30646
10566 66777
43199 101036
351206 341065
406494 407767
65953 7145
813494 812513
238185 233263
4272 91432
173867 183804
16956 73045
570709 573395
148661 145688
62425 10872
78852 79212
93707 100388
763067 761802
6302 97791
236933 227598
67577 86117
25533 4706
798791 797765
447911 450887
51503 38652
120697 130302
24629 30738
88295 2554
96057 73777
77195 31551
98288 55512
36595 93136
93559 6536
53303 89309
24133 54533
85205 22762
268472 258559
63630 79361
351185 347286
450525 443218
412473 411061
98050 38350
898251 891090
45237 87357
63328 48302
21212 20240
2615 95093
78339 10826
184940 186487
738815 740165
147916 146639
898905 899868
28877 51364
634577 632481
93489 36639
254968 251119
376245 369322
69892 96312
615481 620835
73705 106508
10028 84841
892931 894989
101190 69455
81746 56471
498638 496103
414793 410746
195689 200243
191195 185355
46014 62256
429307 429069
44924 13647
74825 75827
28987 37776
98923 4905
109643 58904
28221 60674
50597 39773
25795 17902
851 28841
21589 108005
28855 88919
17381 9336
711972 705045
85286 106321
1878 20094
221536 222645
735008 732306
510617 512746
83761 104753
10059 82235
172910 179855
30726 20388
68395 2300
522455 518075
81235 95341
72427 105411
440610 439070
497663 492945
131480 124169
686536 686551
55489 13011
596618 601962
337613 326857
67571 52292
79793 65776
710473 710674
60838 93652
35441 10868
76764 58395
87641 16120
250991 255093
28147 81253
98591 16867
60036 83570
45598 20994
19278 53407
19772 7814
99240 61453
13094 61619
470561 474760
116196 126059
42396 50863
48517 31103
83606 50360
60847 70737
469826 471336
297473 297779
66982 15427
394802 402083
199119 197169
32798 28724
107117 31319
87 2599
69448 14003
101127 2118
108194 101303
9828 2747
17020 67117
64145 21773
39509 99679
73316 54384
48559 88201
515391 510852
464778 460896
91863 81042
16980 11439
76922 37034
252618 252153
73846 80103
94004 105222
110989 93881
88944 55542
309936 308767
338883 331087
62891 93565
21185 106416
235305 232332
9820 76144
126169 133815
13507 87560
109001 56539
473391 470336
108903 87950
105352 73589
90046 80126
30291 24237
99845 37998
55751 21348
76612 38937
41151 66270
148722 138515
53509 88411
34484 41478
109548 81997
333077 334897
99547 48359
354156 345004
94014 15279
22410 35127
19409 68051
80756 97523
592710 598401
82803 106493
21455 68813
95842 64755
35107 52939
13126 15719
670896 679717
36519 547
23067 3194
10509 48735
36326 58399
443443 444976
73198 110368
466835 466256
96471 107503
423643 424431
39843 80430
341585 354958
339669 335756
58982 33944
43488 93145
106555 26614
90648 19282
335429 327769
449371 446478
70044 9282
169426 165317
84237 31069
53357 3825
93331 78652
40454 76263
42822 40984
803841 800706
174180 177908
77142 9771
49364 10551
40682 5078
33382 41154
27889 93148
43929 65192
63521 98084
343895 351794
17597 25385
97589 112197
71851 25628
62650 97371
346354 354530
111424 54215
112855 85422
21368 70194
291845 300142
80329 23105
86103 77710
44066 97866
618643 615954
12039 40071
40393 14232
401479 398885
77086 24166
5915 77065
291338 296702
91351 25645
458968 458546
788234 788244
155679 152083
333459 334001
110799 95605
101346 81990
5557 16935
35214 56108
68133 106568
51529 49498
301654 294435
283273 282076
74150 5841
18858 107438
29331 34965
27931 107973
343319 344292
874715 876082
23984 34305
347751 341609
50730 25177
109148 2181
56290 64306
53205 16470
55621 71151
