2321 4506
2703 3097
1451 7932
8634 2378
4774 6724
5288 4277
9692 6536
395 3641
4203 8992
4763 6090
8421 7034
1424 2871
1382 7376
1849 1592
6281 7392
8529 7453
9870 9797
3083 6436
1690 6336
3214 2719
7509 8193
9409 2614
3434 7829
8914 7593
9005 2581
5936 5242
1849 377
2698 9162
4924 9890
6909 1166
6285 5560
7050 9601
3996 1067
6130 3924
6915 7176
5056 6082
4316 5275
9409 6291
3830 5153
1685 7098
1724 9081
8256 8858
7693 4416
9515 2473
3724 7756
4411 1565
8227 1418
7545 8178
5845 9004
7921 9593
536 2215
5953 8738
7094 6007
7087 2303
4418 5363
8101 5982
35 4583
8516 5604
9936 148
8013 3182
7926 8230
6051 2847
2499 8332
8159 7962
3127 3025
401 7699
1101 2924
7653 2605
6934 6539
6374 1358
4984 3162
5197 2438
8404 7592
5627 4705
6703 7806
2982 6009
4355 5356
7141 3471
1753 911
8019 1517
5814 4473
1856 4351
7254 9577
8671 6898
6800 1401
766 6947
267 2798
4505 2069
2947 3904
2904 9646
9572 120
7951 4687
6618 2260
1263 7819
6455 2021
5192 7735
3979 3638
5885 3974
2671 647
2626 4945
2883 5190
5898 6157
7636 7714
14 1307
6938 9026
2185 47
4098 5988
203 9150
1663 1183
9222 4945
2398 4249
6441 4126
8892 9604
4668 4920
8959 309
3123 2189
87 4861
339 1678
6034 5244
7155 5001
5085 9009
2461 4798
4018 4248
6665 8604
6816 5263
5289 4820
4366 4512
6242 7211
4684 8661
7585 2191
5653 9777
6900 1643
7962 4307
9920 3340
5199 7590
429 59
1938 9153
5834 9581
3371 9641
5665 7812
6229 8129
3517 8282
466 5424
9856 5357
6571 2871
1718 8857
7879 6887
4933 6363
2707 7354
801 4003
2855 3789
4342 6332
9907 8226
418 784
4222 4633
3288 8909
7117 2188
1726 5966
6026 3332
9060 305
4216 1001
2414 3591
367 9550
2556 7983
2355 7009
1461 8502
7007 1985
4975 685
7489 4536
5058 535
257 9363
9893 2940
4646 379
1228 5259
9430 7332
7106 9340
7178 3168
8623 9180
7515 8691
6068 9060
4687 3257
8569 6355
8371 4320
5679 4432
3942 4234
7625 2888
6581 7853
1372 9616
4264 4714
5682 5185
3432 3793
3051 5343
2522 3614
5610 9010
2588 8268
5461 3732
461 4022
5134 9235
9126 8357
7890 1479
5720 4759
5754 5246
4645 2176
2649 7102
824 253
1248 1867
4210 4354
2711 3277
6894 21
3981 951
4193 6380
8888 8656
555 7227
9573 5338
8643 1861
6460 6957
8298 4230
9467 4
4406 4003
3766 7691
3906 5518
9472 2016
5568 295
1927 2729
4049 7470
7044 2035
3003 3781
9798 7459
1421 9847
2577 6363
1209 2495
6137 907
1001 3035
2341 6138
8094 3137
1166 3872
4902 3285
9136 2305
2735 9435
7551 2446
2259 1582
2413 8844
7144 4623
3896 1318
6237 8743
9003 3394
3924 3472
6702 4161
8228 8965
3287 8478
8064 2101
5900 2240
2661 7230
1720 2352
743 1454
7800 8305
5436 8705
6424 4887
2577 9819
7871 9584
5541 9815
3836 3474
6677 4022
8687 9606
9262 485
5269 8567
3520 1653
7021 7043
1097 5025
6746 715
3958 8143
5796 4579
5402 1621
501 3131
1069 56
6433 9850
3604 3636
379 4094
568 3600
8274 9305
7768 6879
17 2407
4334 6009
6517 1714
7101 1598
845 3361
4595 810
4496 5288
9907 9632
4490 3458
3574 7643
5255 673
2747 6726
7481 7751
8363 1733
9424 9780
3805 5970
4665 3980
4893 500
1143 4059
7726 9079
3444 2260
9164 7005
3581 9280
7975 596
9673 7273
6708 4755
7610 2980
6384 2070
4075 1958
6570 3292
5715 1600
2105 4899
2240 657
4895 9437
4692 8513
735 4859
3002 7817
8208 4221
81 7057
4079 1566
1920 3133
1430 2096
3813 9549
8303 2510
5146 243
3309 7194
9749 858
4938 2535
4719 2594
4358 5786
6204 6906
7845 8361
218 8180
9745 1835
9140 7540
9088 88
7958 841
91 9912
9932 9906
9239 7509
2683 9803
5530 9044
3702 6059
788 7639
897 1278
4792 2692
7781 8325
7271 5741
3991 4712
8767 6383
1768 6449
7152 9881
7630 7585
8290 1540
9045 4231
3094 305
4053 9429
8251 7964
9908 3810
2077 484
4222 2836
1978 3670
1256 3998
7033 9859
9140 7639
4724 8664
2432 1492
3530 9009
3543 8267
6021 3708
4322 5985
5491 71
2278 7220
627 9961
6994 8622
7420 7723
8621 632
6844 9049
9165 8857
7834 6718
7335 9676
3887 6287
681 6727
6219 8523
8288 4606
567 2037
9667 271
5573 9532
593 895
5715 6702
936 699
5150 65
9788 3109
7398 3142
5984 7584
3994 5338
2823 5551
4980 8477
4276 6820
2855 4837
7128 9284
2922 8600
5773 6748
880 9846
7600 7857
3164 786
8709 7995
7278 3679
7417 6043
9589 581
8787 3812
6944 4904
9380 3664
1038 7786
3076 7862
3438 7563
9767 1691
9534 7295
2828 1591
2491 6813
9164 1390
8647 2402
8578 4041
2454 2419
3556 3164
1675 1347
6125 3180
5786 7736
2996 8460
394 5927
1816 477
2832 2945
2318 7986
1995 7846
3181 9195
1490 5052
7848 1524
2756 1052
3576 278
8705 1271
5852 8914
8086 1142
977 2353
9480 218
5397 5674
7619 8396
1295 1017
9141 4953
8535 8624
2647 9891
6630 5094
3404 5469
4777 9274
4235 6731
2199 3697
7077 1424
432 9684
1226 9872
8643 628
9563 2275
4299 7976
1502 782
9044 1199
6083 9156
5188 2557
9954 1974
7427 5761
1443 7518
7252 1523
7365 4054
1529 2322
1131 6463
7572 3684
1161 2938
8472 914
2074 5048
4812 1931
5257 6704
1037 1386
2050 7569
7978 3774
1100 4354
4720 1815
5760 1883
2263 7221
1434 4463
8644 3000
4645 5122
4700 6318
1690 7997
4078 717
4961 449
6348 4990
413 9998
3546 2583
3816 3193
7266 7682
4543 68
6921 1185
3354 1464
3802 9342
1187 1780
8391 219
555 6142
3340 6931
3099 754
6072 921
1598 3549
197 3672
4296 4525
5905 9398
7365 7580
7558 9982
2688 8117
276 6089
7729 7089
4805 53
2869 7576
5086 7423
198 7080
5179 2615
3501 9373
7901 9815
9664 9517
6418 707
4235 316
8994 5140
2064 7638
4004 1231
1649 4185
6632 1626
5616 5023
5923 2082
4791 2518
7741 125
3871 1954
4096 4911
7109 40
1357 149
2986 8445
4949 2383
7247 5095
5716 8706
6866 7899
8006 6115
2126 7799
7096 4056
7542 156
5471 9545
6663 6944
8775 6613
2684 193
5048 7870
8018 9426
5237 4963
202 4488
9853 2340
1320 4582
7480 7146
6759 6013
230 9062
3123 1961
7971 9579
5043 8450
6251 2641
1498 7653
8851 7838
3681 5362
4236 6055
6642 7803
1948 3497
3033 9616
5051 7098
9653 165
7953 8965
9460 3815
5887 2487
7515 4902
1146 9232
3709 8636
2031 6743
7459 6154
6110 1863
7446 9014
2389 5846
3048 7315
501 6065
1115 4699
7177 1708
3180 5894
7951 717
281 4823
5949 6978
7113 2054
1905 4813
8014 5940
3758 3464
1462 4891
2290 40
619 2670
558 3628
2059 9891
4648 5608
5491 3449
2085 6322
2637 4433
2353 4006
7475 1318
7949 6497
1842 4707
6047 1632
6372 6772
7198 9824
5606 8429
9514 187
3681 7301
8574 6550
1677 4278
9543 3496
8941 9688
4869 880
4878 5770
2158 367
5106 7653
4849 5480
7952 8858
8643 5816
8420 5084
3172 6831
2705 5129
3583 4028
1565 3538
2691 1990
1033 8161
7010 3536
1421 3264
1142 8588
313 2709
4574 3198
9712 4871
5534 3748
1933 6790
887 2334
8432 5063
6698 7947
3288 566
6693 1517
3552 6630
5480 5648
779 5705
7973 6372
2825 2352
2341 656
3430 886
2638 2698
8711 5295
9666 6133
3260 317
1075 7460
7149 736
4697 402
4631 4212
6236 857
5277 8475
8275 278
1687 6760
5725 2795
9425 622
3944 9043
3982 3580
4581 6425
987 1552
3146 992
7332 843
6605 3575
5385 4315
7043 7084
279 2743
7838 1685
6042 2575
1824 3948
2052 9302
2469 7793
7031 277
5689 2087
4191 2155
7712 543
4749 890
6651 1404
4712 2901
888 333
7574 3915
2292 5893
3572 7563
254 6546
4371 1163
7837 4473
6647 6767
9312 8009
5842 7989
8979 8034
7296 5651
5142 1789
4306 3875
5815 2945
9664 3428
6748 8974
9407 128
2622 2007
8447 1650
4552 9904
2945 7012
2834 2436
6875 1518
648 9627
8427 3722
674 5795
2266 5001
7935 5365
4032 8105
7625 8821
2663 4284
753 2206
8270 2743
9166 6264
9801 2636
9465 7340
1201 667
6206 7661
6214 3850
4687 5568
5693 2019
4274 1999
363 3407
3546 9393
9133 892
8116 914
2341 433
2635 2000
3517 1593
858 6236
2531 8166
4257 8912
1216 6145
1250 6007
8540 6226
6210 3855
9113 2512
2041 1102
8423 1793
3870 2595
9830 1658
5099 4258
4577 7474
4957 2009
4951 1051
6174 6096
7788 4926
5824 8735
9589 8395
2180 7787
6041 5324
5625 5787
2795 3845
6359 1601
8606 8557
9789 4474
9869 4246
5592 7202
4871 1480
1018 2108
3439 9306
39 2949
2594 1056
5193 459
4307 8119
9244 5826
226 3914
6963 2969
3135 881
3446 124
2685 7656
6062 7480
4519 8766
7939 4223
7555 7152
3017 8617
7970 6115
4562 6732
8426 9947
8623 2802
5938 3907
4542 3551
8583 5837
9766 5817
2911 4449
8647 2489
2634 8790
3893 6141
6306 9827
278 4579
9401 758
2937 7496
3721 3444
1234 9244
1732 8238
7034 9627
9573 3127
9845 7991
1313 4683
6409 4062
793 7897
7170 5881
2985 5304
405 3517
4911 9824
8369 9725
964 5094
9086 2842
7412 9541
5209 4318
7429 2799
249 8640
8237 6256
3061 563
5744 6422
4554 4474
1900 7073
1776 5466
3368 5498
9073 6223
7943 8346
6313 795
37 7341
4302 1040
1686 7436
3625 7000
2294 967
3128 4302
5277 3865
1168 5061
5591 8784
6814 1115
1495 5448
1443 4310
9423 5685
2031 222
5200 6967
3109 2224
7025 5676
2412 9060
2436 2770
674 6986
6860 7050
6371 379
1445 2346
5608 4910
5351 4305
2135 7369
9523 6016
8613 6377
5503 5870
7281 5183
5015 1942
291 615
1466 6260
8926 7494
5709 7954
2030 8851
9890 7856
7613 459
1072 6104
7749 5062
9309 7065
6288 6314
3312 9090
166 9334
243 3076
5285 8722
4272 5116
4635 5241
5986 2113
5287 1277
5266 2919
2356 6452
9686 5589
6818 1084
3874 5287
3890 8053
2441 1521
4006 5697
3187 6908
8141 1743
6549 9123
5691 6644
7769 5271
8038 4176
9306 5891
4308 7655
1920 7348
8057 3725
5842 6114
2243 925
9672 9628
8654 5281
3812 6991
7425 88
6022 2581
9021 5924
4362 7811
8825 5490
1659 3456
2768 5584
7171 5246
6518 3549
5050 4195
2764 438
1935 3246
3305 969
7939 7108
6165 4842
5284 3355
5973 6860
8421 5519
6928 8618
685 640
7737 7190
3405 5502
8307 7864
4041 1570
1070 4095
4471 1159
3262 9232
7986 2742
9887 3027
9327 2734
136 2914
5348 5412
2115 3333
3408 1266
6795 2635
3823 2617
3001 5139
8204 5738
132 1083
9873 5326
6550 1694
2248 4499
6422 6345
4239 5160
2037 3122
3700 4855
9312 409
1450 3187
7743 2830
7950 7907
3943 4822
803 5180
5213 3261
3660 7275
8368 5498
2410 9352
1918 6172
8389 9053
4389 9924
3137 3363
4999 4169
8449 7425
7825 1339
9243 8556
1428 9117
2429 7020
5338 4988
3939 6732
6092 7406
1529 381
9999 6725
7958 4939
9997 4047
2776 1538
4852 4251
6952 3549
5088 1100
6709 7167
1027 9207
6128 3147
3370 6359
6497 759
401 5
6254 5863
5570 2898
4177 8319
3153 9399
8546 2900
4573 6622
6661 9699
5360 4665
2992 482
5299 8219
