597701 88426
951574 250249
289795 808177
465026 281132
76339 622753
749050 930805
237534 404539
12038 585795
257380 276955
384946 855669
166175 812229
940700 733220
368529 110453
294163 936169
210686 176062
870940 716173
936511 36245
406948 652398
483190 730339
620559 334576
775747 640087
285231 384443
793727 627708
122974 964630
703890 102047
37581 780534
779526 442650
211466 593382
660025 177427
501077 431660
743560 931614
383232 13261
151285 444118
428360 372164
753178 881836
906515 321128
203689 273401
668159 175869
799590 130879
884093 116346
242962 231222
577561 667243
68974 88912
136406 42435
581142 866988
154322 517158
626016 345774
17612 566810
434730 96903
627485 242752
60629 194838
527842 143158
650182 638878
494590 380946
898657 155728
334941 150968
562522 206046
243768 855130
827337 827895
568975 256764
662845 415922
248981 804562
36299 657101
502782 91546
508 622218
576710 396001
224888 446843
481863 389001
495780 126369
692356 387109
76586 696731
716867 978988
588735 475787
304644 461166
251320 99870
801978 280843
900165 805872
836306 602599
196433 781268
72472 191039
830305 432826
259330 32891
327100 109306
164726 509714
271139 154283
283056 476376
376975 162289
391964 300617
858076 964798
133387 775466
969838 182133
799016 828997
436776 143227
411417 124826
713045 597191
9378 971959
670903 919018
769745 444051
363531 446271
227846 245828
966590 174460
394754 658353
867184 285868
12020 845050
139400 889903
533144 906801
322337 912640
675931 337158
499561 289003
550997 947648
168183 483166
439111 908336
281247 890997
263651 280269
148885 863010
684352 304113
591709 927062
524674 753240
854156 287125
937456 859717
306012 827778
312211 678100
887110 663633
432249 264622
583182 738727
800984 718318
960140 102998
374144 955818
929519 271256
158238 72996
469625 504648
265531 284334
984888 945451
51895 724845
350235 283049
906280 849547
457738 32333
109222 771964
259620 565280
932630 645810
884652 752316
814272 112947
394267 442138
7753 915927
140207 36966
582385 4854
487295 104803
27275 856004
872906 311074
45 263585
788988 949085
953026 566219
292993 2094
468351 126167
80823 979304
138308 892021
987907 733967
738400 44511
23801 93813
257966 50316
691173 412357
76858 930150
391841 84212
206524 185150
180496 658343
50001 619499
991025 430274
577700 247426
730856 297590
164501 579170
315482 222618
588543 843193
798373 862032
853251 120863
240682 795159
561505 945031
860727 311101
544499 645375
304927 899370
327714 611063
589918 429523
802576 685253
379821 502382
164728 106131
783135 608731
778503 765625
780494 540955
132057 69663
727535 968906
458747 352735
116372 213354
917736 624765
924696 28693
450426 409718
433259 641157
559221 573060
350529 379609
291225 329148
447532 983032
651900 69821
676441 72193
522312 261884
923206 332503
908489 423919
127514 670907
12544 111749
492678 981752
182608 917117
903491 184836
272229 715572
471906 883477
319805 787241
338354 331214
744729 978130
470819 392841
449313 769771
224258 838803
314200 981508
849735 621536
579834 842363
975631 748160
517728 338424
322570 986014
612605 66850
559185 915824
200160 309041
257616 781886
135057 673249
365652 179447
599899 450793
476668 866548
608322 780298
449011 890917
103951 820771
603292 782051
811891 397064
808980 774482
160508 186
261005 900242
658686 600148
642574 316922
87337 460449
672140 422225
743845 31021
740495 146799
764269 40393
458208 314152
240478 108017
454137 109806
448060 554172
692500 511395
5706 597520
908997 997258
197913 799371
505740 973113
10234 438876
390254 134753
649928 484847
795553 419257
454757 967556
76328 288025
128787 847852
840535 832040
186480 931106
546159 593038
334925 979943
869713 53902
279021 942417
736032 467334
95488 131237
888162 64008
888997 264835
271690 709677
917358 512522
309569 765295
752548 73662
351546 245028
330518 364766
196528 364120
935115 588556
606750 221863
260041 315552
159339 674524
697717 721379
613918 418889
914988 291971
214101 929148
593038 134022
986285 168177
932496 509502
150870 928838
154585 850723
219063 251738
765333 306413
212673 612959
792207 819432
714808 478590
551200 843215
136159 382463
757257 66736
664543 899326
952074 936696
854652 757726
290680 340886
710448 865237
701853 548068
414415 203202
317292 387450
565883 389000
850605 694763
904882 200911
299561 252131
18526 513977
943683 805404
453646 904808
114137 255272
992417 649151
624008 787478
586997 958041
64446 532586
594671 76731
395779 327257
506773 305153
392596 286644
322666 89451
537908 191482
84311 81251
903908 143642
857460 464608
405457 550351
622288 910163
567327 259992
119245 231857
607349 591337
685225 193626
205010 73253
510594 941802
798655 943377
549432 223542
634371 841950
523304 892410
75710 680944
73184 199308
875851 368799
134602 20280
212366 927560
37907 482281
289715 551872
668498 413806
225647 328251
261150 669390
755140 658240
48077 655246
9092 910504
32125 317935
254883 464617
614489 448754
22068 103235
670612 403597
478809 659541
938446 241384
273335 933313
259980 843698
309559 151623
299981 794111
87139 669167
855133 667740
303644 178387
762268 909892
390121 431001
716153 667246
531240 360255
15282 775804
507322 537162
368414 606954
387964 94172
415065 626286
705555 606178
539956 329368
241924 931443
894403 684523
972444 684005
276903 334721
29314 834276
670679 588991
769397 916018
787697 668373
161829 455592
926684 762208
746795 533263
816932 197667
359205 836615
890174 428713
659686 172515
599582 610288
270136 166780
987951 239308
972260 799671
696378 716148
994873 500486
250 708593
889383 756005
261146 884826
872771 575234
391209 922824
803483 696812
540862 700609
148075 125674
241207 225135
395050 441988
659218 167141
377218 338088
456857 835135
875057 8061
984480 43735
690918 339857
184424 609930
107556 341215
632414 145364
274357 868421
602449 403601
600753 520828
905063 688371
678714 514285
519382 732146
604824 453069
716162 13921
827342 182582
451969 700953
804773 324069
303963 271233
829869 667742
110212 401805
346596 332216
782260 892626
967501 485786
464651 236462
185040 469084
330384 942396
462806 358784
821774 873848
991240 368547
72964 671568
897273 996001
583321 797882
108512 493596
950227 860560
389912 66269
615270 652968
294582 180395
129609 781764
900179 506112
402280 844189
238537 309111
759482 864108
268524 558156
413386 99236
90774 621037
115755 391604
857814 184362
354706 949088
494232 951557
442142 817932
908942 748596
234965 334501
855189 898471
34874 529074
973880 113088
419596 795306
841896 695210
372646 136050
39474 543296
99215 949575
349348 308486
342560 629761
205248 65718
848241 219669
418451 29892
862866 979999
28512 173170
199445 12201
847883 80998
453273 10634
900047 22071
410220 808957
486921 1459
553610 633013
63643 516267
846330 875791
447522 839681
641619 769616
142789 921918
658943 546539
723933 415567
450667 549978
287780 907984
680713 288964
958115 174873
838151 610929
306524 156842
716706 9793
339260 404718
105379 583171
392341 939558
655934 305846
875687 829760
819712 96225
312024 300363
79295 618308
527387 858588
439744 883783
167446 744838
289692 497167
937518 999848
294302 821493
94001 576361
940110 432857
751108 217639
716050 979213
509150 275341
685439 962126
759265 245714
380477 19754
774358 565764
533821 5168
357163 130007
151044 526159
383707 63590
823301 641049
54101 519034
981285 89534
42462 651530
999562 778460
23895 471676
674627 239475
248866 974729
620536 428820
933902 801900
552726 549114
242461 701901
263650 538773
540947 229929
333085 496817
432197 446423
261520 589097
792446 859410
766749 916570
667624 491946
441837 417069
420985 750087
836847 119073
966447 717036
297264 969307
270662 605546
568773 15588
561713 363379
261092 942123
843455 845521
752777 826564
381931 542094
14464 516426
803899 582330
129750 207063
327389 622662
921 644189
430369 270948
840996 871037
955954 899028
574081 593535
251227 52260
192749 46473
441647 177388
454206 709449
354128 59017
36238 343435
919257 180197
419453 597163
106772 204033
314075 867049
578285 910943
407587 185244
277365 220157
573733 657445
119503 374192
453935 375406
793085 971539
498922 788705
437398 295457
141368 236089
624831 305729
759621 708831
641792 735421
488079 946831
536533 966148
731555 652773
781913 743025
448960 950462
687306 334442
885906 210551
886205 441982
456334 20159
324732 22272
900022 382496
181146 195219
675847 198381
57544 582056
789927 703646
602377 741804
903282 814730
446003 856205
615396 269321
961394 450873
278091 39757
898243 734370
558376 743922
381111 87085
239413 681750
110864 338253
425555 684964
863561 732159
400369 183535
542059 903486
875832 764402
103014 756995
266415 26319
655552 878138
923488 719254
907809 988935
973528 997609
923635 7356
517838 113570
844164 468676
472011 30239
827574 423688
250131 243769
965249 441380
831692 569525
343676 12610
488502 769384
738816 476509
594316 675603
653293 572800
491736 901238
536651 860907
348882 317954
65045 540668
302635 229084
299134 659675
955734 569169
387544 298699
471775 520742
238198 89358
95175 654965
240898 337126
912416 74769
691953 97986
66380 67510
45279 788463
437370 458679
494264 296484
12399 199059
674839 104435
778588 714764
472573 636006
997033 202951
15245 894838
140256 365523
937224 475699
609347 38997
913124 197848
586187 800761
275592 935448
21627 910280
255696 701331
812275 878356
14294 678122
676534 548408
168876 684659
104806 820751
962755 515855
29266 54247
572129 700588
535402 739189
301412 484897
20479 251170
578349 266714
693380 367725
727849 283559
205774 757842
477060 86046
506303 839053
24131 217793
717517 237586
289208 566216
949514 584165
658621 48926
484775 531352
131825 656876
695422 687887
285566 388092
387151 631325
880855 274794
3334 282315
255730 531880
268305 702201
870413 836196
400600 810191
501353 883746
984924 607161
616772 665871
955871 240232
408728 355703
916953 645575
805335 302579
195227 566471
541653 394829
614829 459477
28907 970297
961981 173614
329076 529127
509539 315819
15517 734824
770922 900462
80177 577261
861249 221565
334086 115279
457788 883420
940190 916701
372315 578626
816229 170030
174748 512131
650248 454815
140429 335697
182453 326579
32668 79260
224513 197433
877705 843999
611047 474933
940956 956464
907896 559410
571474 873980
237947 94000
445753 378573
27628 811730
12569 499996
825840 430531
617259 168028
601978 309677
866888 809997
90810 151
286976 981583
819392 396601
216007 647264
424793 929996
185642 911327
751333 127814
742635 841219
2122 912499
782645 522040
912110 209151
986685 634340
508459 789855
877696 656924
528969 794718
347738 262211
980370 38688
245542 593736
635735 38361
759699 893746
493847 674463
884492 383355
353280 543399
213401 388607
690048 345160
669561 452811
970101 105133
552966 578859
376533 633755
460978 804818
686292 390677
221674 31878
692288 839035
968875 395829
134185 450634
883151 501563
574807 754272
924911 524650
38946 207156
93637 524868
517522 213292
361631 313648
632405 312910
451120 870686
855855 423477
50324 614577
683406 25487
897124 798126
70178 355215
398181 921060
257946 991785
96925 331208
843963 707349
355516 119752
572402 86899
73975 7004
865401 218135
133842 162219
553114 702041
524325 804265
610764 341260
785580 989569
965604 126030
486819 209553
597812 556438
946184 291850
226730 914881
294837 627923
847502 834125
289459 934266
263027 394021
985388 595181
542295 23870
496857 132232
28547 687667
591308 498738
119340 185849
791533 707297
545462 919900
992365 764111
286813 135108
337940 5974
580704 481950
251036 714092
701693 718038
57743 313499
321950 510251
608758 557608
297262 590626
662833 844562
666204 969769
568407 215322
498596 518003
956234 643030
984276 987154
738812 938991
814349 464830
701664 972695
474433 328240
367069 931616
543093 996042
612546 31092
468500 164416
734446 425425
582505 757487
261245 68393
303702 522423
841644 924699
579676 55999
959319 243436
623517 62076
59225 570499
910830 808421
909546 798897
220826 76472
668954 834299
228734 379115
180541 387650
786649 859196
471862 997579
566067 75502
304706 632342
177729 833063
888798 124392
233051 321144
550326 250218
66269 84931
229253 483946
997606 775912
168574 325216
85084 201106
54246 630230
286322 922768
166216 559378
831456 547881
809038 595714
394524 890691
404784 585598
342983 391736
151472 906152
943711 533279
77021 673742
908680 503724
651702 373528
74654 32564
861353 412175
328639 142590
789113 874168
114431 547552
305190 196713
985516 561131
422196 569049
705683 677052
237824 609050
341119 430358
157165 273339
636364 756291
263712 16673
721400 825959
291102 932209
858283 256866
636925 976315
503107 671622
255404 409922
432702 809565
67542 272957
65400 783731
735318 49262
391276 619573
260771 676424
119697 911974
891342 708307
750629 293616
239573 747607
281034 420394
358280 231602
168824 348553
751590 276330
994226 503411
947717 562734
982031 920959
311124 182908
178106 81353
229716 955373
609656 447234
676985 965415
201124 770018
419505 989785
566232 333752
816966 24703
51583 568801
244929 351855
568325 886605
659726 449196
815807 161928
720473 581664
474771 20453
184882 91494
827500 977310
3607 248629
48493 516018
652068 18816
101599 397565
759259 260258
778201 845761
19755 669317
915892 767723
708177 261532
248249 837261
854611 296309
653678 94167
284983 331971
794925 693833
282182 532407
270764 579315
581677 437383
437464 141921
779678 155655
63 386594
2390 343353
322062 724784
861633 389636
157090 280235
305163 947496
167167 512023
959239 319613
159626 34407
956522 237496
448341 744467
44124 256736
124840 756238
974653 331977
310959 183954
797352 132329
657138 517243
686929 311222
449034 187541
374438 254306
690042 937693
77597 794792
438455 775666
67146 7736
495346 618461
651397 473046
262908 213808
412864 331595
222874 564869
988878 49628
20764 877158
552328 53729
584079 997070
