54 52
1 80
72 22
3 60
36 60
87 91
89 36
39 96
90 37
8 67
7 60
51 27
92 85
24 24
8 37
88 56
24 5
44 89
69 24
72 88
67 73
4 3
54 63
34 78
46 94
48 17
16 14
40 3
24 13
73 57
99 19
96 58
50 55
98 29
29 97
64 23
66 47
35 4
74 92
77 78
94 12
63 61
78 78
13 95
92 70
27 86
11 22
46 26
65 73
90 55
52 2
100 44
1 73
31 32
82 20
61 29
92 71
3 63
69 100
16 99
17 3
25 20
83 11
26 57
97 50
8 62
24 4
33 24
75 52
76 32
89 58
66 48
97 89
77 29
92 69
62 61
38 37
39 46
86 50
14 66
59 64
17 79
29 36
38 42
71 80
12 50
93 62
6 55
3 99
87 88
85 2
99 33
75 81
77 86
100 82
56 60
79 50
87 73
40 81
38 62
261 2660
19 2379
1581 1038
1784 3265
2051 3556
2278 285
890 2913
2826 510
649 4474
1510 4947
279 1171
1850 3615
2611 2069
1853 677
961 3412
79 4581
951 668
93 2911
660 4878
3821 487
177 2712
13 1836
1333 4227
1617 1240
3417 1581
1471 3838
2160 2993
3556 3237
2961 2073
2606 1565
4034 1618
1352 4383
3416 754
4608 3878
4268 1188
3325 2684
4693 2034
202 4263
3758 4675
1696 1567
498 212
2385 367
2657 2678
2407 3280
4968 4823
1318 666
3528 1807
4548 4190
2641 4393
4593 1417
4707 668
2282 4760
3294 887
497 3267
4286 2198
226 1428
2511 4424
1078 113
4028 2958
2001 3345
2136 4968
1300 4324
3908 499
2041 1281
4215 542
273 2211
70 77
1703 516
2828 1731
829 4309
4214 1729
3702 3796
4285 4510
1175 387
763 177
1588 2778
4920 4558
2897 2739
1597 2224
3157 3084
3755 881
3487 2820
3182 3265
3638 1887
3343 3426
3977 3549
1026 4607
4013 567
4470 2330
3166 2305
733 520
4827 3393
1558 1229
2550 108
1600 4871
310 85
944 4635
2278 2008
1380 1483
550 2309
4978 3277
3218 3731
4695 2187
2435 3631
4494 4446
2132 420
2558 2048
1762 2228
140 3175
775 3511
2800 2804
2581 888
1265 1587
1031 303
4339 799
181 1391
2152 1873
4138 4575
1641 558
4519 3452
2803 4179
2401 2884
311 3590
660 3795
170 690
113 1291
148 2508
3610 2285
3543 335
3625 1015
4966 1989
4551 4423
3598 4425
1840 4650
1100 1073
3632 506
947 1856
1041 3764
2798 670
2914 1265
356 3316
1080 4348
3564 2512
471 1450
3209 2317
2776 3078
4114 268
2335 4055
2347 2186
1420 3228
786 4310
3164 2392
2913 5
3847 4306
1733 3235
1151 1717
514 1095
136 2377
4349 1226
3444 1219
224 3257
4437 104
4022 1140
4271 1971
156 1559
44 2925
1952 151
2042 2163
1365 4357
3907 847
4770 40
586 3927
4212 2023
3780 870
1517 1293
1914 970
771 4705
602 1465
1759 3003
1512 236
4002 3300
4340 3906
2058 4936
3126 2575
45 431
4465 158
1262 4506
2621 4285
3817 398
2153 3762
3363 1301
3575 3210
35 824
2339 429
1469 3191
1324 251
1061 3844
2685 4494
3187 1930
1961 17
1549 433
1174 127
3472 970
1671 2727
4050 2958
763 2484
4786 801
1842 148
4480 4640
1744 2543
2140 4819
4625 3332
3673 398
2096 872
702 1191
1288 3850
3059 3533
3202 961
727 4476
3835 4063
2938 3663
789 4885
813 3869
4357 3867
2369 4820
3622 2255
2549 1049
1083 3199
3803 2983
400 3537
3386 549
2669 1021
2889 4359
1556 687
550 2680
4129 1619
3009 3441
1674 2799
432 95
3893 1948
1787 2375
4590 1934
3883 3686
2054 762
2169 1396
3160 4762
2735 1889
2929 1693
2538 122
4431 2798
123 3943
4511 3534
4953 679
670 3144
625 1545
4872 4960
4464 4455
547 3451
1804 4772
60 3867
727 3589
4146 4675
558 2366
3684 1661
4955 3915
3935 2134
4964 558
606 3656
1851 2228
2115 1768
3158 322
2698 808
1530 511
4297 3495
1417 4953
4159 2482
2576 813
1061 1721
4084 4763
1019 4604
127 1173
704 3723
461 1614
2804 1688
4632 2955
2248 1065
4031 874
4451 2310
4194 450
2489 1345
2910 688
1077 2913
32 2250
4299 4044
4752 3461
3368 4741
2041 1552
2228 1818
2591 4910
2276 3380
2854 2708
620 3433
858 349
4734 2139
4067 3118
3559 4880
4935 1004
398 3221
732 3652
1126 2680
767 1609
1510 4561
1925 250
2821 2238
2152 3161
1150 374
4052 4005
1819 4426
4933 1731
3575 3600
611 4869
3099 4577
4944 3021
628 4199
1959 3336
604 3664
2541 2022
3846 3205
2236 3728
4369 2332
1010 1489
3278 965
2676 4251
1186 4241
2228 4329
1646 3309
4597 2885
2634 2897
4018 4094
391 2866
2998 4248
3418 386
2006 3397
4249 1294
1739 1589
3496 1821
1414 4950
1368 1329
2962 2292
2013 1769
4455 1234
1011 3432
3198 2002
1205 4518
808 1400
70 3218
4050 3850
2972 3143
2371 2471
1766 386
3452 4556
3405 1983
2456 2308
609 2509
4758 2096
1038 1768
963 242
398 3731
3088 276
1502 397
3962 3564
3705 2342
1142 4995
2588 4346
3634 1621
4936 2499
3153 4695
1909 3473
4385 1913
488 3996
1996 2370
4475 4638
15 2378
166 4258
2700 632
2228 364
3821 3982
4063 4833
3670 3573
4215 570
2416 555
1186 1577
1344 3780
2396 3386
2870 2571
3424 4196
4780 2401
3971 3527
599 4879
4641 4538
7008 9027
8732 5712
3401 6792
3556 9688
5661 1498
3765 5113
7947 6527
9329 8604
2069 4878
1215 9828
9797 9209
6445 8000
3072 7086
3538 9544
8859 7523
4208 4361
8489 7304
9172 4615
7123 9326
9253 4288
1682 1150
1062 1967
7418 1047
3068 8534
8427 8280
3635 2785
3893 7535
9941 7060
3001 5623
6401 7179
5665 5042
5142 8294
4682 4955
1395 3305
4875 9785
5762 7121
2338 9533
4314 8929
5963 1382
8023 6070
1183 5260
2706 1709
5652 6841
9079 6464
1746 8070
4622 5348
6595 8036
6117 9792
1845 1338
8284 9061
4193 4134
4717 8311
5499 9252
7757 6136
9838 9518
2096 3145
8925 4053
6823 5635
8404 3826
7161 3756
1902 1132
5858 4719
8493 9534
4986 4912
8205 1427
6515 4217
4992 8197
9933 1234
1470 5947
2005 9523
3357 8630
1843 8789
2257 8705
9918 7208
6582 9699
3261 3648
4366 8803
2649 7608
9874 5769
1090 7038
8149 3808
6642 2765
7709 9658
3157 8632
5531 3747
8504 8459
2799 1572
9809 7962
7578 1301
2003 2302
7102 3637
8937 9831
2248 5236
3776 4704
6226 4543
2398 1471
5407 5152
4788 3449
9977 10000
7264 8235
9079 8465
1009 8367
5965 2387
1530 4501
5774 4968
5617 1376
3268 4916
1595 2361
9897 3804
5167 9283
4979 9712
7695 4427
7540 4462
1260 2114
8315 6074
9464 9955
2834 9477
6102 8938
3609 4706
7811 8634
6320 2628
9181 4835
1477 6115
8479 3372
2018 3262
1389 4203
8705 6684
1953 3306
8924 5838
4212 4071
2578 4764
6212 4457
3692 1122
3670 9162
7525 5855
3908 3199
4512 8727
9146 1335
8187 4400
4201 2115
9920 7806
8348 5646
3892 4393
7883 2779
8059 7282
3057 1311
9252 8221
5090 7950
6345 7792
7011 3937
1104 2234
3351 2095
5596 8052
7046 1219
4402 8482
3084 8939
5288 3311
1419 9600
2464 3803
7855 1099
7623 1069
4614 2609
6214 3986
3456 3907
6922 6295
2853 1443
3388 2402
1525 3685
6392 9686
9482 6683
1251 3132
8972 6331
3274 7099
1504 6455
9392 3807
7669 1301
3873 6466
6531 5394
5316 3318
6846 7705
5962 5862
9535 8654
3488 7635
2366 9136
7235 4094
9736 5672
2324 1977
2354 7230
2680 6317
6745 8939
6257 4369
1605 5967
5781 6022
5517 5841
7583 3641
4634 2055
1840 5520
7671 8038
5469 1373
8291 7391
11329 65999
94057 31792
55072 67489
34543 98930
55047 14566
76845 40737
32472 24950
50807 52167
94320 68180
98033 15208
60486 69008
62064 87069
60392 29176
83306 34332
90626 84823
56138 61833
26802 75060
84979 57659
70194 59485
64412 20642
13113 24508
55787 25504
45491 27990
65083 92186
13543 46126
56117 77775
96988 31991
68811 39317
80673 68240
79213 17767
20249 62551
53861 89156
61957 44360
94255 27115
51521 12643
28475 16713
57028 69784
62489 31908
73561 52017
27224 42385
34555 89031
87639 19374
58234 42807
11196 81422
16514 63920
83418 57319
79776 48958
78912 63335
37233 74017
77971 92953
97425 29504
96526 78284
62942 88706
75874 89577
60636 51430
79366 61863
65534 11208
33546 48424
25616 43953
85865 35109
19706 81180
55622 91276
10397 47098
55478 67707
71329 14302
20838 75256
77003 78796
22011 14603
57992 97370
82260 55256
18872 11292
47978 40737
32376 65936
55758 99760
85822 80907
63330 10028
67913 87254
18392 61103
31549 11389
38243 67318
81806 86327
31885 72268
99025 60735
32289 75805
60431 89134
71740 36613
32638 47238
56236 89650
95954 21057
60151 47872
24778 81434
12467 29385
84587 27086
37047 51728
91304 61561
96934 49050
63753 62402
86592 30435
15930 79847
26391 52773
90025 77260
73718 92640
62527 59749
39193 95566
15391 40606
42777 10207
60578 81313
78263 99820
59911 79520
45878 83121
79494 32265
11692 88994
83716 17012
23805 73786
76965 73161
80763 23660
53327 50170
14680 28777
28809 41109
64448 21759
42060 25206
93307 44355
78877 38295
25408 70576
80144 86652
62362 46493
16974 78396
52598 40802
89645 82419
25621 88442
54818 22650
98815 27288
26088 64817
45371 66494
72925 70062
34403 87673
92871 64725
39977 10365
15062 49340
64602 60471
21219 90643
97168 73743
32924 58056
24150 15344
33775 74666
75463 92492
12849 93717
56050 31964
49159 39844
28590 69843
76815 63700
98933 67628
94682 33039
75297 90626
10174 97684
59709 46815
77099 93911
92261 57197
39903 44916
41408 13397
42297 15628
20495 50968
40958 39720
65795 10890
30503 23534
76373 94563
46412 82234
25539 96200
30832 16884
93178 72452
97769 56733
22511 92285
16410 99680
17200 11634
12832 71399
94404 15987
74107 84825
79493 53085
84898 71906
28740 66651
33433 84005
33803 43356
94295 51029
50853 24596
51848 94685
36280 91872
17410 73434
43604 83035
50539 22314
51807 57258
55188 81520
49188 20111
22507 61207
55921 35729
66166 88479
50860 17525
39518 17950
34941 42832
79150 43402
70591 53740
630184 253500
999738 184076
562527 606762
267348 840061
350161 915986
374690 653966
519132 958035
307697 691313
37816 487964
645052 242599
567322 633257
281100 775577
459973 176779
459295 5596
42680 231564
769324 496500
376163 716049
623492 896629
210904 883481
942431 103267
470468 90192
34723 832892
854389 77427
122772 88669
905046 834253
358954 619554
929321 938832
547560 724656
234460 266584
720101 414845
520317 90631
889733 914428
463252 352592
378423 19103
853689 870549
800826 490597
981069 989078
468832 925780
965515 156276
599567 174106
835494 682165
563358 855622
970326 562109
457924 15181
886603 301308
120263 555123
397836 208468
904500 253606
427603 585373
521884 602374
562336 403951
542929 36610
879676 838315
506721 113490
969467 156018
310427 584812
723274 756472
829316 868746
526801 843684
273725 588087
269414 892153
64572 781326
13442 389278
629622 115318
487159 775372
650443 194414
153476 794526
171296 786450
524668 76479
770855 385575
425821 654839
382448 643431
740731 907767
721668 469989
41812 811382
571030 235714
733243 99158
845469 484853
237300 894818
416353 324696
106970 83277
73369 113388
517720 425475
185362 518472
867189 726120
256343 743508
584674 853329
959219 251331
514525 334947
13998 694570
786302 689731
719534 829224
920545 77451
430524 63617
245751 495940
330093 614137
766913 858875
546026 913215
697399 897677
112239 456151
1 999999
