84537 46654
73582 86792
324 90043
84178 22019
85321 73686
93185 38070
22469 32880
66126 2479
29612 13891
11385 18542
64524 67564
90248 30057
52560 58678
8072 16252
53912 36156
44726 70835
83929 70522
82882 1791
64842 47498
55235 27931
8753 49382
12701 8106
1730 28822
87774 83083
43644 22619
18943 2535
92853 85718
27863 75979
62263 50145
1619 51368
24192 29331
60998 76345
99203 37086
60414 33329
67786 59046
95353 69812
97539 72952
24727 39803
75839 33304
25009 41910
79848 32585
40005 58934
8623 71763
93321 86464
60467 31715
32573 89598
12378 45719
48942 99751
94020 20721
81168 90011
67197 9139
56063 10294
9965 85105
57692 62709
36233 11338
59077 89026
18180 52885
89360 75528
18715 67975
19227 9800
45705 30052
50953 93646
35765 4458
19370 48752
11543 93859
50600 63813
51316 23937
17138 34966
87117 10123
70748 87195
22105 74390
38928 64493
83775 98413
23321 90747
39820 17765
83067 58607
10395 95583
68395 44822
77965 7391
1752 43826
82878 19613
44392 45087
38061 83622
53122 2555
26799 42690
24193 74955
76920 72651
90704 44306
64526 79588
88652 10183
28025 73272
53217 28748
78366 64973
8936 29136
94643 7610
19130 11643
44712 34022
39393 55286
11336 87437
70510 73821
21080 53513
47227 91008
5657 4957
57935 56595
77649 58180
82006 26603
30720 54640
43438 79471
34961 44213
95042 51260
65875 94652
64538 4365
74005 95168
63295 21763
91990 34377
24649 84658
88822 74535
70486 13144
58221 19712
74101 61183
21849 16046
35107 31333
12081 80837
8110 19714
16467 63493
54704 77655
6385 52017
89783 85836
5252 36983
71322 27253
46123 79297
61480 54440
65741 53314
58718 44486
28205 49140
92937 86409
74156 42742
80174 82453
55271 70478
30731 60514
60638 16708
50705 21414
82131 44616
11492 30682
31773 83279
23410 55652
96003 57865
53166 43534
85941 76835
11683 72719
45637 43752
90403 44249
52660 95476
84997 23193
93530 73283
40107 83238
44226 81683
7627 93424
67310 29038
58555 28352
12540 14505
31025 85131
17178 12583
19540 97532
66764 97474
5428 53607
31955 30678
35503 62507
16278 15206
80166 74649
52501 66464
57323 37166
85697 42527
85302 90699
50862 28904
95085 64071
99185 15858
94451 96638
72991 90709
92133 47590
23609 55202
96638 51008
64116 36300
49547 26471
79167 57891
83245 64131
14906 25429
53667 57245
47391 78347
42456 47467
70316 850
7219 34732
29153 76687
79208 7999
13506 34831
58084 73901
10027 67474
56241 2241
50746 68467
51324 81055
79188 25752
89506 82985
9615 20576
59349 63291
9533 74007
7475 29913
78762 23000
76204 9331
20802 52938
81316 42921
63313 37506
65230 6306
91904 76218
16252 97358
32858 20592
73733 94702
87227 7726
82980 68642
26024 88961
67065 51307
2569 40469
25278 66034
96359 60169
41073 83297
51509 13480
82986 56816
8270 68242
32366 48448
49933 39216
19009 38554
51107 68662
46826 5445
15982 6476
67789 18292
75097 91231
65319 5298
9857 19619
24445 24760
12671 71783
58119 74782
4302 25423
94892 10764
63661 88133
76577 86461
86846 3651
75763 48419
86764 73550
49642 12417
90973 55377
31379 43070
66752 20718
30731 57372
49057 36518
14888 39013
64451 22069
45693 61333
60400 7959
10649 41559
81409 21963
1454 6305
51065 16808
5069 49017
53416 82425
33780 11125
61889 25072
90576 39469
70928 66907
5022 33047
13308 55483
4481 85143
36958 396
23926 69800
38092 45672
26059 99552
42814 70593
24400 33439
51404 96907
59785 59620
52433 80737
2997 6062
10193 46809
3445 31800
64181 16661
74036 75802
74416 31779
46430 27351
21647 85730
41971 58723
11471 30850
44818 51774
94944 20144
59652 90329
86396 46396
17804 43979
28477 84742
14385 19649
8626 43089
85159 67333
21950 14244
36997 36757
56430 55774
12015 67557
77263 6372
90597 98775
1799 61423
9249 91608
30090 52316
7201 49043
48162 73194
5947 73607
8533 71102
21284 54190
43813 70544
36529 12561
46465 60526
88792 96353
27710 22628
17634 24360
51518 10115
4225 58786
88381 67923
7839 77634
31384 68282
43374 6775
46900 14595
36582 36536
93085 10556
3575 54267
76183 71523
32061 79196
36497 15960
2395 86390
61744 71547
29996 21522
78023 48668
66230 77466
81148 2102
10022 6794
98465 6524
16847 51469
32343 32128
35359 14090
81757 53940
36378 21949
4462 68976
49548 8407
76308 17036
97709 45855
43492 58499
4329 21949
85307 16685
34231 17800
92665 93373
96635 93026
55153 14891
29857 63515
14584 97007
66370 4618
9632 59455
90036 61155
69203 55648
75406 76807
76109 83821
52539 12881
57631 53769
99981 46057
62494 53468
65657 92520
85291 52104
19715 37774
4489 69581
61976 42924
29714 50334
78907 48844
12579 15131
78613 93680
6526 47188
85112 46861
40122 88671
41054 73990
80296 94070
89984 83457
36082 9175
69090 10293
94322 73614
22110 58429
89644 45500
82196 52013
73712 69068
27650 86149
21309 97872
356 97918
42874 54554
75117 93311
54559 55356
42528 27500
11611 16784
80425 60702
24830 43482
7164 37180
59600 21669
91173 80215
83683 70242
10719 63879
72537 88538
80923 90441
52154 338
10319 34424
29293 43773
48228 61923
67845 77464
74772 52479
82697 30970
3969 18424
73266 12422
63741 85150
85978 47007
85820 69608
52693 15323
4064 76150
70588 80176
53963 78688
3598 96996
86828 82092
82552 16001
61151 82223
80276 92283
30270 25402
46527 8339
41753 55924
27021 18400
61508 61743
87759 62854
24666 83808
29218 28471
74636 97199
77999 47706
94286 7099
87475 60537
54747 22872
15968 39906
10815 86871
23830 5785
45279 44652
47978 47791
311 50159
63648 96051
73550 64574
88814 20003
70195 44798
79945 83824
87755 11655
20086 62462
28715 41059
18352 15920
23705 33450
35049 16156
23873 94970
95103 2510
81572 98635
68759 47574
528 47084
4266 88608
27295 21864
16505 16545
61924 87545
44017 56717
68178 35648
97766 40691
40661 80953
90207 85274
72889 84501
94995 83142
28620 24180
58879 81287
35950 87427
54665 61143
418 76680
99622 12333
81537 39100
78554 39850
25373 48578
79940 26936
25514 89213
34628 61689
34712 43405
90918 17123
83030 35098
82919 11030
38325 63578
56950 98370
40865 33794
291 27813
10748 60692
58144 67526
6304 2052
14830 26009
59024 54635
51137 31712
81216 14229
7264 19136
51982 61575
34637 91685
829 25345
82256 11462
87576 2466
80441 15669
73857 92005
35612 94495
52317 44641
16431 89186
71878 91432
56983 85684
3470 1277
32592 63760
99818 50285
6756 9799
14894 47599
4217 48635
15453 53419
42826 36887
14149 7803
74432 51996
6213 90255
23859 71390
99314 51254
27991 49738
76426 85667
54848 44681
27036 1178
17686 98062
97378 82053
27706 90621
45509 88342
38715 22295
6089 98916
58653 71628
68394 50760
9544 84587
68738 84812
99561 49274
37370 17775
64907 98420
6213 43361
20805 16765
42226 79677
96572 95461
98668 54511
1520 39842
64382 82061
39268 94627
3931 81066
80645 44603
77044 42770
49240 42045
67691 16866
22577 78083
29349 66389
7060 73504
53551 35136
48614 25820
94478 26527
78561 10322
15501 30414
49584 6480
3780 96376
55741 14212
54148 88384
42791 12228
63417 31566
71673 16974
56657 97581
36636 67486
48285 8603
33131 60571
46724 12076
33181 27644
64867 19059
14353 41616
72533 22086
74662 11138
43570 13999
50327 83340
9447 82125
40767 84415
15222 15807
80640 14129
62223 79658
12701 31574
54243 10869
31205 29982
52401 18613
8381 60130
23642 25922
80030 24743
70385 71556
54598 48170
27060 85242
4944 11205
55561 97921
30115 86035
40139 12824
63363 65636
48305 99312
44022 42825
10472 55980
1443 10729
50966 52081
81473 24000
50563 31601
49490 33721
47699 91006
47536 60901
84351 17691
72918 88155
6809 9526
24785 89624
94656 88313
29283 54119
9790 72054
56630 22217
5658 68523
88166 47823
2643 67276
33125 20841
56621 32161
38436 58372
44902 39466
3048 13539
28650 17720
96949 58301
72731 53252
1730 70380
21073 39051
81449 93911
19470 99948
59104 13613
9042 27636
63437 39472
57695 61798
51207 8423
68523 28431
16273 30676
16843 19674
27640 61789
57652 94453
16530 87209
58693 65372
44542 33605
87913 30682
2245 59544
33135 467
47222 61707
29600 88816
8680 1943
5259 82380
61329 11714
61883 12607
47008 9577
74761 7579
76727 35092
51773 97001
50255 10268
29236 23207
47656 21506
25463 39315
69368 31105
57515 77887
83652 56787
1441 52335
96297 62439
9409 22994
78668 58839
45317 22684
60081 3779
48163 75253
65519 80674
66572 88504
45407 58467
97350 35971
98860 47568
75532 62327
30008 14056
55771 43034
12186 95615
86758 92527
58604 68849
35278 28671
79393 30775
85006 66650
76414 62270
25270 91332
88831 17333
12596 93981
83583 33070
75759 59802
31200 40961
41373 65677
63716 27866
94637 47714
14675 241
74858 88261
18104 12097
30030 91890
2623 97265
11457 12529
30093 59406
36733 85357
3340 61128
55168 38584
17193 49699
29783 77536
56420 8932
12965 73871
2844 29392
83985 6314
37702 92342
59932 49177
55730 59168
33429 36837
98166 89949
78066 71547
10236 20707
57912 90058
86190 37663
20649 15564
22659 5740
40622 50621
29905 84104
40578 71683
24116 29251
67007 56344
7655 71430
70770 51788
5035 53661
24912 47036
299 56790
14134 37281
744 572
62776 4073
85057 40530
50792 34085
23293 21920
24195 28735
28072 79984
32578 65954
91245 85925
40401 94796
12742 39073
83559 87105
12259 92222
97687 5763
35265 722
1773 67620
93851 28077
82689 81837
32386 8171
36281 36535
92511 73335
58972 49384
59006 44479
53856 28174
7281 84773
50575 13452
30821 92449
73383 8078
86101 60926
20160 74241
47828 40118
87769 39818
79228 39156
45996 87168
69827 15467
39971 13104
67444 6399
12315 35755
76193 66091
34619 88702
21291 84930
79589 41011
54531 1193
90059 72608
33761 66187
61250 87263
19777 78841
16130 57953
28989 90541
21958 22376
7406 38465
89858 56031
367 85423
25399 27831
73055 5656
29013 8467
97667 76464
87817 73023
44757 60016
31706 77421
59832 77751
77894 13728
83793 9556
56752 39557
42664 85550
71505 63618
68625 69464
11935 81695
91766 26798
56524 54335
88387 35206
63728 49843
51147 85276
7542 27778
12141 60882
1059 8192
87449 68833
36689 28800
93338 33841
44389 58913
61484 50611
67419 48341
67304 57174
17468 43501
77342 39926
69951 75858
58656 53903
98310 86750
73087 92317
94603 89575
36611 14822
73395 13345
65540 92769
19270 88135
58326 4527
64551 89910
86962 59783
63178 93923
34835 55242
5651 10605
18710 10226
36302 50479
16759 83278
81439 95522
59773 29395
66931 33467
91550 56839
40441 18287
97440 74938
37657 75089
6867 40445
58201 96953
31739 43892
18408 21947
52941 58131
42767 63557
55867 16046
22417 70474
44659 19567
76887 25510
33210 91320
97654 67185
16909 12421
5418 15548
40363 42818
54392 89967
38311 58032
96792 6556
32374 66910
42928 77128
63336 49250
57217 89115
44511 9175
15729 11592
73719 45530
81026 27753
37460 69962
37482 15031
80628 12074
4956 86594
26869 27013
27519 63679
92847 32980
30144 8145
29817 14138
68725 89173
81760 53886
17824 99741
98455 29086
73481 69615
82378 19399
25113 69124
62077 69232
29915 54640
19965 31286
86438 59656
67522 21342
80926 17238
47697 75740
53596 98480
16282 15676
17346 33438
39943 85579
8732 39341
18615 12699
34362 80038
43470 49805
27373 79885
39636 4078
31977 10414
88681 7775
81757 36677
12642 26763
88536 53376
32971 6213
32645 20506
93324 5042
10556 1852
62913 93007
4022 76945
12540 10940
28999 21482
35436 64057
48369 84924
65182 56627
38181 77029
20826 10679
64605 34879
3865 69752
30230 98210
72314 87249
60361 6756
1866 80565
25199 28632
99442 74064
94728 52506
21344 93003
5824 67872
44982 45932
55723 19671
8856 39574
2085 60986
42395 80254
44670 50923
15521 40958
66501 25837
39832 10098
94427 59591
21657 7969
59276 99353
47880 27028
34673 15043
71688 86076
83493 3128
10715 35880
40613 44796
45404 22834
37126 80337
95848 28895
14346 80832
39324 75689
35657 89383
77459 85891
9216 69558
26278 26984
30612 25124
3231 77052
7392 58025
76793 72162
37677 85020
25538 59261
48851 36318
37162 18904
35871 38722
78425 8468
92781 92541
48161 4965
83249 26515
91753 60925
41301 6500
65249 57087
95171 22896
49079 61349
39254 85420
41839 66846
39137 73937
70591 7142
38050 15157
29960 79376
85690 10535
74926 14743
41601 3399
81827 28457
19660 48932
87131 9126
73383 84402
24515 92013
91546 82533
14454 65888
88404 78846
50972 24469
92278 10993
