763649 389875
646167 26158
476901 974297
342776 873597
456572 795267
865129 828599
694387 378074
85027 425201
36064 8619
411847 39766
535539 418826
221496 468083
338653 457463
872278 909592
778949 986308
653692 175596
238640 891613
201922 681612
742126 708452
707417 987070
827398 479238
264132 774833
661053 788465
951582 166220
355119 248745
849964 378135
577163 446400
334392 342927
181581 667974
339815 808241
608508 665888
354679 538912
681210 110392
361692 48665
463194 52074
151928 166437
7032 743866
326329 879691
344821 254316
35705 36372
346456 837745
572838 778037
211805 673597
890793 281843
751038 175178
156523 434169
105536 409270
735926 378647
127542 563494
714886 635052
50198 571546
115147 189031
169498 86039
3641 833389
983066 652288
847956 821865
120054 180135
902663 726992
193317 922676
156293 777157
853386 690380
995194 106545
537041 323428
178175 442742
187291 793682
605426 966108
3515 693439
858238 962049
971416 775919
144680 876876
973126 298305
117439 620654
467607 287060
258891 724928
932433 817624
815071 757154
714545 434694
266214 764204
951148 939708
788970 606004
289279 940738
621017 712825
342492 357745
447107 184888
114856 477425
596703 315620
440550 197437
900680 673651
57074 469408
544652 135667
176785 482505
793265 823660
95220 385857
605102 220441
713821 127265
985859 921993
290447 449241
168970 330326
286442 512419
424868 654521
679339 812806
942050 93171
979745 570805
473998 416774
805121 410731
746851 619138
357276 495181
44398 688796
418891 567881
809195 948455
862166 839615
561183 139348
932463 27606
622937 577498
501846 533024
87745 297751
767060 128424
614811 53773
426397 686505
607316 982499
454470 419725
180334 688366
428954 467129
465944 582191
169690 870740
82815 398893
216070 380416
229916 166917
633189 115510
13600 603875
658683 455257
593060 332300
860439 832480
137771 236339
316486 566970
649860 7481
900145 576737
431533 276161
321413 77476
777958 743732
874058 628791
674724 649173
706969 988154
88088 116965
611585 602591
804460 889251
10353 618383
957596 97957
549700 791905
824817 542139
433901 886720
539935 832854
121207 59809
88241 398170
912089 619502
990216 915186
267062 470714
480353 383203
408151 53691
667873 155133
804865 225984
296816 693735
796924 206782
515881 559180
373359 301183
376356 206578
416806 374400
112356 67425
975016 850558
998387 854050
9677 543983
916657 917350
985683 271934
408462 32426
438428 476
332250 584723
175906 506055
406779 874739
271423 88756
754635 477747
113965 280801
738471 758313
623052 748942
187934 944119
540167 48577
857565 167042
488262 972369
650487 740293
159829 977992
712557 275668
882683 397043
752118 109909
841319 446208
327148 757022
864767 96072
578751 827888
178333 362973
656240 325092
940722 759460
187879 610326
836158 221900
925005 305978
860562 263639
143413 747517
331446 473586
629382 242934
727846 760589
265607 875867
18758 370322
390875 398077
544779 629170
981829 711018
433039 749601
519202 284868
829298 816079
445027 211511
549108 280778
468847 844565
516092 36776
288142 793788
785568 322555
496353 450151
273108 450789
805628 258871
309077 811184
362003 849746
941679 217310
662451 112375
695426 42746
500404 377284
933798 582447
926363 422928
705247 788090
882486 846282
912621 704300
133427 27917
894128 124553
119252 150936
498763 882520
195422 348069
769332 221226
956601 244180
497207 804959
959791 756689
481007 705269
817161 188844
358531 216016
765984 231985
322033 477709
987601 101312
889967 4062
431919 666006
616010 629040
218298 706246
966105 314641
97567 663024
491086 705831
734353 560654
437035 592543
820185 92701
605248 692869
427428 13207
428581 112600
209371 111886
436025 638487
522456 716944
508090 499444
948404 821825
208743 551189
468228 513098
732765 929258
646334 591352
256475 951114
362194 46293
309424 546619
597241 547150
555941 489015
333678 542579
767158 812920
368104 644798
736220 649382
930525 31604
436499 163073
643473 336057
982787 602479
758796 894338
142856 458636
389752 147337
728001 316318
507116 917084
318776 549646
283482 365008
492700 939098
237180 76266
261257 757177
357464 309024
488928 865995
621326 339722
382176 815299
18128 318916
295879 308452
478262 490684
774599 131010
915004 337017
429157 606470
271482 684382
625978 77125
146548 633955
730108 58520
913403 531897
399987 400459
645056 857730
96502 828704
673611 911832
639819 759822
362237 978570
189399 870693
559919 812666
234358 184126
872657 460464
896030 771712
219097 185131
113774 796932
37142 305366
926923 824198
317588 415994
576763 38003
861693 433418
165958 553392
910745 595387
188858 678138
219766 65929
958019 494776
553369 966104
375461 638244
979486 662607
660630 231068
40792 291381
139680 688683
648149 458577
241024 507911
663006 884780
195434 168079
701559 787798
333367 618068
60323 351959
299643 536491
670286 636681
84513 649908
146300 191379
403881 983716
608631 628621
388784 73760
716639 292988
699242 938009
110491 768560
410959 720484
839787 641309
271444 615426
408767 693913
590578 263223
238735 879916
723123 522053
792954 452722
689469 95574
711893 609001
126313 718399
713919 393274
558511 760434
627327 557104
696341 202686
688854 172887
772640 840290
213020 12476
202867 214869
356565 228089
785532 798718
739110 746835
92931 696926
510714 649257
517286 53330
592901 767897
1191 396637
420670 141965
522909 997138
214976 915122
672859 765727
332720 643435
343615 52352
182068 537309
953212 801941
771276 795018
433319 995857
568287 343278
68596 111124
945643 645871
213456 137013
250003 341719
755869 577561
772551 111027
246428 171458
140625 617429
898667 307711
583317 746184
751738 682663
94528 403613
452543 198337
721500 292259
517191 821230
870348 230919
785986 359017
585832 829702
479017 987446
459371 448728
993903 568925
799407 450721
120550 761561
980548 54656
331315 769721
893526 856522
678971 968152
478479 886542
875047 722291
785516 364559
669406 412659
274625 529181
418232 126268
137210 967310
211009 271037
157388 416101
635453 311640
362020 793840
431312 344591
775322 559349
500832 475967
475777 287189
477967 834696
134242 588838
678011 338966
710829 7964
960587 185001
624161 253751
678073 839476
289029 684708
87742 557884
644140 46882
905313 545640
576360 244390
448848 663173
89308 30971
721615 318621
420839 14935
732765 767014
229096 26759
488827 849960
408168 121705
182552 178050
858765 406675
774442 306315
135906 247104
540638 649016
61904 845550
182480 715884
128401 671308
310813 777071
493912 612897
658399 145503
887229 862417
620126 30385
137854 74481
781817 808055
767165 665554
225448 48510
420561 390487
509352 401540
56109 207940
398162 697905
5128 859883
312106 503425
253663 851255
357368 815583
75469 564911
847164 866237
18905 278812
186548 69458
314814 410450
860484 329042
349115 594499
891544 304055
870954 173926
144337 314532
703800 70719
774275 724296
547458 339392
321611 210263
380043 402216
745864 158821
224853 386562
484896 619218
532988 61463
826502 258889
911570 594926
200591 256616
415608 884683
260720 238288
288611 866904
549252 785895
971741 249102
57964 92766
971291 495828
656001 283475
205252 594592
744338 904392
593759 22370
231096 657036
464768 162035
733173 260051
426195 748914
527644 653342
405266 393491
205663 451528
677149 961846
63819 476589
96340 411947
775119 755750
229696 222331
217911 607883
724478 524136
105848 163547
790098 346314
192922 920556
96934 433712
635633 871604
612488 864281
226808 158889
604312 381904
717304 757166
11804 498476
584691 698301
218964 811281
94117 947111
224504 343615
497870 938015
292098 506107
579015 671118
240058 242379
950485 703628
503467 576538
394887 344114
906389 286291
629262 702733
836265 728976
465183 560206
210573 923383
21532 904179
518586 995222
519085 753795
816778 711149
480893 240650
605183 944923
184058 224933
303491 822324
365214 520637
363003 310720
857951 216921
55644 685277
31550 55736
916492 322777
767471 621369
857968 387255
293950 512398
914317 276550
312097 567011
110827 28267
100680 6180
749476 910825
539807 896413
984944 552013
857346 664123
330020 432745
255459 675880
380266 229135
48771 736183
469623 313898
625491 864421
881664 194254
811073 433272
825068 813495
759303 840479
13205 949214
612171 41609
167173 163618
899391 641656
497437 230887
838647 851614
189714 528439
686834 433366
207847 387010
271778 726287
196500 346578
795717 26435
924931 146461
977794 14421
871268 360972
396103 898655
8459 794517
883894 260761
573511 397642
779527 655304
822460 879988
841535 619333
84902 997805
177415 43896
826023 277548
800829 628389
305119 223413
897871 322874
100942 696716
126820 547447
261537 690829
732509 395778
266662 139711
551832 899302
536667 419611
355286 582273
236360 253017
746609 290919
927172 935677
365755 313062
780245 219362
427009 88996
47347 90287
503685 469815
584908 854468
133641 905725
607227 83112
965949 395903
967701 77190
291940 783807
208153 118700
391651 529097
290316 486049
965105 207229
107345 125285
248666 142074
32453 255042
860542 119912
391236 26486
290153 320424
17072 900026
201646 544845
421909 514762
80642 132176
928945 294637
326368 454597
457993 741667
369533 933130
157291 941312
89079 988536
620288 430247
70645 437199
578692 505227
7449 687205
685469 612427
744491 202316
686703 451261
14794 233589
420883 32959
19615 301874
907041 198699
19902 456275
589395 73854
319029 660334
517790 789062
297649 143042
173709 413119
214224 454817
870824 925186
835718 825110
629855 902559
876760 925990
669000 796083
631449 661783
218715 655443
214908 583289
288332 54120
795339 797366
344549 354198
219294 531950
412021 613045
659945 79936
654474 724519
263121 725572
697163 806240
775605 361513
638534 517921
913163 36772
115157 548962
975915 693446
656328 54920
704617 716785
967601 168124
596479 776520
146174 124540
134067 108168
460425 924526
850370 610819
36294 718816
665730 442558
952442 850154
110017 710978
966605 1839
139074 766215
552145 488005
269971 582034
97155 798842
65504 836116
473392 834559
155838 406790
573383 383956
942221 301249
564792 614686
217944 742044
244375 525047
886766 343359
696252 360515
154707 364602
885721 724253
609085 599198
335675 160
633129 288381
923859 773853
989264 193463
423703 121611
352588 92849
587486 21141
232951 759844
119810 287155
239557 498021
861994 546108
758679 655570
242857 521295
172876 362176
938453 790658
35200 568873
541833 422884
367235 274932
291053 222423
645964 819381
199846 762996
346820 105138
878489 122838
395397 224817
591551 557333
756294 120672
336665 154651
920648 479348
539478 391833
679012 946955
355244 329220
655691 851963
668161 22356
94425 860062
763245 506751
691128 548069
351249 921160
289821 679110
131976 159750
787698 943188
634805 802872
764108 586787
542417 760430
201669 205027
462315 875355
505549 231169
64344 754093
540612 836252
145569 95417
93638 704935
208783 885448
574191 321291
903078 596564
353287 883006
359871 934863
671504 224046
520535 795722
388130 214598
841680 474934
861104 481413
514682 918128
201941 615149
750702 34771
591048 630446
117065 966580
862652 576357
8000 588488
433800 113298
224361 281114
791945 224352
580564 380841
683287 481550
701605 271117
382934 503020
418051 289497
117086 619705
386057 224762
767577 131966
649886 884795
946614 532034
683580 194008
506508 983650
488946 390743
893901 421346
341525 970777
353513 453964
105530 747673
528511 391496
688634 920753
359040 31699
736498 708661
18160 491276
427443 746754
575078 974671
791512 413900
458853 909106
845590 184737
237816 605730
734156 483790
389863 434030
383475 166647
722064 137102
746325 525754
812031 134409
922073 379730
535382 136352
246051 67474
287457 59945
501864 545148
826286 176322
6124 699518
172296 68590
826596 18895
302891 336503
671805 332095
338559 336225
901058 490863
251923 365294
542860 273429
34535 610133
582258 524024
732205 673316
96284 133576
254417 237653
236955 540064
84999 787937
867380 449549
442472 24225
748647 626339
19776 890372
395851 370082
980540 692415
346474 120545
362803 292130
841030 836214
210996 881021
424084 761749
347326 445756
238332 478451
872674 917249
138485 605927
257177 666635
426094 470859
862700 765167
33492 285918
585824 426631
398426 569938
924126 80284
427074 808168
597624 838147
661492 186391
197803 529789
436025 319602
87024 804301
968677 647675
967549 385498
77568 67788
875166 503180
936398 143822
998278 310706
755184 849321
167642 162929
974380 20768
418386 660626
562290 947215
855796 620240
105313 395758
585066 646534
552185 810016
708697 994573
829063 71922
342422 313754
780850 514918
602121 689817
174901 929859
872657 35476
775148 372772
274789 121272
967058 779042
899074 596956
842794 425983
860184 621192
221215 143529
897037 929293
759713 336127
3962 966082
577016 748543
171527 214098
552342 987097
182479 597978
950832 771381
746790 982496
115623 444907
759586 834682
885088 645178
607211 897242
464936 782348
285349 569520
423902 786359
215668 271711
202435 448459
250879 70046
370441 720742
879480 902115
998218 620221
584238 696265
694975 382688
650471 102968
286019 379879
185913 615376
675742 924474
136855 619536
210044 976232
576852 59454
231927 648183
225901 978451
194050 153637
477669 246989
22845 327314
193592 567174
554298 465724
502062 907864
69134 688947
263675 26488
390278 248697
366720 840409
897733 972132
941884 414501
427393 34040
917632 923827
269711 673319
198325 38757
199140 203794
652932 503846
157279 136334
682893 650487
16488 340363
680012 492886
367450 14099
493054 16556
530886 91124
213724 855661
149995 694234
857211 545472
62049 339216
942260 719271
361842 898805
251504 371479
780559 381177
173141 423446
717835 334088
469973 387498
331283 534466
509892 627524
796217 931021
827426 340030
50710 51049
755803 755252
814682 403812
493768 674391
129558 709550
569859 63752
547763 775813
179510 869746
972021 719711
847680 963496
950903 198510
28944 356902
360834 752247
534448 451327
545543 346439
