184717 315606
957689 791114
250828 632996
436983 881222
620889 989250
400681 190889
525686 477251
727115 319215
618150 340596
172690 279932
146801 85935
858829 172361
982166 732245
157896 636318
825284 567659
329836 185989
196308 925787
199770 253048
594725 54702
70301 892410
741089 300050
289232 534609
487076 687581
116258 84379
590070 105870
303165 783661
843922 197942
27476 853173
815130 694289
579450 509608
578280 896069
487839 517308
703397 217604
257415 927588
455411 348128
198439 700094
127412 532237
105069 209214
722918 134633
198672 278460
146655 189579
158414 978592
387694 898446
280525 598955
47413 836980
847520 986105
640852 468253
561176 906793
332445 481597
295052 591790
873678 896423
202645 785230
229347 131578
737498 291097
165094 242171
37472 230044
562752 261551
1640 737649
119880 166788
830404 894321
829558 109804
715172 825764
798471 440253
446868 422088
730108 454121
662954 630851
346498 637409
805744 666685
92251 681866
88969 747259
87074 29592
767590 732464
976480 764451
737051 721998
801872 353989
545937 658124
968721 975331
972218 970479
773153 937540
682112 241615
567099 995342
606383 550779
910508 165680
977065 259539
99868 735587
736969 695748
757327 677220
727024 881557
302724 780338
695947 280091
257267 636059
896454 960957
946414 125840
466965 778313
465793 925795
812767 323553
587805 288645
934379 772041
833715 889983
193064 383662
212654 572198
482411 546132
120430 161997
762952 800378
392809 178897
338470 957161
570145 238793
928538 335160
471043 237249
198076 931495
195762 931492
421453 102230
358858 877588
14410 673546
357408 323055
9444 511416
879070 745904
382478 801130
670651 743100
187208 422447
764620 105490
515019 466410
364203 421674
102175 882206
413088 131879
847371 701137
412505 176360
253993 693207
906515 852656
341478 487753
74636 782540
122263 322237
708525 415444
690108 154089
248046 428756
161732 586444
322262 645862
537914 893677
18086 143027
525341 775074
700813 558358
807355 423275
323102 257079
522550 95101
438665 476752
208929 95786
491399 596781
881679 55304
68636 18974
939562 769442
271412 36582
462199 26156
87702 102002
817840 693916
255515 752297
705078 892371
898291 167758
11463 87697
919283 296923
984303 539885
534527 336874
118630 640962
768833 761717
819994 804626
730980 393085
145990 113542
281137 27633
446169 269590
763113 774652
966634 935453
800547 149393
721639 905924
147374 876956
649345 299117
593532 156109
825145 67842
193243 644645
981997 97460
315081 319804
556809 841228
541614 115786
725411 709628
223450 586362
92697 317852
442058 398047
748662 622120
903230 524826
694458 525504
971376 42334
862287 118487
326116 806726
785754 871576
989236 541138
16674 832991
710566 851825
640427 775746
32488 918495
346875 300361
624772 24724
287095 445634
227598 969046
924729 660275
677842 434425
120862 545068
740057 354979
821911 353948
329956 519023
700271 996436
482793 264085
653257 654409
15548 416691
652909 610533
227452 930735
37174 770248
379041 128723
834477 636384
275840 956186
824276 135101
194681 694861
399683 177519
558062 313056
933665 353414
81579 242987
624545 229674
180972 452726
120959 435183
41960 899931
485346 845106
337992 750201
514634 762056
661043 545437
917644 518398
933769 332304
170373 238887
960290 842813
987303 785177
599884 205759
227526 385181
59262 128485
909963 240798
309748 353349
535061 146822
884380 707305
518928 617708
562415 474188
116127 391622
11571 464576
113263 747372
55586 375515
98034 160337
962726 500192
516730 215541
412311 242966
181573 56564
142396 389709
200950 778395
456513 182745
535483 960466
664887 119622
724005 464349
170229 379937
229288 861004
123496 460547
503648 598338
648339 373408
292294 659662
558621 9702
570661 893218
230305 728918
809949 299838
999456 603800
826480 286318
356348 945906
331851 794993
639851 655437
803930 4012
156397 872316
15975 360053
517667 825087
991761 962186
389781 822054
185445 230706
95793 107429
494668 926367
509534 385739
672925 843557
459803 359382
15291 980024
444256 583979
919289 64399
244642 283822
447798 656819
182517 546021
855997 111011
820244 217195
831538 463450
482921 595510
536896 913967
780174 581695
401919 823875
323897 480558
343824 999075
276278 834279
558851 581595
133369 719907
952117 700722
226402 241270
988804 885909
438151 362281
445871 821806
289532 401256
931691 827931
769171 810166
80822 381531
394448 67234
788437 638713
666457 499386
402746 748649
817913 82896
93175 544691
933205 914994
596385 683873
598077 420119
55687 204602
168377 175514
18870 580583
329537 813104
949648 619975
639005 316543
804454 343240
942288 55787
201629 256288
28037 937022
324512 258461
878410 486731
119125 619362
591721 331467
473855 245088
212771 46962
498925 418983
194398 896811
242538 782236
922799 451781
653542 165515
925812 345188
267633 370007
118528 763630
128973 50788
147192 827972
935792 766628
261577 104255
271371 768233
882798 230379
563554 534264
463815 51625
110716 746189
986002 112851
160019 891287
725174 532052
946382 453990
898175 711281
155707 263049
260259 664034
53351 703450
356948 546524
271284 487876
187738 690566
373895 440576
71030 671119
514727 145105
926212 496761
214719 775279
136345 586758
336722 184053
445592 770338
780463 224852
925081 706817
93314 673248
697257 810638
889800 350863
177164 307293
922685 260084
609190 478614
314754 962418
248028 837747
27461 849068
118145 926697
378894 180646
658810 678567
542893 566276
68578 527857
82679 268922
317591 9681
266276 842376
328529 363261
568801 277945
380292 395994
652332 163813
60403 483092
365668 160537
11902 246405
412523 827775
876081 622080
81283 989343
60691 637263
401428 348247
292972 402312
29307 292318
849414 482895
467851 512974
27154 90017
872567 566627
188420 753519
91416 175036
113262 152344
695800 966939
732341 220652
832127 649901
760053 18067
437265 124975
197404 677298
919682 108700
342592 967746
28266 688540
429718 648818
595831 141264
222175 370472
894508 924441
92981 976017
22918 143749
77753 536993
501401 639828
514632 712117
673790 663255
386834 291111
633639 872222
753183 257884
417161 380892
795562 539674
247324 201699
706215 486060
124988 765360
691072 625898
435619 339243
643646 719907
623188 918650
144025 465766
599869 322381
951971 416494
751133 693550
375913 996834
747764 29018
514173 366192
495389 912615
679488 342863
92151 1838
607305 661817
657557 83657
449358 174877
715152 196218
928319 736819
470973 236443
142772 678811
884940 254736
470292 718665
518658 419188
933519 429326
568400 503689
788132 651599
681527 449306
138952 106884
693787 367052
575696 34934
307492 129794
734689 766033
550264 165841
448844 984661
863113 405288
993590 450452
249876 126267
565650 304643
896248 508577
637892 661826
820943 50504
958898 540884
913222 148908
903542 65806
368035 350329
499830 428233
111129 134805
220666 191859
574705 736375
215537 750527
381548 11149
118160 98032
242918 425174
125882 68515
958483 171761
579743 28549
285584 236289
305763 516498
568031 594048
646503 134753
944766 37663
813561 259112
657553 962662
305239 223836
447936 647837
737620 559083
311477 396537
306480 564891
262985 399778
864950 661403
98704 334233
649504 636128
129503 609742
906277 807844
153541 749633
997883 429282
604694 484110
677176 19800
92518 277992
250100 65036
19588 510228
98596 270581
453883 350481
360236 793459
113002 416301
470104 352118
970641 829618
882380 471116
629537 659709
569235 834247
128925 104772
766011 837405
64997 101134
49273 697615
113245 289069
837081 723835
755461 743098
654128 324185
468461 83090
350582 746314
693550 492478
195188 562445
36555 753905
896683 146751
756781 261039
486235 548018
70922 444272
940949 134501
702024 52942
939817 401388
176487 891848
558970 14385
191716 897056
973361 519912
845767 630259
165565 530675
659091 36462
95292 822822
107501 359560
769732 786350
492604 196874
431327 363773
668818 883030
987013 710870
673444 869363
512206 884881
300294 982983
186015 265390
44879 549904
637185 445440
930968 395111
523700 809095
249865 539992
683759 858215
616203 341038
142754 872370
356840 120246
28810 300927
792169 602013
102081 508403
803443 601545
18076 533736
108523 567685
419047 148017
200832 709160
933007 918255
246965 997637
800996 372118
111113 799991
555684 127180
772753 530519
496354 233015
289338 532508
778559 772536
193953 279604
353855 287953
560042 835730
480502 527608
908951 556835
539642 894618
284231 367213
825965 712713
247884 471530
690209 219698
153960 51103
806266 484736
252257 664166
179746 609804
418084 196474
745560 6494
525392 393863
394196 994782
70987 540090
695295 805340
444611 650132
319951 317018
111341 415068
933547 588543
131665 929375
895317 411991
859544 375343
115724 460033
556025 370077
542769 607170
88786 774885
714586 406170
265288 109835
244643 333090
681527 389697
18424 97943
55922 711089
105680 518364
953363 542759
853072 356663
112031 26432
234959 434259
910322 948076
282535 870877
332274 844275
814765 541215
488061 527604
513438 245880
9175 74762
168866 559724
949152 332870
928614 610459
422012 648116
916408 211138
490791 719373
39821 979128
886484 996014
604033 717241
659088 660673
452918 78113
133907 975537
383559 370736
598434 749170
230159 775210
652591 658230
29182 264145
891608 143422
212880 929523
810904 754914
581127 459263
900569 23871
122860 594352
309535 817846
19595 738033
171694 207360
367226 596119
211023 944825
96462 245093
928466 444330
396452 297146
46211 193118
723586 58219
922866 340628
606175 529890
596146 463054
877139 999304
670444 16077
397034 571853
923941 759359
190335 989112
469414 124270
462983 823944
715975 816953
416488 402449
50771 221744
972923 396526
260636 974576
173885 986543
957499 440680
256619 404569
2250 379283
610871 564471
398662 379652
131453 8429
128513 502656
558508 351440
675327 988679
199243 661259
476516 404293
201840 417678
342718 117248
266768 935978
603659 808406
820049 537596
888666 345228
750167 473380
916676 409082
208836 597572
552825 17442
219662 834616
108559 291850
316090 33289
319898 30649
404032 21459
265395 762796
491078 56547
85221 677039
326178 997638
922052 641108
449540 20477
107797 632466
363083 602238
90042 698753
722171 349647
969495 769440
374806 975965
571038 386855
403867 998580
308896 484405
18434 961856
929810 833147
541487 768581
294975 511883
817645 446715
376570 936740
914756 902666
366856 222500
57509 355672
421497 736217
646606 910718
436559 633422
3825 948263
14354 570530
916668 249032
584689 892646
191292 947732
759848 815017
796176 721038
420522 601614
20764 172262
813665 879774
891137 100093
576582 11647
212473 6902
413974 992071
906430 879745
815738 483386
128139 292375
369064 167820
557910 241664
503251 356305
166949 401553
71701 932928
148691 875855
750914 944112
924150 454637
68664 954649
245926 413818
190317 734107
167149 486493
531646 737835
948749 344268
331866 244860
689597 251521
395651 769611
845013 680918
345180 454832
952258 21304
637768 512307
965753 903095
253649 557679
491285 643693
341372 173207
833463 981244
281529 890126
963117 861582
526842 619630
365991 510469
644233 620978
626565 774429
259461 787450
674978 205852
862440 766235
812196 848994
934336 470792
447776 118680
56055 145509
986478 403252
671491 413547
862578 290161
504143 550775
547210 538152
578945 538773
82603 697098
699916 768381
999856 370148
682700 249106
975574 607376
592018 421379
552157 420339
821941 879477
876105 216692
356700 338988
943012 523154
650204 755076
142592 70292
155906 89064
608075 892911
88109 70972
213536 973967
335067 168217
773305 60103
649645 17501
642201 619605
585043 373663
882016 299098
468089 161484
178350 832961
357233 771063
179036 283020
380582 561675
18162 62552
233208 323725
619336 673945
593396 551283
918782 709795
1806 706291
219736 505903
633159 475316
675959 951560
33259 387804
43579 792000
276399 743115
712667 225396
433892 343630
357748 600059
296589 337704
354450 44067
751894 262828
377881 700378
64157 30320
598861 948831
496292 70146
951885 462924
679306 163596
308467 90978
548661 37648
8477 887606
931486 3900
889492 375853
65022 241568
419990 323108
433504 924114
655122 981123
149286 828321
227830 462500
544218 955200
924164 799469
287158 868962
694344 306365
633680 785116
78031 69252
657705 729657
752420 109925
752076 20600
140576 284953
768594 223241
779268 552614
17563 877342
784232 325158
305383 920562
483455 180999
784492 301143
779343 958814
635085 829602
429156 235237
86230 963163
145631 64990
259673 163291
851570 615786
880736 318244
379527 749890
632018 666629
71883 972109
41615 201014
750192 606110
572472 910149
333128 357221
484494 24844
593946 653913
344475 968771
999965 931336
625930 741035
915763 492215
918919 840363
47191 619968
954836 993276
14973 984331
927508 798708
944493 473621
80759 466482
852192 740231
292492 485609
888750 166234
867449 22787
239869 498615
550582 362187
532272 311514
80918 392195
136823 771743
663054 826838
957804 575113
552363 819632
460204 561940
137646 353707
893021 457132
898193 108275
75262 164890
404006 404815
304195 267233
957847 891192
915891 470500
381321 317452
679974 190304
613765 947013
507317 863960
969526 756276
751264 273139
435895 336318
979490 718328
966846 398868
937483 813594
608035 573655
691362 141393
330725 259788
205755 455171
76799 313331
658129 956136
306410 796147
294800 567256
291626 393972
216009 651724
44103 421592
147087 362171
858539 966830
191492 409930
334536 935612
835319 506192
986421 764996
715009 575190
941785 833651
151168 728222
486436 546742
772478 10250
743505 221563
381346 520082
461973 100251
381838 47841
411028 351562
500349 100421
596706 356309
905247 265121
198196 511713
601869 212468
584430 289444
767899 667221
9146 783536
759239 927723
997435 702569
223895 945077
62470 829323
793208 678328
708550 596587
792838 647136
206980 987576
642500 166305
90271 62250
863379 787165
617516 524905
747612 640640
720382 510445
771956 533415
783469 90044
