1 10
100 200
201 210
900 1000
10 1
12189 14501
29525 31790
11310 12528
4569 5959
31066 31144
2228 3489
21098 21980
4 2285
26008 26284
26221 26585
31186 32120
30317 31885
23897 24679
30667 31526
16417 18191
22437 24302
31593 32658
1736 4218
19617 19944
22414 22853
23466 24776
8654 9374
2539 4274
24748 27016
7247 7477
11938 12215
5716 6850
31356 32802
32569 34010
16401 17665
6584 9026
29057 29978
30883 32588
29509 29949
31905 34367
23726 25418
12509 13152
29474 31866
16623 17719
21322 22591
19073 20612
8926 10126
5828 8145
30892 33002
27177 27487
30478 32482
19743 22091
9213 10066
22299 22555
18414 18642
6058 7963
28906 30960
12363 14526
23232 25246
4512 5845
19034 19449
11505 12086
25495 25711
5536 7323
24257 25214
9292 9656
31887 33701
32589 32740
25630 27526
16673 18316
592 1764
26080 26190
32520 34497
5362 7051
27851 29460
18317 20765
23111 25276
30713 32597
21352 23744
3122 3150
4831 6658
8885 9521
15023 17267
21912 22959
32608 32891
187 1871
11737 11835
30069 30918
17785 19366
11615 11641
2321 4796
29757 31476
11446 12211
16784 17728
18183 20623
11897 13683
7206 9360
11035 11957
3704 6026
17930 19183
11079 11950
13843 14689
29612 29663
24904 25785
27677 29634
8565 10501
5670 6967
22519 23175
19014 20423
16974 17842
5361 5574
8630 9663
31252 32860
15810 17230
3262 5335
26808 27765
25931 27255
26312 28454
438 472
22580 22763
16521 18161
22835 24783
13799 15371
7936 8422
8678 10663
22932 23015
18685 19717
23026 25190
2789 3698
24224 25327
11380 11709
31530 32251
1579 1987
18415 19462
6592 8666
22249 24015
17839 20050
17828 19358
21039 21301
7595 9155
27946 29304
25133 26665
31729 32990
3013 4748
31393 32383
9266 10766
6241 8504
31051 32530
14898 15671
3321 3700
14118 15996
21195 21292
20981 22332
10235 11841
15317 17086
25327 27278
31030 33203
12353 12835
5077 6557
23043 25314
29520 31670
12470 13249
17859 18050
24424 26047
28554 30564
30770 32446
5015 6028
2648 4186
10448 10497
24202 25438
16848 19340
2632 2885
3194 3967
22906 24657
9662 11749
9167 9377
11759 14019
24900 25526
30364 32038
27206 29413
26381 27830
20121 22358
1862 2205
8329 10040
4768 6755
581 770
5957 6998
23410 24989
24230 25322
26390 27193
19656 20076
30404 32251
1084 2924
31186 31933
28801 30067
13747 15191
17906 20278
10352 12806
13019 14769
23684 23696
22998 23297
26881 28720
32551 33576
1399 2390
10911 11473
8615 10981
5393 7131
12474 14268
26149 26388
29651 31542
1532 2845
19034 21169
28190 30069
22441 24280
30688 32201
18098 18312
4855 6627
26834 27407
23901 24682
27253 28433
30928 31170
23461 25492
13508 14566
4889 5655
27430 28182
32723 33293
4240 4646
5999 6183
31735 32083
14247 16497
13487 13533
22641 22798
27749 29662
20893 22605
28025 28763
1049 2394
6145 8235
29870 30686
2246 2342
23885 24195
23892 25183
4289 6590
32382 34106
29121 30430
26468 27878
29516 31081
10116 11977
27637 28948
26602 27943
16747 16862
13735 15723
21996 23129
16155 18620
12355 13208
3474 4945
3052 5512
5696 8160
890 1408
7864 10130
30761 30932
7734 8513
24603 25111
28280 28471
25879 27447
24300 24675
30050 32043
7280 9276
14178 14816
1278 2582
8554 9897
30401 31868
24608 26084
15598 17812
4464 4523
6288 6676
171 973
21633 24111
15054 15077
18477 20465
11334 12940
17716 19159
26197 27154
2490 3568
12950 13290
19470 20348
32436 34664
16003 16959
28755 29332
29781 30878
26158 27262
18433 19205
7427 7844
4261 4887
13871 16323
30280 30687
5441 7023
28952 29677
16948 18630
19802 21657
20257 20924
21478 22273
17232 17325
9246 10503
32466 34732
11598 12067
29294 31286
7165 8010
17890 18446
25513 26790
31331 32911
7673 8532
28405 30311
25703 26229
3091 4047
1639 1891
28251 29878
26228 28512
3268 4241
5839 8302
8273 8818
31150 33539
30553 31735
1469 2206
31217 32002
20197 21533
8194 9700
5808 7320
22978 23882
5523 6204
20813 20891
1561 2080
14661 14773
4040 6452
27703 27830
27934 30210
8180 8860
18472 19636
17223 18352
16282 17881
6071 7362
27228 27291
10482 12580
31459 33842
28179 29460
18525 20820
19116 20369
11759 12744
15657 16257
9124 10041
14136 15703
32570 34079
31557 33140
3245 5567
14702 15272
18695 19481
27577 29011
4329 5751
25390 27257
8518 10881
31876 34081
13982 15835
13842 16188
23652 25843
13804 15215
26519 28212
1253 1440
14941 15766
27570 29216
21108 21508
18281 19919
31379 31793
4339 6790
17203 17826
11124 11998
543 1070
20255 20262
30212 31649
2630 3187
2311 3848
13441 15827
1074 2210
28178 29202
29791 30573
26116 26580
15617 16474
2367 4859
4568 4715
28716 30216
7573 8526
18985 20416
9127 10970
3800 5804
1414 2475
31556 31727
18522 20515
25631 27066
4967 6360
4940 6661
11688 12451
9587 11000
18037 19292
20092 21439
17888 18532
16065 18386
10573 11701
15090 17404
25360 26228
18972 20770
3030 3897
18622 20798
22068 23331
23271 24543
25975 27567
4057 4151
29687 31135
31627 33419
4611 6274
3671 3680
28227 30351
8391 8431
4502 6710
27315 27577
11830 12734
1642 3782
28501 30315
6717 6953
20059 22418
22136 23206
21442 22037
21233 23513
7652 9754
31391 32754
25929 28307
29030 29424
21506 21741
16900 19110
517 1165
17856 19616
17738 17836
31427 32364
30379 32475
19692 21906
32475 34889
1125 1239
24984 26071
5491 7132
7027 8986
23370 24921
12935 15223
31230 31246
7163 9107
32021 33124
2281 3410
23265 23649
483 2495
4069 4208
27021 28700
27676 28160
29984 31738
6115 7588
264 2531
8213 10226
17740 18747
12120 14045
13230 15159
3354 5717
27093 29201
31809 33005
33 1259
4671 5860
29954 30968
20686 21868
1656 3723
8482 10223
6837 6896
24162 24163
1764 2926
11720 13404
3248 4879
3822 4057
7044 8931
29924 31667
26999 27957
23189 23511
30899 33055
9440 9641
13003 14015
15704 18100
21673 23461
19455 19465
12644 13972
9720 10704
8125 8920
19155 21021
30 1577
5099 5728
116 1777
29939 30812
12170 13168
10814 12472
20156 21728
11021 11986
19333 20553
31864 33274
15619 16314
30320 30812
6625 8831
4004 4147
26853 28070
28751 31019
27830 29979
26703 27160
28407 29929
1135 3109
6607 6756
14245 16585
27326 29072
16231 16241
1427 3194
29849 31849
26327 27242
7532 8348
31096 31730
31818 32850
6297 7147
4438 4502
14318 15327
31025 33481
5612 6382
20603 22077
29679 30528
283 335
31769 33203
6851 7030
31598 32017
21245 22096
26109 27224
9068 9361
8336 8831
11482 11508
27206 27348
15906 17668
25765 25906
15036 15922
14226 16709
3017 3338
292 1466
28460 29909
21319 22049
29068 31511
12874 14245
12253 13637
21905 22955
7690 9921
14952 17190
6921 6989
22366 24259
15135 15409
19132 20503
155 1217
11312 12548
29166 30668
22628 24946
13936 15148
21000 22262
6550 7455
27270 29668
8691 9741
5498 7023
27122 27357
14571 16717
13122 14581
27721 29285
23206 23210
19238 20020
29513 31665
22179 23769
22321 24513
26846 28317
5219 6021
25450 26904
26616 28671
4888 6603
10679 12884
26401 26406
11404 12902
28744 28982
30768 31580
2303 2451
3390 4472
29258 31733
32256 33756
32440 33132
30384 32399
4778 5735
4733 6679
19601 20629
19234 20448
8423 10202
29864 29991
28635 30683
2482 4700
8127 9736
6385 8439
10433 10564
13865 15049
32129 32862
2589 2893
29703 31397
15688 17593
26085 26828
13055 13318
14658 16851
15910 17590
9004 10176
6385 6877
19086 20591
20583 20905
4207 5417
8537 10303
15229 16856
8363 10733
7706 9586
967 3283
21021 22951
16572 18575
15171 16442
22809 23948
2055 4158
13495 13995
19278 20597
17212 17454
23808 26256
7701 9342
30073 32507
12923 13467
23858 24395
7887 9763
26780 27360
6394 6952
5164 5261
13309 13312
23413 25497
18163 18222
26512 26818
3271 3306
1545 2999
1015 2011
15910 18039
16881 19041
13881 14028
20337 22621
28849 30091
9910 12048
2959 3277
4792 6276
10877 11566
27628 27840
2512 4402
5859 8102
26086 27473
24881 26050
28101 29237
113 520
10831 11062
21864 22345
17126 17625
20614 22293
11950 13291
30432 30478
6641 8284
1369 2550
4326 6645
9840 10910
25940 26823
12481 13892
6051 8152
8796 10575
21439 23758
20757 21976
32183 34623
25409 25868
21255 22855
16382 18499
26605 26680
7931 9534
1539 1977
11553 12176
23009 25423
24093 25595
6285 6624
3729 4194
23836 26264
4209 5790
23103 24838
22723 25017
12460 14554
26632 27837
32120 34040
4735 4833
31078 32572
27908 28394
15185 15418
15843 16475
28459 28900
17124 18368
25848 26878
25847 25975
25717 28204
29839 31367
26421 26970
15828 17538
11800 13499
8048 8677
10672 10710
18086 19308
31085 31218
14889 14977
2377 4700
25739 25793
27415 28952
8981 11276
2424 3715
21906 22343
15340 17261
5875 7102
25619 27955
15592 15780
7592 8019
10578 11426
18019 20493
15921 16255
24432 25435
22230 23783
590 1990
22235 23611
32417 32973
10533 12418
6339 6377
17822 18024
13380 15538
3467 4998
15579 16645
2369 4802
22249 23031
29062 30762
27790 28173
12164 14166
13100 13447
30025 31958
12090 12309
12630 14917
7600 9467
19513 19820
6176 7162
12188 14011
12223 13564
5333 7463
9057 10287
15970 18183
15765 16725
9920 11536
23422 23888
27344 28675
20291 21435
15887 18114
11623 12626
16379 17171
15304 15407
12460 13519
16990 19257
5567 5963
15483 17273
28699 29642
4540 5696
5240 5898
95 1916
18454 19887
17834 18729
7755 8114
32168 32797
8633 10331
24788 27030
1553 2204
19359 21214
23068 25246
3095 4372
5080 7220
13582 13862
14739 15214
21769 23308
23170 24710
19068 19435
9619 10473
20671 20887
9332 10676
104 2566
27393 28297
27628 29818
5469 7610
29632 29833
26214 27163
22818 24354
12163 14421
23604 25338
31698 33946
6877 7338
26703 29194
885 2290
3991 5723
19514 21962
13136 14655
29971 30046
106 2524
10512 10735
16950 17048
26116 27835
13104 14810
15823 17216
8659 9955
27579 28930
17184 19040
8890 10658
13535 15481
12666 14471
19157 19547
9427 10513
31553 32968
23695 24804
29783 32123
18681 20391
21775 22746
266 1914
24316 24759
25609 26947
6362 7653
4204 5693
7886 10018
16141 16734
26214 26646
2480 4629
1256 2430
10554 11247
13664 14804
3059 3276
31604 34051
10547 11343
8813 10637
6358 7258
10305 10740
22128 24400
32692 34041
348 714
25194 26374
3713 5435
25098 25501
26188 27460
3196 4587
20642 21171
19673 20714
5504 5667
1061 2107
13274 14568
16568 16892
15107 15270
5430 5560
20042 21570
13122 13589
1895 3899
21282 21917
21396 23207
1702 2132
9330 11039
18962 20454
3092 3957
9140 9751
2 2260
8732 11169
23341 24759
13026 13599
21141 22814
32424 33620
22020 23294
24804 25105
15648 17898
16170 18246
3182 4758
27997 29360
15908 16162
31027 33122
32664 33277
3187 5037
18312 20566
23609 24277
30061 30969
28231 28298
24227 24773
26638 27363
24689 25731
5749 6934
20204 20689
15345 15598
23563 25478
7117 8035
8540 10673
75 1200
2333 3243
8101 8452
17499 19862
17709 19440
6581 6778
9871 11039
19173 20751
25405 27173
25746 28221
127 1739
16436 17264
16674 16983
10840 12270
8452 9240
15751 17336
21424 22670
11203 11483
9834 11703
22614 24935
13193 14323
21805 22068
1069 2929
20303 20510
24533 25067
10996 12650
13743 16173
15898 17871
2546 3169
12127 14620
15517 16131
16382 18685
23576 23648
6330 8004
16516 17946
22921 25181
2351 2516
15495 15938
16874 16907
27024 28815
16451 17092
12260 14165
10954 12144
1383 1976
4264 4423
13671 14081
26505 26959
7901 9531
5087 5779
22697 23452
1554 2002
6325 7732
20668 23167
11814 13026
9400 11497
24569 25566
31372 33434
23488 24142
19391 20487
1208 3065
31626 32800
25211 26051
3680 5577
32660 33612
20430 20700
23480 24637
17944 19422
23674 24028
23339 25340
32448 34539
17331 17447
3373 4719
30343 32785
32682 34946
10814 10972
18998 20249
2491 3100
16615 16879
24914 25797
9697 11450
28872 30667
31890 34208
13468 15142
28473 30138
215 429
18014 18406
18065 19251
11044 13522
13526 14061
21249 21699
12753 14031
17520 18055
18992 21039
689 2500
10565 10601
22434 24469
17156 18101
26888 26938
22429 24075
15146 15255
