896157 900971
495365 865872
692680 703201
966664 597022
940391 664688
233261 811740
763 117829
111461 93803
77926 639785
551545 430806
578654 992394
870599 239984
612029 999524
672619 510857
848692 898572
338553 777036
5792 496729
155046 964600
569397 954543
443782 238969
121815 510633
501807 3874
871239 445602
178813 877130
762170 776929
528047 964096
771334 237279
292975 99500
28277 781557
53487 613443
915068 374182
102255 792230
858501 39495
260635 921432
936681 564999
633488 708762
22586 4895
979135 124965
318523 744087
172394 611523
234995 404337
793996 119115
483542 299447
938070 313399
959332 624156
237843 453220
920718 550289
98284 863909
233298 266215
604168 287555
52200 548828
782155 224917
723668 695812
626048 178232
317468 6741
81041 359532
254292 810447
435763 99915
625621 952262
939742 937575
239052 510542
214842 658494
860270 960001
101206 626588
749513 235887
133073 429262
916918 588195
851291 116414
536043 523854
873942 692976
987437 862419
916374 872664
222242 527086
905095 411733
113732 999298
801902 209166
65970 647997
565640 756712
896481 219946
993742 787169
46831 102930
601114 335372
489496 557008
967331 136233
980225 442416
787492 366624
503154 235139
421532 332698
432929 761986
91566 74749
197033 128988
506024 939842
333530 382047
359968 180660
52521 884031
478330 100038
307016 189893
334279 447313
528977 818262
171400 562602
419035 417118
646928 161437
873071 921946
351815 607048
81621 707200
668299 535189
702279 995467
371312 371477
771911 458150
408616 731062
93644 602548
558526 883745
702552 970490
820732 861234
160421 749290
629101 666261
758397 545421
306173 793913
941545 26892
912444 80116
908353 374042
361601 466547
806883 685633
631339 915932
192318 725576
744451 139266
601678 263038
721405 795268
350498 123047
383006 389251
290840 876992
689335 252861
605163 71087
650447 515339
807587 149580
317279 188019
413867 722182
461174 817195
663999 765235
894141 259115
157316 639736
361237 922797
657137 698129
889820 47748
513387 755902
674255 738006
493359 561099
83017 669496
336361 68026
182570 834084
467425 527950
922899 725529
513621 446071
705165 650000
817697 907413
351497 447254
106458 272106
180994 471819
295931 277025
75647 689589
305335 670517
158644 801089
708973 98112
192840 500824
363834 888161
676018 12698
324584 33736
934588 790970
280515 22817
471210 293750
822988 485786
806260 304753
973383 987795
893614 879406
639087 965857
737481 654059
259658 534911
128370 781336
834775 693394
593752 467699
310307 409496
218315 539457
923771 893228
302144 470634
191099 221176
793265 901042
557829 717303
448865 154384
192782 277861
410557 519085
149906 16966
970142 157690
852647 905488
90347 361582
162479 370295
213532 727963
609768 15507
543193 923756
166750 391535
154880 259261
878719 748080
200774 89047
870799 933152
517300 745158
296946 742934
223507 849817
113191 349060
300515 869174
339796 93789
42372 90839
736123 296481
731384 445157
724940 760262
302144 237039
104853 851204
393762 121927
553685 29245
932684 666617
437102 268616
640851 155497
934904 68057
958868 386504
856370 719822
864251 525171
646291 169048
413282 982440
76414 432836
14865 916005
18005 461093
755556 755551
762533 12576
855434 906460
217791 192724
392041 829805
401190 964644
67295 453132
735844 861410
640996 643214
29175 138457
574347 251204
922793 550967
212711 713140
177085 828501
343882 260143
140293 813477
272425 734159
635665 237559
84315 201039
94913 866408
975424 509127
678652 121063
155647 526530
340409 353445
863847 529341
174266 358105
899511 845823
319001 156525
779449 99600
64123 976840
320201 217687
558881 531577
347763 732947
541021 500668
774714 254902
52193 982253
790133 250649
110131 643270
654229 411424
759932 25302
89601 685804
487232 320769
438178 286198
357097 104302
935610 659471
496188 948369
786031 731057
634861 478292
330470 140288
271309 883364
690187 729763
8353 427159
33644 52602
758159 26101
793349 50491
772722 64938
757591 437676
154956 67654
585969 131583
424859 521902
608592 449861
293316 650019
108002 281808
354860 755564
734311 732330
85030 724835
318320 30699
365318 282330
875274 899323
572372 396584
581556 286501
713693 654419
232779 105107
497827 667419
678663 279020
548532 845473
375198 408647
806808 181491
502918 626186
581539 398645
775704 428963
485547 825133
68176 16803
41428 876586
549169 701682
230343 812114
629061 452147
817409 862919
335618 447029
206663 544437
614152 486098
154552 804091
989895 653032
435643 997812
598078 89457
440982 997921
912862 569858
285920 304757
137741 160477
462543 330044
335046 451186
666923 464680
945821 709689
954468 109241
358624 946789
867134 341320
400858 213253
143722 347185
835249 117436
833137 521819
582447 843529
859302 160797
903320 28362
451183 374987
766382 154746
558914 815661
296912 524484
526045 364896
372811 888584
295453 147978
681527 546188
730504 799582
462041 503311
224118 840127
697688 225534
177308 690492
471834 945280
641206 956730
611579 173100
385361 325295
991850 745882
254322 505674
188959 677207
833574 907761
76412 959730
26407 606434
164288 215027
694696 793722
736738 649836
121278 352788
316304 420839
839402 597002
771779 906558
595527 219607
16190 190922
518925 919645
541412 117747
126015 757249
640948 61799
962295 323956
830498 287974
49420 843021
155411 135993
370845 218322
1908 342466
353213 449046
846903 700655
640187 791740
237355 558345
572620 476377
352566 810665
896791 185656
548338 65225
414429 618807
542690 843896
875971 605390
85520 337959
747134 678640
995716 733153
650394 733834
345058 876184
78567 228008
25121 180250
256960 865079
132132 267555
924601 764133
675574 203083
461284 632100
195687 909856
955072 257934
895677 178318
95232 511459
969241 134907
785139 282093
876264 328688
55636 827908
118914 263793
684528 993838
800418 502573
72112 60894
464002 390160
943746 435485
834259 450486
521768 656262
557078 718459
543965 50027
311322 337710
477407 683286
247634 194084
878174 292842
178962 330280
790591 841767
207014 279440
147021 941452
576271 836971
299261 551126
910491 275990
297308 419687
224800 756526
211223 206530
562517 541599
986215 682035
333900 16795
898967 834187
261072 683559
227443 943369
753751 447823
518927 377429
932452 909242
43057 309989
374908 859032
882908 846786
851906 345015
997433 805221
900017 588917
181028 886075
863798 126288
733073 791112
558952 5017
98714 463848
231717 816776
43814 151920
652170 681256
414519 343986
442766 212467
989775 360351
472188 486072
11520 734407
254155 846136
236687 780029
522523 529617
249988 279062
112398 230290
431057 847312
510977 838573
456284 968846
29862 413002
193067 262017
444671 370424
357291 770275
221625 73470
382813 49437
440675 659152
371422 225033
241161 622045
53009 605777
805233 476165
840619 848758
267761 927016
863322 374957
414699 82458
996819 636644
631591 785714
574199 137890
961611 630530
434401 838348
756537 429601
430542 881283
564741 749923
916010 217963
66002 7530
565939 818951
181064 132246
206156 378304
383476 446616
384864 450757
209275 493796
585649 323339
846076 151684
456252 906677
519874 751498
103051 716048
686178 259038
3991 873141
311031 628469
441175 275153
255288 799266
624041 916930
894579 849414
673756 695959
711272 556708
848088 155066
841605 233423
578091 367722
988921 982468
613616 572896
703990 982932
625950 479571
38344 142714
848042 927383
72845 290571
774170 757537
21456 359051
605352 852645
904582 241691
96655 779488
930084 413904
276916 718130
933403 540512
659252 65187
374194 425654
485254 796038
567486 315685
717453 416890
176447 69816
542909 736589
453530 727720
56103 777660
528175 239463
112674 563286
339478 634969
675352 145022
274683 536738
292906 37711
178323 971802
942721 83610
334266 955933
34290 573130
290603 132672
364237 937513
673115 784670
892291 414587
503666 225744
834097 775880
841895 942970
723789 209464
985590 321986
183980 745878
527745 798428
642733 538871
596481 38465
971846 471796
476583 324863
631529 51730
36243 921705
438418 379459
343280 991662
963696 856902
170218 4295
665325 265705
154765 785226
185564 415726
524475 103068
16638 57740
173129 795779
510385 888780
68088 956634
881782 806100
533643 609629
253789 149761
649 661348
550607 808109
367889 323565
137208 859856
993813 350354
948943 784450
955317 342745
728387 352350
803192 632426
57155 673795
798121 499547
930730 439220
691788 795560
431430 635295
319100 593214
91716 436603
178658 46774
982841 326730
527647 290063
805566 952583
347316 466122
463992 627122
455725 242742
302123 690050
181041 434223
53535 558771
699176 955084
589522 356690
190383 261545
325241 473292
308965 472400
304676 36273
676066 90372
378879 784523
218952 22377
170996 423317
843377 435411
806830 675098
364295 125161
937593 192236
41587 616310
977733 155837
663598 499916
942602 302621
1587 506389
554629 700432
753045 773239
918624 668875
141932 136163
915311 490891
269611 371515
119254 452690
950093 472413
114953 510592
916270 953617
116012 446346
866294 842891
895449 128537
661808 398493
250623 246913
22713 664252
726887 729820
408467 650604
291474 415811
665625 626955
265343 43304
994253 247480
13065 531347
231181 450334
574956 53431
908325 348640
64616 134320
294013 960867
75326 757020
634099 135666
251863 532115
183812 239762
614916 415876
936995 612579
367328 607789
374636 696496
258258 374
258866 840595
265199 227115
388788 166728
610428 154389
400559 631180
436433 706868
863053 466481
779736 282650
886587 720193
846261 389286
155992 128717
274816 980444
68169 37329
583853 156190
64105 245061
467405 711945
32926 553986
307309 288367
803527 689103
727068 736492
811665 731592
658315 417831
696873 632298
530637 220647
223819 854653
933245 705871
615225 970910
872318 910264
237960 117288
957661 628009
660501 871423
900564 992885
766868 620921
895720 220978
408456 761448
657777 207697
922063 379016
345722 911327
671765 225218
45438 990551
202793 759259
333523 843745
841836 16572
680099 931307
457253 471006
780308 457059
397938 946642
682185 952910
278234 214250
404802 204616
416829 955015
713055 174168
592236 476480
460674 972655
579413 760492
199185 188094
923159 129741
791387 543601
979252 58905
889682 285451
864548 458790
59190 26335
696774 447601
149203 273320
946802 658954
104481 417222
580009 494496
620681 908565
487150 789093
921991 766572
516718 543005
689450 593135
193562 847241
511929 879506
628438 429290
790448 953194
959433 35188
896104 723121
624021 63185
102228 254230
869345 653134
778151 993151
70225 115878
250579 151644
450455 367017
605869 370153
656035 15625
694828 884416
463094 436737
811473 201688
585236 927779
214176 727774
167448 788924
898124 94190
252257 896677
790448 276014
905130 173865
488250 578823
475256 312270
378018 988993
499244 281538
184280 727611
693624 574692
301564 541315
96174 532203
819271 743960
429748 430711
150471 751673
20308 134130
526151 842921
920496 571618
117325 965826
66579 260687
2364 169203
483362 931531
70362 773656
272369 514147
419116 932404
325682 45409
792958 968782
249032 770170
808767 637605
258617 917275
922056 355472
569410 525515
122941 57335
975301 868476
129036 811048
996894 647476
46867 541783
549331 325395
471902 640245
746473 126016
843213 414955
722707 722484
354068 391027
769478 690018
514717 655315
851112 140482
818376 359096
610918 988345
780690 51115
381157 732071
207379 608626
596624 624780
606625 422341
930640 752279
983315 286955
921946 325773
733600 392242
227681 619731
90149 772167
149229 448216
112581 361591
265540 168033
387178 773507
398852 508850
822698 631769
392850 456982
480006 648757
253549 783244
52236 797268
508508 749838
257436 159760
129414 523326
602439 386525
921760 88688
878611 250910
917760 604686
700123 862373
582033 214764
700755 383046
398687 386601
288106 465430
998994 80190
967816 283525
385016 601958
895095 408597
77179 55530
883998 257334
953329 445512
463847 326080
864722 358783
665538 405964
186821 304890
441283 124656
526611 730519
600295 211860
947197 414610
867188 254325
460264 500754
982398 426102
903734 787088
239173 977374
999857 137184
210812 789107
259745 754142
102053 329520
850109 315702
497623 100901
152830 337807
212257 346284
78094 746901
209225 903683
371040 923297
937837 658059
618777 872136
260619 205980
610475 455421
24156 478915
103939 467811
723099 133913
710361 562355
82723 523073
835108 684935
64054 257853
135472 269505
844442 379373
217927 126618
679389 920294
626060 750283
52602 347691
367592 139793
283860 587467
477531 100897
834463 760854
204532 475816
853598 939197
511580 165949
347398 541445
172556 682470
875714 498088
90527 452612
967696 171208
499329 940892
304328 882256
329927 557698
977853 483498
727833 367780
916156 758678
728266 20528
565042 180398
187400 43235
638250 717043
198895 25840
518387 159762
230264 710921
117855 391289
855118 915148
385064 258769
792065 782157
865390 917655
831827 42620
732572 260122
249456 759667
161576 967443
134459 359775
554936 67996
785604 810184
868066 900879
427350 514558
623244 896508
263404 268066
492915 55366
638275 772430
80519 411546
781130 237538
344946 316621
708214 11372
597497 359058
535986 435763
240507 964181
750004 133664
290199 693878
431915 994634
635627 980773
509908 913884
373111 976470
125164 933541
253151 750497
727552 132796
758159 713530
804576 781262
356089 193864
746546 928710
254714 370403
347618 388311
399642 22511
25911 416425
378354 159120
223169 18397
730600 230216
412846 176511
49942 101172
295869 339015
321545 438176
735306 297484
916325 244418
830791 311494
423078 456986
838731 167358
799489 867236
122628 160276
877353 632246
976137 88621
575853 142396
607562 713847
593406 766222
433641 938842
78415 677419
684961 929084
504405 818133
733988 487025
714798 781768
193155 106110
43678 233752
977031 797832
849844 253030
913629 832926
700875 155646
914029 72928
283308 153041
536715 656970
568849 299018
917638 265121
206724 820622
784159 156600
341286 683093
61908 607071
