1 1
1 1000000
1000000 1000000
10 20
20 10
356508 561112
662446 517101
971672 80293
409849 479460
799253 182774
605023 683399
416951 843379
759086 386594
385715 234128
819068 989431
863579 78677
617754 844066
688444 327331
747641 232944
292398 266534
895647 999401
90748 307201
135805 344289
930322 239287
205159 947904
841914 188730
281381 508036
276844 610273
447656 768328
90655 664761
248705 346159
228829 455144
439901 262572
22387 990778
576722 379513
814245 52550
268071 560164
789965 53160
103449 376478
743799 41733
151994 156577
555915 62525
266312 895483
956047 545296
489541 905828
110434 56634
512499 128014
798901 286792
152515 30465
181126 307486
191268 216966
494930 764446
80003 350847
764680 128925
181495 440484
193347 839465
648544 134877
554199 219909
726819 256127
469911 484269
869817 849746
906551 997446
245095 865912
818753 641984
498282 437419
242507 77840
458239 521012
198710 957420
938726 938357
73003 496260
171414 977999
218550 673889
971527 238587
101945 842716
523742 451697
275014 951405
668158 992527
236063 579265
966091 316585
246521 311768
401400 307141
414747 389586
939082 338147
253600 808984
154953 941977
161427 470632
275053 858243
956009 252185
359485 73893
35395 704138
791883 381687
736904 842180
252934 933525
546837 694996
102367 315345
367644 46705
338091 212821
602996 492806
827197 996361
89677 57175
10847 611934
442687 531689
729236 375979
742371 67462
605088 630131
339871 499970
702744 326911
249665 685442
850860 376656
931200 201436
543638 978531
399766 480019
197890 543601
956241 501450
521032 366685
733705 354042
699777 574839
254808 391791
849107 748096
985608 136489
116968 933515
919724 607385
120007 786693
707605 154218
180731 827192
145286 702730
716996 797310
197358 514405
530190 476494
805197 405741
771392 324232
915731 389924
964980 712887
564787 452595
32926 232659
114897 747676
23045 932626
568384 975104
162369 976565
761448 363664
921747 748508
554035 756462
304752 741121
402690 307828
596781 812180
287358 162160
418982 227501
335788 273705
689438 766736
983559 590372
784800 22607
792053 645797
109237 133132
719086 635468
90962 952642
511393 616534
40535 615749
348415 795912
392451 134584
240683 715943
861289 751047
804941 915657
639756 536208
584205 153026
628264 117333
500997 927941
334933 818776
875930 129075
935753 854489
529509 334526
549498 642059
702813 576688
234070 855238
826931 589648
203557 141680
261676 432563
741365 695948
662605 624125
364590 417156
806361 448761
105202 707584
892752 988668
426480 415215
587970 828649
527670 925650
108772 622178
170891 153618
689234 707521
136810 302268
363717 456474
572903 492985
224316 159343
536860 744693
921792 651448
334378 599097
627837 31478
209462 860594
968176 352442
601671 8052
981625 828070
392193 643271
642135 551537
553949 854949
522535 439695
567649 156833
509807 122883
95175 542229
219685 911983
502274 60115
357813 829393
566880 573591
677040 432545
216627 481738
612863 199908
646322 549522
182186 83411
478331 631404
413 316932
29819 585453
397329 936653
133407 646688
813876 557938
376273 118402
889784 534808
24855 259908
183699 786774
753941 241242
611690 140074
246160 597622
485693 740340
38760 902619
918379 384260
878152 616934
462179 408291
913307 925962
433932 285200
541045 754635
398836 496699
670884 288670
297770 277734
600841 255171
643957 162693
268586 258621
642357 957625
924196 950484
600630 570238
235 341127
385003 507684
993143 966878
39256 861016
401273 400474
675684 503516
111334 196563
604416 117598
920061 243606
159588 875697
392131 335763
661742 87984
798841 518146
688765 520904
497404 774945
682226 570228
333821 396243
775253 628826
498493 748104
336583 652467
955469 73153
75787 358017
950672 795361
733764 270292
208022 929322
324529 170923
442836 51619
584905 39632
987215 599258
359039 676480
866570 924853
443842 763028
995546 770816
833716 642917
996529 612360
847081 916141
410386 4513
277216 35293
729977 644173
185265 35600
369327 363055
983534 384943
70292 776458
183987 407960
88107 603034
698398 715433
95741 550368
146043 299501
468483 336696
316469 358044
464140 173564
391247 734497
386509 941356
281695 193688
401149 947255
839810 319629
428707 300924
282332 649650
557128 842311
921294 869610
64916 216251
257257 999170
65268 672926
173227 856934
787778 777801
492745 928015
387389 322763
115358 643741
631113 40873
727982 794436
901795 68547
12320 725963
83810 186242
408587 801817
898522 311861
413790 386670
161133 604499
851634 595740
485711 874030
125742 392962
964692 42551
965032 840238
749681 490178
258202 456322
734096 979524
582743 727556
830446 555354
396912 27230
647557 760482
492776 587418
535517 827168
613159 404600
166766 702049
647929 602220
368190 246359
244502 355719
359791 343972
771677 483691
369782 686862
481361 674722
482752 800433
40655 308596
861075 580718
54851 948043
21957 288955
964843 517390
399596 223492
709890 403994
74715 599526
26125 176486
857714 120652
439062 985143
874011 194765
315272 915169
457504 857650
109398 457777
755304 694078
998622 439726
718445 972565
220394 717928
869468 78508
525105 523505
547869 166845
375323 613792
545144 191923
125858 376892
466038 658000
393700 435600
619570 815845
814114 442417
949829 607325
795509 532941
900758 765538
987322 62396
185321 90913
703728 588483
949646 553369
935800 310187
142266 688244
458426 761684
953117 906865
519568 86350
52713 339512
144320 742400
417590 144146
820304 122642
230601 305700
769568 790179
974159 800570
966707 104778
321120 896613
971673 707148
931048 899492
368943 445141
162564 182259
485512 539640
495294 365447
632011 930512
752534 439164
985994 773818
12076 872415
295418 825857
179130 663031
469039 242322
561978 42289
966712 876862
466156 739440
980193 280472
174640 642163
112038 986761
975562 630681
228612 889421
918926 127862
675346 810552
685957 140848
360256 112802
971126 790572
959404 130372
642933 322290
384845 640760
499280 788917
491170 427092
791332 299767
213402 706847
917574 879699
26718 504881
201716 112463
550469 238649
604410 322399
343368 876233
206825 57475
333075 963280
257263 464002
714725 622666
877944 621840
638762 709751
743069 52538
325908 55557
337488 320873
505861 884715
348932 589294
290484 401042
694196 222217
373235 948555
56779 898967
65423 638946
581145 460865
920434 114436
12048 215590
698874 61914
263042 322490
424953 601881
635567 521211
181415 42536
600340 315578
626904 662740
187355 905548
479969 168516
964260 807374
300103 901383
748702 302907
130388 128514
903420 361421
297383 373606
288409 884528
733498 620105
332412 120741
637445 314117
31409 256206
251159 785626
834711 580326
144668 879033
408493 652473
584727 77921
191329 183376
296174 990757
625322 638786
441242 24011
639222 666683
169659 531183
672927 41775
416447 492240
930501 632321
889828 631071
393495 72135
588394 164596
745889 247391
826956 785725
19310 977969
871022 5639
665295 386954
189775 81915
68903 667364
505108 981760
889107 965940
626058 532480
64252 597612
279986 955558
306239 538026
146502 518345
341229 388498
289294 273454
722516 164534
981731 475190
824777 466245
129623 149258
175799 68340
568646 502634
822235 975260
508960 643341
311927 806635
768613 610639
389772 350509
850416 547364
770530 416715
710515 772186
120862 792191
552017 927948
502882 196591
741099 39019
548057 824737
160522 737021
171034 152758
235198 783629
985594 694968
801709 976175
710602 678940
964827 104630
587420 64820
55270 744084
421898 477324
50267 131815
560064 457711
834243 657809
418434 644874
716128 285966
841697 250976
137332 295376
587753 350452
676059 671036
223476 22206
240108 870402
28971 426863
423242 274461
754616 69878
179690 541633
228980 746983
276012 827273
838597 484475
842397 620225
839167 440104
948290 590985
366542 884253
443276 18921
637794 554068
93011 585678
356715 793290
439912 246626
142387 337783
511186 208846
635951 72950
248018 577653
532454 747136
875499 372269
887247 466440
148466 230882
115675 139954
215578 344374
465667 152715
989090 505693
497818 991682
104375 232379
376022 393664
479878 524074
832003 626432
261456 279640
10480 804851
856272 942285
364383 777777
892180 114566
961218 820933
371122 15894
215041 735915
441588 480117
658271 96184
809610 838741
566007 155154
648512 503922
633042 294247
87771 458581
531067 132326
303186 360267
779736 563483
313616 48076
485174 160726
600091 719583
410384 281458
910694 37794
858535 53742
151763 348304
275908 82450
893499 848606
928807 218888
611207 694189
19296 360850
799234 626905
76121 519171
714894 774475
359726 705112
254218 945783
244547 209246
964724 257630
691233 570491
228926 698494
711148 710956
419715 935047
128553 887110
745049 661274
58316 585028
891845 715496
71084 321943
791372 41350
187141 310358
300701 501509
295953 486946
104348 501413
219215 520925
435023 68252
388146 966485
142812 582884
896931 504816
620598 865557
451916 490449
975925 645199
654681 334555
557091 281630
103397 987671
534729 66352
672624 576588
289112 674808
687899 363709
2695 30958
20922 417217
383767 925632
113483 449182
445306 828869
37233 790891
190820 143279
83331 268353
222715 789113
920881 725732
390034 199824
626501 104856
858 923598
686815 55166
594408 786536
491231 863336
663881 218055
456538 613241
10774 338408
426730 176678
358980 672198
171590 40282
14220 948159
294973 271982
7782 278101
869684 2262
45790 207115
797998 994692
742723 78556
559145 144557
908070 450108
535345 233466
555850 478501
594394 636073
980844 301828
786959 743842
351368 465706
925482 488852
737541 923755
245334 233126
401092 842354
683188 169779
351225 204968
337558 344903
968366 110985
739141 148709
368457 338922
279059 635113
827032 573088
178615 66341
132791 546701
776891 283190
557880 972785
541394 56425
123023 631113
171679 181889
934655 71827
7972 28228
827464 368308
136214 302861
862277 90832
366267 480428
417572 988106
455438 746422
205949 612177
314387 942296
485907 329429
592221 7716
861012 162839
415860 613658
660162 268506
582323 653669
882647 116277
580807 869426
469886 495122
717571 334762
550271 433418
696397 243704
542202 590894
446230 599435
949619 359881
925044 294327
492045 516984
264178 829152
527177 949299
427864 484133
22835 689762
734788 834322
882663 569598
664580 332981
183436 376509
27847 503776
755342 741815
491689 146245
402155 418846
63243 653835
211593 619470
23730 974063
640756 885901
292184 545789
629039 691505
608780 722160
216468 160189
536384 516093
835019 743085
891897 433128
213746 33057
148961 568926
768113 357394
436775 657921
992050 439524
70190 736414
667249 491483
602253 598231
268918 481450
130991 774373
915200 162236
511425 453831
442257 281010
363492 437521
153387 992804
802854 214945
25804 265940
649312 657572
708590 644168
889269 700423
225600 104176
559690 365482
588340 319957
964277 591831
586114 912507
954164 595809
690342 688757
980393 530685
739202 682735
804666 958980
919591 561628
399452 298162
618287 872571
100209 775060
457635 873176
392470 645069
515147 299084
941369 165416
30233 963565
371534 605072
324072 316588
518595 571695
315250 852709
959589 901360
620178 183970
914076 877132
387460 17661
222098 73591
541577 39433
842963 598814
51572 485578
885259 438586
351795 164874
984684 503598
523180 438702
531554 257339
736963 119886
520688 174900
30691 750800
72106 176366
395485 449771
191628 961584
326381 526439
352443 758404
812632 339926
208582 94950
979120 289343
354277 647753
516051 73156
332431 737605
939928 359675
981821 566236
803523 833880
37980 427325
205648 488014
786281 118325
175376 222349
9776 954425
167559 508104
367502 252109
588709 227022
686375 519870
119132 996770
398508 306759
774515 318969
607591 427531
654764 596113
172492 240539
890963 615976
567159 547179
345974 480589
70712 2485
469048 569280
107202 753232
380048 653206
351358 868346
21141 815750
219586 632983
340120 94856
357221 899423
507085 17667
932679 73446
624336 398309
132043 513978
458939 543285
217298 784801
927606 758158
901229 146290
863654 244034
514344 195243
992190 92078
864726 212525
553689 241233
122328 290762
806519 403937
553427 28715
566598 315522
342881 122305
880471 93273
474642 158015
266636 736986
338270 561976
851362 485593
820312 146857
17227 474711
544375 868428
678742 209449
565780 276321
859935 631049
597191 875650
525016 321194
697223 901191
913892 124250
363336 307917
457794 653027
816818 328867
351794 733298
753361 214195
25511 991529
271205 280723
395878 622485
183215 552009
29376 240066
362466 434552
849646 326465
541326 367411
395852 910456
432179 514970
898569 414848
361113 748908
11375 512095
875924 861161
890827 66866
97285 65331
244807 163570
890703 230595
527223 44431
723698 150819
944979 587560
765895 398886
464662 917704
281304 551043
870392 213023
12115 800799
116422 171858
222568 787016
529028 39575
693770 409599
548940 579232
133863 996758
564893 416455
700495 282209
428863 914565
402918 486561
460921 128196
984903 387199
319480 999573
710201 937222
434591 170441
717796 404051
963863 385695
264688 333516
764229 106993
406645 609717
306774 940113
393008 287366
430346 361497
320144 502122
960727 542212
790871 34792
873739 819777
906978 477829
522335 399818
119801 18225
17819 224199
377780 77792
661813 439433
596468 189347
247285 234157
224556 203406
676695 592206
49978 144291
758401 868475
643138 137434
596930 415852
786544 73393
11224 107865
612213 618819
761950 529953
545865 160353
493373 744557
744889 820992
828201 750012
750553 965927
838088 157583
591741 631705
179603 761101
452062 328949
906373 489777
637569 951234
174450 990624
717564 741886
594743 56675
843851 541156
200126 462263
988325 234222
422226 820777
596727 960452
639968 382243
641084 108372
678220 505388
96865 44687
801893 562865
274697 974738
927354 948688
4188 907861
863742 645823
195384 255089
113177 372030
276773 551609
946566 781307
111725 341116
586426 675551
394031 839610
863082 571351
362783 592087
749148 787357
39623 303357
582345 49005
817307 133359
321492 980881
624893 186322
828343 518781
509491 585390
403007 898964
967524 129708
299630 131700
998382 699117
267203 993060
651616 31752
924949 383943
978444 43573
306472 446493
147186 535015
112381 560474
635484 242531
283898 12555
578200 369879
522821 451924
677014 236798
377132 127323
89106 619257
909945 952078
655609 121693
705764 55555
732341 392050
147043 412326
490575 269644
522155 318967
340933 315742
877606 161008
659600 66407
561078 908383
447400 210859
765345 737774
457741 588480
905701 933749
419538 339988
200103 946581
914781 862772
335015 940795
78233 503292
698819 459416
189544 409090
891979 710263
625212 37304
532980 683972
16202 681356
4352 74219
531325 870112
265801 576587
493773 652350
15066 257895
894176 397645
362159 879259
917243 845147
866578 112837
603604 788724
596141 6602
881027 798915
315489 123584
371910 240659
594721 879240
662718 467983
771337 953696
125221 829445
888511 670736
2345 641848
330516 475352
659608 638006
822189 139141
848162 120670
953541 4553
687603 450236
974976 923728
732999 645378
168562 481442
344813 359843
473533 597444
577196 706434
975947 858287
52717 766350
277299 76919
504107 327613
460071 403557
510066 680256
412525 642817
278678 16132
820842 417430
118985 771391
527581 707954
264103 872355
51818 712132
834194 320922
251039 623630
247477 997329
790175 232754
765298 942279
928362 243527
619441 102953
169694 779838
264322 969714
65055 374706
274504 821594
912327 133097
125996 612906
148811 893271
547330 83339
917465 146334
728746 74142
972060 548052
318771 606181
471984 327202
120776 38038
58188 443647
721497 364164
66744 646661
685142 880828
460090 177689
949417 748817
405111 585152
708245 474654
262155 21104
591019 967069
139389 338511
209324 161454
243605 817176
132938 61939
461144 271588
126260 896433
646876 206229
512994 277408
407764 693273
6924 102473
280754 274965
237717 713674
230441 75542
93525 969969
415695 560023
670299 949489
369315 254402
107317 456253
146318 684765
983008 702376
730175 507204
321622 482045
382092 581554
814027 822185
525016 608988
259215 949417
128218 385012
526531 609913
2169 239955
949798 970939
851742 498017
378222 296454
891768 484789
851004 130147
285870 374251
240058 1498
714956 632517
659542 522810
811494 44801
807894 106241
969018 563066
971033 827333
598115 831956
237206 218210
388562 11985
371196 981226
881867 134194
152477 213814
25268 108783
954593 189526
872026 107741
867107 451740
557447 899748
136893 813904
584156 204822
638012 342460
320444 914506
381943 516381
971229 963542
445241 976620
705216 1366
153358 856179
727724 529857
915862 374524
639012 720374
146415 374604
6176 930888
652590 512895
576718 415691
85117 741395
514818 646238
245399 50609
903347 963103
468642 283989
163761 597728
226559 606696
257090 602676
29983 661754
635344 5308
360061 818464
590952 325562
133117 18027
238655 989552
63166 802262
88134 214834
32536 686025
956312 200910
103280 713663
899607 593987
308096 366270
908672 800661
45778 755638
130426 199466
959060 561534
374190 322633
998852 21132
830600 44210
234691 482496
971548 582505
577988 705248
545799 663276
253732 33971
258715 347440
342453 208425
897837 444311
66348 295156
633987 989171
309397 808571
610476 838267
619600 410007
23421 469404
342913 951182
501358 848763
50197 551663
182635 341334
56209 645000
393631 185199
33858 645459
100284 894926
401252 961895
62480 396043
449818 764156
359145 705397
154900 90477
727482 136368
855086 15434
276321 529252
265390 13592
852038 805239
477417 931376
485042 449418
156547 68169
229417 173260
53968 95203
661560 860077
432014 502473
291740 962300
333986 179877
129179 612351
369265 562841
200510 651623
317478 912940
701291 183089
763581 802267
831738 945742
710210 921291
467956 710018
290360 829249
313569 587182
231794 493109
47701 231696
133459 908488
267577 993036
981048 171104
219620 775358
452390 707304
66139 522934
650543 561502
865698 83037
475212 498948
973659 644667
174493 621876
482142 356654
55322 937862
306619 42341
519823 610957
465506 601151
716792 820593
227428 461374
752539 529382
834709 562424
867449 694530
657901 915542
45382 360701
476390 241376
13473 493812
590386 99938
67309 850533
424952 718094
198714 94782
692432 611235
834545 71373
812255 747060
338167 837693
829778 113630
889237 719129
313969 353147
910378 561610
579678 377136
255669 689358
601598 616169
684620 481472
578816 515659
903114 448438
575354 79718
731901 421302
421445 132303
315371 584897
823340 136529
655955 361360
459832 272720
346392 554544
491879 809280
686864 335506
677722 980764
172602 519659
576372 567807
828748 290934
474390 518085
364114 234488
939453 965168
659743 650154
678271 184453
756299 912297
489580 457150
514877 549894
164955 70472
184713 119611
651910 57526
154599 400069
426309 703371
825082 622566
889655 817670
751697 707126
375726 22795
436469 241577
395248 879770
67399 660290
85358 928793
722395 733554
342452 645620
78156 258940
730316 636380
226634 757894
801997 875041
393182 292830
730186 905399
456716 877947
109360 88418
253994 939779
459277 981820
296313 632057
699387 920525
569779 483047
309929 482202
15970 586611
206110 680315
808434 936319
252210 597436
429826 910365
669287 179398
880600 133565
997958 951343
655030 161038
510389 637836
779652 913409
596412 263748
912550 168229
635950 458363
571029 678736
352513 991387
507743 305354
320015 83835
438414 990816
888590 562382
274097 491083
803469 888056
60949 125769
175863 569955
1823 282153
509709 273087
64487 408213
393017 393877
357031 993111
577001 667630
470542 783320
547668 210247
388995 280795
611994 729525
620203 227329
86438 770433
529595 921328
266497 303794
92240 261246
925404 30839
810112 818907
283492 988073
585144 352054
419955 830936
425243 971675
702309 311557
108176 911619
339981 205780
454576 178950
669992 941496
400434 250228
950544 225481
744159 810706
744102 513898
399018 745239
623776 727211
740302 166756
645309 583605
443772 836885
60733 700397
798637 160718
175433 789045
118230 747139
593436 757610
958781 582441
435655 581048
794737 66834
930360 696742
157705 222003
744229 861701
105889 487126
357945 89796
511127 190845
43602 851793
196346 511006
235672 839455
967829 658531
242959 407355
789847 59896
995339 662219
835680 889795
230355 840068
564174 408465
110670 518210
917254 549513
893852 589995
377711 596848
411070 43611
213168 188212
75056 966788
552744 624764
586269 992460
110042 381672
97955 255097
141265 938966
744091 406074
927500 293642
884010 543797
747108 338835
19970 799577
582850 755544
589891 999280
631082 823438
408211 397273
673117 201150
926757 541267
57909 976698
392175 15070
859552 40156
482319 327503
451983 379681
419952 585437
564651 761668
954092 694441
205014 540449
204386 324206
135160 158392
861134 549906
19219 765153
19723 499189
929255 194357
355485 922698
213392 186461
947 754401
82083 654865
803271 440303
763170 162778
767544 112828
802258 575950
273907 242970
442732 908243
362743 696990
532359 955474
153249 223313
116620 534129
831734 45708
884777 440286
997300 307873
966950 830260
409416 828467
670090 514196
429252 197773
267720 446200
76626 725456
712433 83301
176438 611423
296338 741862
56851 318472
335524 61552
629084 662135
523023 558141
90918 647323
170654 991697
151734 685141
711267 824077
300745 616622
626946 302569
404055 520590
712063 470387
210537 131593
335615 184336
975842 12248
449214 430884
179683 971693
203947 415481
750110 794658
194009 60811
912725 946981
564833 132311
464645 225127
602102 820867
508215 382121
551401 428991
755772 796281
928238 192311
185327 168146
300275 492457
493602 976291
74915 618318
388498 19710
135020 614079
599236 323460
522784 474038
792595 964946
635217 465228
984648 691634
902430 463144
783170 108153
557728 663825
533766 469333
405894 354634
177131 329117
681052 391099
981941 825359
396998 939206
927234 432728
573714 223297
36839 436528
792123 950800
14048 873593
727546 907952
781927 841940
67513 487458
705274 692682
932644 627614
694908 583428
142882 867224
161358 306931
667085 756806
185532 804118
491307 70434
202887 997520
456549 772209
517006 745726
521033 63167
885371 934204
404155 908346
932478 237458
184425 810831
905125 33847
660016 560557
73101 792823
944846 972573
248105 615521
225600 792535
68156 698527
503970 777909
603687 996863
403046 118989
272796 905030
669275 683870
616225 898986
51691 968086
339188 6876
671149 121936
505334 408587
469085 635059
300172 287513
451915 288469
148541 198696
205506 601807
286579 936525
398058 579347
16785 304896
392547 768463
184196 544366
605169 123316
148383 133475
365979 325411
715690 952682
167623 918112
423212 810101
913655 318167
13653 573739
785113 1237
723701 164854
887762 175311
253012 460210
132387 971781
503887 895968
387235 351763
741589 470400
58004 190862
690651 736795
205525 605241
551042 171247
724863 426038
263062 411776
286270 365378
95032 105353
774033 206563
609377 901300
976102 471600
341713 341484
425137 191678
303196 177407
565076 663291
107814 571840
8754 421529
840966 777471
914771 205795
192346 292979
351254 151947
832986 295353
322003 707179
854605 564075
947033 306626
747262 578443
865878 989974
9571 46708
858422 88643
582913 775748
163957 757517
675883 959407
710888 323568
356662 10300
455847 254649
652309 625323
706337 75544
710362 55827
730029 773616
410027 65085
506419 889276
221553 472368
71874 859364
967465 631376
4541 460096
879670 572968
435286 530582
295755 673436
67995 870166
752469 422415
277344 838992
813197 991868
214033 692634
686794 229652
893091 988893
418318 504583
280159 78111
955103 11429
663527 601619
394447 572703
991037 523547
277049 121899
695268 934340
648330 257054
334952 881164
180918 436933
80266 41967
905536 279965
498531 162801
749560 306888
726763 278179
437593 922346
308395 439944
229945 867030
163509 185282
166394 603212
810508 930503
920868 313642
578555 72234
963726 902616
36473 102759
644638 323005
818365 742207
880348 564176
236650 299509
471106 319406
269364 999674
544699 733868
707884 406770
568921 816405
598024 398681
773057 138489
50583 607130
279671 62053
333607 625409
83811 616232
621049 842128
480562 382434
361335 830241
563750 907853
29540 504622
952491 677692
558303 955906
887511 695421
639880 252363
229233 403215
363657 508516
640777 564312
176814 917953
970955 473078
661420 757892
641023 902484
487782 190060
912241 753779
644490 951107
304136 737310
265356 184612
459281 668142
772277 38006
655107 793001
516242 996850
502664 965539
614944 291260
31082 967314
912000 883372
861683 49856
631404 285188
475381 506434
591694 828411
894914 449528
683043 833446
894767 147849
916719 654607
905538 330127
320413 930566
51626 323116
875989 9027
292916 404904
971252 842593
98613 733087
862999 576450
34359 984393
527988 242852
547570 472384
512097 301540
133318 176041
351575 452273
373969 496470
314421 292541
73645 716565
228029 628702
319001 600847
776086 798529
73130 62789
703540 669502
243344 516196
467240 476165
700267 616635
296340 666780
570068 474109
143268 671391
189861 809434
677945 908709
603284 433280
859772 348179
192334 201629
688705 608836
506603 288407
332484 510289
299363 489237
989994 204613
802298 813943
443389 976695
983007 944036
747688 966954
781841 381724
431187 413135
291944 767024
679832 681987
762150 905611
298046 9178
887067 524459
242622 137868
233534 631810
478060 709569
937705 653175
37763 717639
292855 271471
482623 949620
472201 152827
233366 835216
930264 207414
558555 130279
867998 496630
114770 660349
574568 213911
70516 914148
200347 210575
234965 36171
363910 621310
558182 251208
569165 190523
873293 582476
85643 851082
937515 107404
560564 524788
225600 745017
777722 506117
210083 383518
638223 261331
95146 600526
502509 694091
669165 640788
509945 465596
568165 939388
399975 833989
227659 711486
990930 25006
444399 357404
32706 39442
830194 226942
508944 708981
142991 97902
176215 101800
752258 687485
896455 793830
833001 752680
271534 625830
892887 782820
446749 510122
711881 555355
576620 690682
2763 79014
846443 415277
44040 743881
520963 941923
413443 360475
538893 756852
608055 250589
206658 460796
60133 588333
54113 20548
940929 85048
242258 566253
433520 65721
661966 684219
340364 282806
781773 718397
10575 14758
333444 891985
158424 306062
631852 25227
733818 83756
338991 26092
184557 491566
11116 855058
76077 580232
202528 352466
721551 387678
357229 840945
572906 793538
384687 76414
147403 659321
976375 396966
42578 536248
700108 122621
309397 109348
473427 482823
78124 740150
559872 277068
2248 580160
23021 718817
2236 503858
373899 913249
982101 283884
742706 863419
768321 477896
813524 722744
620698 747202
771977 812784
343218 859098
470389 111817
775758 947202
614157 431821
614197 764497
629030 215688
633813 424826
999371 86620
698305 394199
678168 226552
973654 241086
490156 871429
69491 827493
825046 438600
285745 230381
270069 789819
814588 284990
320827 89259
899499 53366
903826 461633
382066 265036
170958 381022
176885 342240
577582 156679
361024 735764
454132 241369
98492 539949
214425 116117
37094 606072
534336 280754
810143 42009
395870 507295
773466 616060
348110 789460
622417 666103
604169 789276
305031 209557
818000 174801
6559 217565
207779 280691
154292 553946
691157 881747
872802 625238
75339 735511
904673 749492
894384 578896
961854 773153
607505 294438
172197 522082
404883 381033
729589 508396
72896 467864
312786 977839
873447 808482
62146 309948
978743 529375
585996 688462
811159 609969
834909 859930
8385 121313
480395 236680
525372 866627
352751 848513
17137 464372
890457 693289
139102 875732
804260 305740
378152 922163
983423 951714
668442 648850
298011 56772
45246 356662
779119 901136
68419 364427
631668 605634
545000 960557
979675 320367
330544 329493
521289 127099
467363 751553
130225 927967
434262 445642
483849 986956
643077 682449
355524 332983
143556 176971
696364 363342
988085 580733
47328 305955
242380 30765
135472 210518
