776833 853437
102405 585057
5914 962078
986593 20411
997627 715274
856689 26585
38555 419363
356385 176043
685332 635288
319354 506216
655371 655644
309871 957080
148914 452592
976116 611739
213025 415482
26493 278162
227890 18388
374656 662062
846742 410225
15516 624155
752971 803984
492383 789369
411453 456573
394463 81307
585861 977137
184328 592132
769675 679172
796518 566225
835882 700622
871347 175399
148783 656133
192051 194069
101074 656937
878762 644751
540353 636403
159428 977375
831417 53047
85616 370342
364189 207862
390251 296912
161854 609083
794697 587421
869741 45089
464191 835981
812747 284884
983471 149757
997525 615672
178574 919551
905441 748312
346102 502351
673234 973989
967870 449664
790576 839222
786701 189867
757177 21356
198236 878479
236822 533012
273961 467159
121711 861450
372289 910400
577672 157650
217345 828331
579322 129914
529243 874657
663967 868085
774966 520715
634001 427053
375577 959782
719802 631949
753335 360175
278593 232524
931394 751354
449467 230462
9115 414156
310748 930925
727616 764443
993083 28433
513050 368872
890153 827190
839183 912148
578588 517280
486218 647044
309687 280702
289400 101633
967729 884959
268772 592590
203167 337023
610605 399081
43718 116717
831309 288687
662325 486148
596294 454953
138208 380581
89051 825586
985693 426197
529877 130973
945236 701472
428962 84616
32030 961435
425209 520243
119810 177869
109980 354759
400967 413551
64060 801885
908772 244916
446515 348216
913518 175073
865675 621631
411613 737882
935364 431365
115103 283850
873584 939749
318882 759887
736202 137515
773762 147497
394819 537733
225860 607790
165811 277876
596194 796703
76685 625144
869131 260150
116189 217126
634291 296320
456258 238014
883743 181166
556716 130010
104819 193135
267747 370234
928573 444506
530513 305352
594903 129226
42892 29301
277590 430921
305160 813906
875964 999817
789546 657864
224645 603564
587935 106440
798786 284532
783602 612453
899461 114905
965712 358461
992339 430955
759410 640804
342469 249165
979696 627996
339041 419405
33860 549192
936150 954157
495134 142820
449105 887829
349270 501161
540548 966461
276172 283553
606614 445724
470241 639084
930589 283817
925999 79023
910012 55990
819634 969933
382886 988658
602450 280299
579631 613617
688838 706680
509666 676688
169211 329811
654938 100121
807455 506733
687496 994402
692795 791955
554143 942634
307594 298811
678442 39463
445430 61587
218833 456542
367908 639663
291332 627837
824033 416821
816276 500594
72531 792043
180779 681599
845408 732530
222073 723379
270083 965340
131611 241306
127838 420961
755786 30076
467886 410280
426372 856853
519226 415867
892223 148389
46564 309088
143550 360715
781925 266561
921021 422570
330158 652537
484186 277474
994442 658305
777195 214437
296939 545278
474513 373554
580145 925432
515291 540290
966057 630855
642303 101048
123142 373615
149825 822636
745192 577826
514552 939567
381494 477678
834640 885631
274359 818378
34175 889999
157898 271373
603850 573134
551021 980854
243366 624089
938023 495509
147029 618295
371674 707593
831275 43754
456632 320857
341291 643568
375052 799496
393660 254030
601657 712222
512924 420066
222111 878713
502169 203557
316388 750103
651242 765163
697957 10868
930913 496520
409917 476332
47286 707241
770854 978225
637979 129936
436010 80114
80069 796498
893490 145195
349548 160207
50551 490859
122974 690721
81644 107597
844263 552837
507721 694226
793012 394922
555415 567086
285515 719219
205068 337773
15549 783758
978168 122130
199296 494407
437617 442631
627195 285625
578352 916975
945276 559769
771186 287596
489487 857351
689351 339976
778761 564432
695060 782057
336038 628370
492520 212715
851193 449428
464176 894158
825796 843309
998560 161310
746840 728438
290983 950603
525081 981878
552396 111321
403333 729051
297121 874511
791044 184966
396707 97656
513718 48441
885093 677727
779213 365871
79269 830883
757664 727357
440071 773996
47785 635545
739264 711369
459492 896356
521992 929400
481304 920772
557710 232624
520675 898163
958118 916475
506401 904190
907180 965282
724479 140069
496192 188405
822244 665054
985943 563116
760382 180285
928367 139705
118343 649649
971710 482490
565942 802148
846047 769797
502393 850259
980122 356659
833762 80082
435814 815883
610781 321608
363144 216316
781214 691232
976581 671525
624433 413659
132520 997809
530575 976665
948136 657338
662658 349694
543445 30409
697230 506058
911232 460198
277624 28580
123615 444064
33602 149760
569380 807379
22155 180119
682796 689014
226464 912156
672495 692017
313473 252388
88092 608708
195287 30224
672565 716309
65561 659992
840045 757393
489279 91194
291477 368861
812802 272115
734743 903812
630784 173222
411186 302581
297540 269285
147069 912400
502673 262980
946351 929528
744230 747761
720278 443386
127413 454061
609624 899123
292822 700447
497029 163216
435440 680125
729723 276130
314053 253235
777043 406693
870520 986671
532466 484809
579282 285687
236545 482242
929732 595355
544905 335651
507538 814965
94638 61717
985743 264755
32728 701097
962437 771904
361770 346138
989028 701486
631085 656655
321616 48154
455450 948785
897686 25585
578984 153812
791346 943275
718370 687033
932515 544050
217420 541153
188986 390704
624086 724353
4998 336461
661402 500093
665916 591503
705415 753878
915863 406579
806016 211625
93626 934782
490712 164936
171859 403823
76692 820494
85609 333716
983169 383964
518420 168548
583830 513199
877706 356054
468305 831205
535869 605016
591945 776239
539571 778029
684795 184592
896805 635971
463471 650989
239909 440572
643802 892235
132353 242723
487400 51639
538144 536751
631958 124901
4909 844653
252904 462581
925163 709313
183162 609912
835057 522037
478094 581658
85809 587264
54340 37851
380300 836101
454072 725685
605768 640378
490332 983493
113264 250207
514438 64641
95512 480543
313059 532362
997042 406088
190408 940
953944 988851
620120 54324
105311 759024
961687 260195
244417 897341
127993 815614
684910 325877
763271 509868
405771 704302
444971 370717
508507 549879
658321 572227
771049 52029
809014 925495
615022 536097
337272 547999
116547 945963
75654 112977
785469 161462
353330 417142
713854 444091
991124 873211
351863 813280
254516 933135
607543 695545
35853 378589
186852 760129
22409 877187
91158 457274
373500 196051
971731 409048
477749 988785
604170 467721
690664 127566
90494 952921
563056 138967
522539 306397
962444 420310
747580 161965
662411 562749
565553 618262
428997 287940
156966 323235
368576 217098
791597 831818
318241 934364
900270 582035
357588 580857
405502 749826
99888 521426
801519 189160
280994 463037
850138 641548
305921 771904
916225 407864
835885 635871
904904 715412
202715 149227
482452 84462
422873 359050
763764 101032
849926 805326
931498 136476
52189 111533
315507 719458
331319 738007
305876 462227
408033 97348
98858 670584
192690 849279
682237 25783
231352 341782
655121 16609
372033 846012
446888 121165
431189 444375
250993 90469
157117 174364
521569 69717
584771 305116
194218 708128
955617 429351
887147 854560
736481 390251
214731 913655
912971 930995
2872 446010
655879 354113
633943 135974
663099 408435
968864 821891
964920 83373
294838 886211
747168 983415
529474 936636
794538 480118
475525 374529
485523 894566
265192 143091
880734 550175
258904 675367
337980 653864
570741 820911
260345 613069
81107 319986
37601 576692
267024 215480
976628 700037
431365 445227
33138 876907
944580 741240
454838 456493
925963 877390
25274 768307
386197 253343
457939 115358
228933 780138
631846 263921
666349 41534
782610 357655
542141 745335
467178 614515
775103 550167
105708 126781
637437 455720
170703 577730
864166 78268
641332 712858
653500 298324
170016 959248
462707 963537
518655 673573
130064 557545
213523 117405
260635 4211
40677 407906
2154 66773
957837 372641
306968 122684
234054 449166
527008 447480
145073 513215
720966 524795
350156 793721
366329 314683
155219 838562
263669 858691
227522 831850
296529 77679
968706 431735
367512 127159
675855 697111
269621 214963
824364 602297
471654 357358
291715 100627
797411 152237
107905 691111
760704 281831
366083 966707
881657 122408
256091 678396
654468 534719
793922 436210
962832 636495
711740 286484
646401 117081
145924 54040
610173 444336
214741 518670
338406 135218
312571 207198
925642 114009
964216 825563
769637 65922
380692 129788
884488 608880
436990 340348
386968 52539
652643 41385
85038 491165
897541 874361
254778 985768
968299 235170
630390 630936
884560 614387
351717 373093
739987 182242
114656 549458
209297 713085
52091 250754
360527 968505
936422 775771
250843 213943
139549 642167
894544 630547
412063 845426
583507 2181
950706 316702
213197 206914
411586 820278
221433 722991
496366 852716
982480 571174
489653 458238
15628 858537
658001 258754
165264 363196
734436 411899
988555 405110
807151 656825
947219 585036
806961 84938
641431 841844
445378 781653
246795 677843
893598 25195
519411 332416
712459 299820
219387 146188
544366 983348
569795 351107
860452 202689
415874 46225
619677 16077
78424 174658
41306 777038
505661 904084
818216 262628
219414 931316
5653 907288
724398 880918
508580 273691
503394 148466
560467 713248
456523 250987
837350 21485
659397 990279
883216 777272
612789 509205
336247 969962
735558 626756
40182 464739
712925 674544
501030 834047
453785 425598
306599 91765
833604 605713
64784 906792
103551 908291
136265 944049
831850 395506
938275 83390
509966 661816
878290 400759
504062 160227
40000 960914
861285 647402
588622 667367
590793 790614
488610 642719
431007 597708
534030 871338
787464 480643
880357 126401
479725 443860
236173 524579
171137 100637
624211 404208
871879 963736
153437 606554
703535 731086
557321 654838
192572 92908
348181 771973
720440 923566
313462 155495
399599 589655
737043 436961
567652 505187
167124 793142
295856 995444
771989 747606
793628 992963
325918 303833
357272 82284
649727 684808
559001 934507
893924 619044
701433 228370
397164 809318
173094 741471
978673 947901
232044 413418
430562 400884
917622 832123
664382 474221
244389 775087
436038 995409
567703 149476
824135 797262
26955 917914
669070 574022
270369 371371
993636 495094
244349 416151
20669 907974
690703 378926
779207 439492
136705 201919
447872 813259
585777 799744
522685 741270
820693 780085
616200 318882
216543 692308
195871 454947
227323 461263
851760 2650
257828 687944
747185 421654
461677 54350
750625 998429
116597 156780
373189 879203
619740 710003
43161 428741
818633 214094
437636 718203
347468 856463
560959 266632
873795 633459
10692 513144
677274 419127
404015 880697
780010 983102
250994 707348
927069 765284
655826 767187
76156 551864
103196 580702
697016 65412
244058 223087
103980 881186
33673 879065
249167 12449
794435 964083
889234 969519
777009 234267
805123 90439
575511 941323
802156 465555
315966 753606
546880 833964
881979 860869
907467 416710
567549 407738
356022 769764
454174 159759
164049 389237
497862 95884
576407 981954
781427 442578
884431 26397
638371 517241
335512 492244
386926 632444
114276 361079
226275 227518
209589 896569
441734 340314
841998 449286
441597 509496
267783 949526
305636 206528
198674 140888
463682 936525
780379 38045
842449 218480
58411 54050
319751 757849
126328 735679
607474 258333
699320 69739
748156 484684
685207 878925
254730 384682
435251 912717
549006 305948
748774 856996
761633 602071
378458 635433
144818 212539
737268 56427
318772 122271
743323 71205
323834 959087
255614 651943
982451 371223
351334 573116
388688 242069
774696 184981
437631 245555
247436 605016
183055 723201
972838 621273
468949 372576
587935 1047
718946 777013
22664 828912
987462 377658
210101 960088
377309 91515
358486 668282
710767 412909
543632 91533
904593 500849
709378 135284
844163 451040
774127 78804
677917 678854
433093 249239
360507 98343
418736 777009
961526 572428
435978 626901
726419 930672
724128 811151
127159 703607
214046 933958
172489 606345
546953 991284
61015 719268
800353 655458
855158 259867
626932 111043
229953 817347
653851 876534
507904 930384
412751 945933
129588 928502
774854 14859
429414 28769
850901 517796
86945 782106
582295 696231
906381 97251
797629 941858
640318 235484
337914 214680
418590 365494
964154 422760
968999 495311
152531 268530
223953 857026
555296 215991
95523 110049
859582 913794
171133 49933
11695 621106
833099 862370
291049 926331
837438 345712
515750 323166
700867 940429
740955 14154
339614 850206
171455 648774
279655 16921
651573 571310
415219 220513
18274 553140
730871 114827
807517 914727
622212 581777
289227 404568
451212 388730
572850 195438
754431 767780
573324 882770
85824 200649
956391 425591
820605 389220
792522 557420
372575 119251
540352 312647
184560 483605
153340 963351
540110 721388
557488 842177
714274 750646
483319 238798
232325 324838
651884 800659
37442 627075
612445 643105
181931 31166
108570 679683
251200 704783
709729 520280
105756 707617
587093 652973
683669 246182
735067 524832
544445 786934
644214 567630
554977 800714
416563 176275
619212 14016
580891 141000
635406 176388
413454 58711
928304 518325
398687 804582
248332 270274
574803 231907
55828 840939
900781 886364
215607 511846
454106 670260
415600 795165
222720 73020
593043 923092
489985 796057
402678 289614
328084 343349
293646 49281
513105 423454
75220 492644
254198 814374
946273 264308
489486 679552
839338 967083
143081 191511
587346 204520
660356 718999
859602 654133
342748 764206
33302 334925
488712 298518
167841 835357
114057 138445
31418 901689
72730 527758
692905 451669
728235 147557
536672 774836
936201 362889
684047 408220
990248 632701
712306 935052
356121 659337
250574 744090
473170 34445
501732 608494
637627 850067
990422 795697
998704 986863
869443 303522
996400 565827
930324 732825
149017 355519
58594 253247
958714 763745
250213 96173
845044 410786
462898 17814
439280 180702
514521 215344
276409 77873
960494 250320
907046 177879
383038 636167
718132 454983
807452 880266
299091 292874
23973 936264
19269 41011
438559 218467
