1 10
100 200
201 210
900 1000
10 10
999999 999999
1 1
904686 951950
425561 462807
9099 30949
58267 102061
270105 306017
538869 550628
307923 340565
651742 667627
976370 991340
747796 773159
203320 206181
197027 237352
568590 574937
111985 140521
30243 34205
882477 891556
414246 457637
281557 289951
767940 807720
903773 947957
444223 473240
479002 503355
831310 874508
168482 199903
972009 978466
294593 342267
926745 946080
81737 94394
626256 639831
892997 935592
132673 158737
135706 166512
681814 726049
478745 517975
614900 660080
275462 309312
324443 345169
118190 129133
636968 647013
263962 270826
634322 655916
265646 297035
775615 793637
518747 532240
323538 329613
591338 640252
501559 520085
143056 183880
512679 559347
958827 982306
535716 565724
123979 128085
81731 116214
649567 673608
641039 642728
920326 950577
380383 409833
182248 188116
760113 808485
912871 914439
332958 372893
324581 356265
658670 707823
439595 443273
223060 251927
145199 155829
485186 498519
388626 422676
693146 699055
203289 226765
906707 936092
571510 611618
744154 771932
223653 247669
731066 756322
349473 367819
770343 811600
854837 864232
175645 206507
235318 253729
914515 930501
357983 367536
192833 238903
443646 452225
278764 305360
324056 332536
512356 542351
612017 633610
775899 782154
767117 789600
310607 350550
165744 178032
656737 662939
191293 214458
667151 677953
48940 69897
998365 998637
479079 484370
218563 246779
794508 843415
688573 688985
698670 710932
669733 681086
155719 170859
691594 727578
177942 222316
72836 106430
772004 797621
630314 643855
442745 480311
34062 56020
591682 640718
970097 983275
867192 880036
258337 296928
24206 29791
339409 351704
133565 142658
92122 102246
44638 82239
772345 788762
849500 873953
974485 991448
722987 766576
908289 957993
920144 924104
956604 997626
901068 920610
433789 476013
522883 546546
699830 726897
989531 992465
301852 311406
782341 816226
612491 624658
107741 123629
513800 548579
493292 530137
35591 35878
39128 45386
498841 545170
489134 525462
637538 683756
724706 743146
376511 415213
503595 513198
428097 447407
267383 279857
637149 682815
623316 637583
51676 87069
669724 702838
25562 63556
678970 684214
270143 311612
777848 810594
663015 693325
172587 222184
795308 839296
154080 157236
692751 736869
588703 628077
881234 915249
851036 873654
984129 995740
187054 202226
336526 361656
309808 347050
680603 697707
624389 650009
866759 899129
854856 862865
626649 662993
3143 13615
907214 940241
508336 525805
958826 995587
194547 202049
356048 368688
96449 138966
396115 425620
533906 579816
868080 880064
870517 882735
14688 18886
235635 237053
619350 622736
115428 147532
542278 574263
125752 126517
702576 739757
468080 486987
457293 490427
539472 565253
563714 575359
918534 920694
427832 462056
481557 511310
139731 171929
716479 728101
875769 907602
397072 438341
607774 645997
655693 687650
701050 706237
150214 193442
905892 944199
459157 477792
451362 476191
58871 86099
435445 442674
237468 268946
472332 489210
82556 118571
605376 615891
243207 248012
823420 828378
511377 530568
128514 163395
393935 429568
994646 996183
753711 793591
230012 245387
286446 320300
709315 744815
70217 102758
178152 190713
674958 715817
347901 354177
351855 376484
797600 803139
635890 671426
778238 813578
289584 336882
875324 904460
891868 900967
627189 628094
533356 556195
619288 665375
17645 20330
278922 301057
688106 717154
580109 587634
500551 514719
134975 147662
244356 247583
695825 713422
878184 921325
921259 959744
791113 802112
369917 400450
425938 431435
77156 91441
108724 126373
742753 763738
117064 128632
511841 547955
989301 991905
566622 597568
827909 842173
263053 272194
882442 929168
344481 353578
11003 57150
843378 886439
713822 730534
642604 663472
308600 335506
309295 358845
474390 493504
737277 757338
829410 864564
338052 376929
427763 467131
5686 41022
61107 62122
847612 872841
33524 62924
721166 758561
641295 679720
944756 957584
934037 936096
162979 178154
459614 508228
236542 283946
602478 632106
200731 202605
813584 852279
790254 820360
499691 546296
763648 767773
590912 602731
277025 280425
837568 857034
854816 854969
700853 748684
84239 115292
296595 305175
20567 55780
227334 233216
431930 438673
295193 305192
435152 440304
26461 69398
778291 816680
658565 685862
10883 42280
741085 745704
49466 67227
784649 820810
193864 237062
455085 462435
478766 526209
654876 671808
355498 400950
459995 503211
90507 100215
287358 330147
939907 952822
856677 858192
113558 137959
480184 503954
777442 791571
964659 974147
859827 865203
942478 961802
224403 255291
761809 800549
852792 890352
160856 205452
39168 40727
827002 853133
241244 250478
598956 607090
154864 183938
508434 549278
783417 829995
77705 108917
758731 765657
290235 306557
936644 946706
433948 445422
338355 367327
580049 628721
837696 862447
805131 811215
604902 616288
390223 405641
208958 238056
137674 159754
453539 471092
635271 647781
475616 514900
766677 780809
371164 410421
18266 34267
628994 667686
164667 167060
951632 999951
728812 766183
621195 635767
206971 242613
428622 437076
425271 429187
326219 352687
551431 588846
386278 390172
223864 232030
352698 356191
980090 994152
57831 103022
667348 700113
243416 273409
800504 836706
872304 883236
895887 915651
846759 888465
654339 676792
159506 197446
492798 508572
895265 912218
330928 337918
173413 212783
727810 764733
76415 86371
433407 480679
844162 849799
170514 180566
130827 166668
995124 998141
918753 922759
896629 905747
763028 792420
393955 402303
400651 405816
759784 778008
399922 412070
162181 171741
448424 476020
451420 466660
82144 97026
539602 585803
143597 146671
321513 353965
23436 38500
867529 878198
787851 816946
182751 195936
623220 634569
171314 219320
639747 676325
570827 616669
967507 980301
529058 567165
251108 264750
183505 202826
103300 141404
74204 112644
813235 852027
471109 477334
621652 661391
729595 779592
173112 212429
601107 643950
334552 350748
20735 52395
429732 432976
269426 306751
80756 86547
565827 566498
270741 306384
81164 81169
945751 949510
90332 109751
459516 472144
473363 475678
431008 445001
63611 94831
132861 181712
402491 435730
357648 372027
305397 325701
819454 826283
269276 304024
539722 560037
159687 193371
339241 378149
803575 813733
512236 555695
83737 98857
993871 995734
881926 893799
849066 854363
749816 763683
708399 711692
500417 527851
855954 883549
7384 50780
34347 62435
375555 420894
673705 708004
303308 331102
174334 176870
895789 940358
76768 88731
407840 443870
438396 471038
396329 410601
502338 540607
543951 560741
792168 804688
979911 988967
95162 95873
267714 276779
407080 444929
356216 371960
803155 843169
697372 713573
372714 401240
422512 464850
809054 824411
938770 982366
981504 986627
558263 565885
833192 834166
804778 817521
245914 291967
856306 884677
92604 128801
176387 203201
558235 578738
763270 782066
951591 964676
603115 628598
653215 696600
851890 853662
548918 550640
990406 996004
283608 283814
697882 699675
936774 950492
471635 507095
268843 309760
84021 122596
516686 557726
812416 855142
826961 836945
4081 6859
807514 847199
944860 983788
349969 362211
189314 197090
830700 845008
479413 484922
32764 50586
130083 154011
647919 658268
291967 341207
15801 37799
815351 829636
836292 872465
533879 571049
951643 988650
662649 665846
936319 986108
662559 684922
155568 171029
361190 382937
157680 164894
340279 350924
750346 782618
600795 637257
878063 910121
298867 329890
465421 500333
909270 939529
720201 748601
517940 552944
568 46900
70908 87956
242216 263734
314332 326818
114234 151983
848745 882707
526485 550038
190361 214784
846715 862547
983271 989173
202163 235839
538616 553586
538304 579666
690203 723724
686496 731312
550904 579188
552576 560259
130005 169586
680129 721669
929005 946697
864978 884746
571806 600286
201512 237645
244919 292335
926871 954084
224382 228920
695599 698070
48225 97770
465168 492166
956823 969350
1987 31720
68248 79711
127745 142050
381594 395165
217633 248183
108654 140063
134774 157021
22590 33113
739334 739961
482155 524541
346128 349929
540889 589459
21107 60557
82963 100058
405022 426803
240842 281546
831614 835719
444658 473759
868038 893202
329129 370212
46846 77662
381134 389057
481704 484300
649493 695870
263121 284369
58257 96499
15767 32158
865752 899270
765671 768827
593909 609837
313324 346169
315791 318584
637876 675323
534078 570147
467976 495168
9146 16887
46353 52585
802628 803337
288144 292156
490886 506669
987042 994537
972428 998066
458709 495131
544410 550453
27459 43427
955485 959845
60150 100005
955819 976404
830228 862494
459741 479994
355297 364068
812552 832049
493124 497985
810183 823449
3911 11006
58897 85723
990698 994784
981939 996461
115179 130895
281066 299768
252718 285617
942996 953470
798351 801222
944481 972193
664508 685486
654208 691968
121624 167346
555923 557819
24420 58410
324247 336685
639434 683388
473196 516527
243519 262776
767157 812607
898361 927074
334982 370451
322700 345595
960168 997082
581731 614439
333520 361685
392344 417681
149411 160034
203124 252913
802783 814627
849708 897382
101207 105460
508924 533749
844798 869553
879182 905083
346586 391859
77 27286
966769 999834
890571 903204
516688 562132
233193 256992
951661 970554
660572 688927
116689 153694
811178 840804
434900 446777
212587 259374
335932 358180
223525 250703
909840 938419
720035 731456
741908 788041
946431 954019
134674 149578
968330 995453
955740 959828
462915 512469
163402 201542
160649 169378
656827 670733
113045 127330
473567 480493
102680 144251
514312 542611
934487 981815
913373 938573
51499 51920
893025 899895
903496 944061
440864 478117
763716 800714
431553 473177
236512 256734
877795 910602
528063 565825
840100 862466
662517 701717
150903 194492
217568 244253
515796 541751
826330 840881
743155 768481
646484 672244
823091 853244
232961 246377
327723 359331
767126 799955
136930 151680
393197 396452
807248 855829
491755 530544
996306 998165
80596 125271
231129 253024
174696 193447
965926 990639
860005 877693
313434 333299
39813 84040
53559 69996
297797 332515
524139 563423
88530 114437
780788 785674
513948 520113
976300 987126
273528 282626
254808 281870
986144 996360
581867 601438
973284 976708
838886 874990
766057 810320
198742 231062
52620 67339
269210 299628
517931 519514
741789 750403
44381 70432
315711 325817
39673 61561
480423 524359
237458 241818
334570 381999
176566 187844
995426 998061
706253 719109
310033 319047
287795 319885
517680 551362
566780 605688
233203 263193
675900 705296
621433 659405
994534 997387
915464 918213
639366 676011
494797 517142
789315 824859
584200 589730
58451 97189
260090 265639
522122 543028
858435 866961
674446 707833
66713 86533
549313 563732
952105 959478
472522 516576
929200 960485
429162 462401
202561 251554
828286 828590
533113 557418
525976 554324
271991 290177
328253 342143
481405 512618
836935 847468
619424 653414
424333 465719
703951 705329
326802 327305
90942 135631
332552 369246
2882 18939
305657 318396
725774 766718
836107 845346
956353 972032
634831 679951
125951 135941
902949 919127
653472 690478
796170 805087
987114 991986
278026 307471
982947 985048
109804 156015
638218 665397
460355 491294
448208 472087
635559 679878
687701 728910
725089 726782
731584 763589
543209 562491
123851 159863
100710 134045
480237 520904
986655 987455
466959 498719
461513 464171
36480 80517
767265 798331
820976 846371
145564 158191
85159 118614
321464 362373
922284 962262
758237 773878
440743 467565
817781 820034
533259 550263
71547 118913
446774 492513
398482 413007
778277 817621
179363 191331
710339 744656
850940 869180
269825 304862
318745 340797
144232 170344
243935 273895
122358 146963
17475 26621
539429 567559
313984 336860
201584 238687
477994 511031
140582 143923
636915 674514
206803 239396
357889 388666
947129 992788
869799 890025
433977 465211
357066 365763
712741 716563
598422 645661
317185 328874
271796 315024
865689 888810
575426 584762
96109 100150
425768 444626
822863 859290
384316 423046
207216 222130
638312 682371
420046 468501
814445 841455
246297 281292
139953 188428
431110 450829
482172 525304
599998 641650
95440 122656
398814 417925
483306 506897
94031 115875
644424 654999
249829 276392
112048 131425
255685 258698
619928 669898
416664 446389
931526 978277
38330 80494
354760 378218
439149 460263
731144 732582
105539 141358
236048 262668
268118 282791
155828 164119
22507 48548
918029 945178
743967 757155
42394 83399
952405 990700
353266 377224
972736 983919
748152 757098
705347 720228
52432 66551
572354 577370
6926 27597
237593 253592
232832 266314
11735 45020
97610 143812
948684 980051
765821 815072
515353 520737
360470 373097
374143 396507
83260 128637
255977 291736
346307 376419
121387 156918
453164 457234
808194 844343
133642 141502
146534 183101
284734 333979
85405 104879
599103 631234
719746 761717
372875 403113
232920 239065
676143 717003
676763 712771
242405 279004
199849 226584
887260 929213
804283 827483
2078 49369
962397 983053
684873 719715
456859 485897
368596 398706
621262 668716
386005 393358
752945 777063
770763 790412
845760 894900
735937 778403
947778 957153
693925 708545
387355 433246
385990 418031
830718 843351
674867 722739
635240 668413
820570 827639
244731 253887
607320 652220
436629 478899
518672 525199
75648 117044
268229 317414
654411 702398
384956 404363
308886 334515
224944 230122
184831 209107
735585 782568
1254 46941
533482 535731
407840 412079
373965 418864
265513 311980
888031 933450
292797 306241
541533 558660
615367 617787
131838 163038
632141 640156
778787 825176
268504 317222
289632 308992
125725 137145
981669 984638
255366 280653
531776 535714
288441 294860
188485 215886
431314 477713
730246 779560
403822 404935
882506 883869
739810 760846
516649 536330
996241 996281
845429 866345
324311 336012
2389 45104
544395 572122
846809 886404
336496 368374
571180 581952
408704 409475
704670 753319
538520 583367
404035 439472
