1 10
100 200
201 210
900 1000
1 1
10 1
22 22
11652 18990
14877 31616
5846 29289
26706 27700
24970 17523
3372 29569
6825 32661
14546 28189
13029 27059
340 14028
6590 3807
29393 727
6036 9041
14465 19452
13781 25346
22517 21266
3679 21107
20192 12563
2613 22637
2032 16745
9234 15647
32589 21171
13337 2527
20547 7091
19837 32304
13959 32452
18131 58
6241 19480
3008 5527
15894 20827
115 15571
7088 3565
2193 2132
32599 24138
6168 7368
23777 22101
10608 14771
26152 4853
17271 5752
25508 17675
82 15967
993 22454
5677 14221
24480 19615
2493 2876
14952 9767
3529 13388
16576 7083
7472 32118
2623 24937
3541 19534
26454 26421
28080 29135
2903 13854
8804 1697
24563 2712
16985 13619
30719 13281
11807 14399
31668 980
8477 16285
6257 22775
5728 12050
31644 27538
6749 8274
9164 32274
32564 24718
19664 4020
16321 27356
14271 3476
6822 22461
25774 10688
20796 855
6072 1335
6648 9044
12764 5359
9142 14564
20738 12139
15124 28347
1320 23775
22237 26145
14797 28248
5930 2144
32222 20891
15343 162
25081 29296
16376 1476
23208 1507
6397 17052
11904 3794
9675 23393
2479 3738
23271 5758
29742 5298
30241 3633
26937 30073
31953 7697
4906 30294
10755 26751
16373 7551
20309 29727
16152 5709
30286 14587
2612 13364
1645 2929
28474 6963
2859 21427
22788 24805
30671 30533
2215 25291
13179 32048
6010 8306
27759 14248
9077 4204
27659 233
6920 20282
1720 30613
10453 25438
1524 8728
12901 23330
18061 5301
11758 4525
8656 6860
32007 32458
23191 10069
30002 17372
30370 21913
26791 1957
13759 14644
23876 28756
21288 11607
23162 13093
31047 32074
13226 14362
1499 6308
27329 18917
3025 26848
7460 18912
17802 11677
27559 19829
27930 205
18044 13220
1667 10949
2442 1616
4277 9878
25571 9353
25873 829
14850 31759
28186 6986
17286 19470
27605 2986
27476 4912
3273 13700
2457 17530
31038 12070
13547 20717
15190 24324
16713 30251
20960 2023
6078 6154
32585 15982
21388 23926
5779 19731
19761 30392
24793 8814
2526 1043
16533 10139
23790 13502
23145 23467
32189 11148
10826 32499
16867 29771
11713 4563
23465 31567
21179 17689
18980 11518
9775 11030
21908 1352
22514 6877
19853 7046
6587 26453
16064 23048
25172 16483
20247 19724
5078 26149
22853 30990
22421 10069
28502 5428
12822 790
21694 12041
8386 25139
17169 28142
17892 9432
12797 6137
8205 24982
27882 13488
14667 7610
31409 21093
5502 22816
32686 18701
20992 19148
21653 11185
12642 29816
15175 25674
23197 16126
25282 26358
18116 14272
27851 11430
31094 21201
23627 27180
14047 18389
14645 782
20135 27460
3140 7203
24872 16956
14247 4698
32409 4181
3194 22211
22016 23548
20983 21416
31471 11962
23344 27180
11751 20981
42 26605
22409 1917
26585 32318
21618 11226
5692 25223
22753 17510
11421 6966
17339 25604
5020 2665
12240 10335
13978 25253
30609 32542
14931 31707
13422 29384
29107 16476
12883 9760
18364 14164
13631 28785
19947 19818
9697 1428
23898 25553
809 13544
4511 7154
26750 30440
16218 28825
4573 3473
21967 14118
20644 25749
19722 2579
8111 28702
7019 21784
30009 15806
13279 8741
26078 32452
10015 7385
17984 22733
19891 25143
21760 19789
10163 8163
17238 4551
16600 31506
3096 10310
10606 19673
25248 10426
4755 5071
14886 20459
28951 15090
11978 31654
28536 29771
3505 13234
10596 10634
31578 31786
31566 31625
3151 13931
2231 20961
15471 25036
20306 22611
24121 14239
21487 15872
17926 954
309 29896
14083 31766
14846 30254
1337 13222
31521 25545
27712 31779
3192 18326
9542 19857
11911 18350
10273 24527
12028 25793
1636 17150
438 8017
20900 10539
1955 10364
14252 18932
2658 22095
4532 32524
11951 1330
28451 5216
1805 14852
7005 8595
2711 32401
10021 5576
7211 8635
7306 27315
22461 23111
10035 22065
30949 13027
4902 21120
8714 29371
12381 19986
10009 1893
11111 8601
30428 5044
25555 29723
21012 28171
23837 21579
15808 17701
15800 13528
1852 20057
974 26802
20264 4388
4162 32271
26474 13492
25981 12190
22014 18902
10792 28898
18854 29073
10446 12987
14003 23890
25733 30371
32457 28254
555 11843
20942 545
2291 16175
31020 21973
23068 7609
9439 26260
15072 4571
27141 11050
10760 7997
11066 6585
24997 16689
21689 32466
21288 2509
13232 9855
10947 2001
27083 17385
10483 4997
19776 27561
26100 10607
25625 840
14055 10878
24506 30635
20447 22653
9460 14976
26746 18471
9049 19491
11644 23732
1443 21429
26677 16559
21284 15216
24608 11796
28362 17791
14846 12670
28413 25303
26268 26104
17802 9613
31517 32187
23553 7536
30448 22750
6222 32704
26107 28101
27156 996
15561 30123
23037 8937
15820 15506
25564 14781
236 10886
27153 14668
2026 27281
1712 20423
16079 14821
8290 20374
10619 5671
5834 60
13292 2367
21737 13065
21486 25283
15727 25008
17412 2316
9305 9401
16097 21120
522 6055
2524 31089
3984 27672
19428 9399
5357 8479
18777 6223
3775 17131
80 14590
31380 20874
1181 8888
9898 1027
11430 28999
16693 14679
16138 27900
17710 9194
13585 15729
4451 13693
21814 3146
6606 28413
20040 12555
8658 4105
27660 15775
17455 1870
23237 5295
15225 23826
30383 10088
23524 10531
23027 16145
15181 31675
20499 17471
16205 11875
13571 12282
941 3398
10120 7486
7343 18446
13892 19001
7544 20089
8784 3403
22867 8842
16668 20824
9663 30622
32637 11924
17047 6857
16269 2125
8936 22281
27953 26497
31299 28673
12278 5901
7224 18144
25364 30905
31768 12758
6013 12200
3104 16543
17168 30614
19415 11938
22102 26058
30960 7888
17213 2926
12181 32156
24388 7028
1992 3701
30296 22300
7563 17802
12673 15425
28344 10884
6838 18030
1004 13228
11887 18099
26358 16544
3569 32418
26985 2809
13998 11060
12739 11198
29286 18979
49 26113
29851 12321
5165 20097
10734 3174
13122 26215
6910 21976
3346 21916
21143 29346
4271 28979
2186 14605
18202 17097
22375 26847
24121 19970
8593 24646
15080 10202
10136 8698
22888 29016
31781 14015
31388 26773
18988 17701
19189 26747
4472 4333
2671 19089
11798 328
23210 29038
5616 607
27227 9077
7234 3100
7852 20353
26104 8987
26654 25706
11228 12379
23820 26790
13058 1810
28326 9709
14392 7403
21256 25711
158 20123
21473 31234
27464 3842
10678 17173
16651 22543
26144 28203
725 16068
29418 4013
21525 22734
2509 8040
14738 28178
4843 15943
30172 31087
7051 30379
30085 5913
8476 23579
4844 4967
2662 32759
3042 24823
17598 23023
14098 18778
26453 15519
14701 20254
25847 18123
24628 9150
18619 18060
19423 16689
19212 23933
25200 29237
15421 26604
793 8667
28217 6594
27536 4869
31823 32055
16957 292
16136 22422
25689 27410
2812 25259
28722 15272
28018 29682
23307 21898
31797 6463
12684 5826
17547 9475
15446 24491
8484 26486
9927 9321
6915 1796
23645 7515
4988 27677
3446 5895
32215 28456
30204 17257
17403 14897
16623 24060
29213 10856
18811 32370
19458 27945
21083 595
22943 30799
10658 8705
7235 8398
22242 22003
1628 23351
9544 22256
289 31530
17939 19234
699 31730
2939 24911
16892 16419
22463 25185
29446 14970
22700 20371
23779 2590
4833 13984
26869 26826
22752 5856
8894 16605
15308 27463
21226 12254
24930 2842
32158 14295
21435 30401
16350 21985
27290 28466
2709 3134
2683 24090
19935 10932
12506 1800
31624 23598
7152 1075
20601 26257
24437 17999
11474 21545
27955 27277
6634 4616
4927 21595
19181 24321
4615 25617
24751 19566
5099 30639
22280 4656
25703 396
20919 8719
23221 20987
26344 26517
16574 8430
2841 15089
26451 19213
314 21061
20425 23965
11424 27233
22127 23515
15044 28796
11541 6196
10777 31021
11786 19865
9202 14161
31347 26749
13695 28397
12641 1240
19726 31105
22927 27432
26420 25032
22743 15563
27021 28273
30828 22000
14892 24899
17211 13067
21664 5510
19152 20590
2386 10467
384 22261
11203 25280
24931 18588
17469 11752
7566 12089
26607 8435
26388 11382
5282 16604
25118 27473
12141 30522
16490 9774
21018 27018
13058 2920
5243 18223
15630 1394
9963 12902
4303 19954
201 24582
28580 17540
31260 29689
1657 13844
3788 9294
10333 12113
8194 6992
19203 29625
20457 8828
20023 9999
29514 11636
23393 27697
21024 22593
16903 7870
106 30453
10931 11006
18314 22084
20214 17365
3983 13687
14506 28239
19525 28279
2350 23129
19189 14808
12935 30358
20468 19786
23434 27784
5289 7929
17813 2599
13163 22457
23468 6166
1544 8571
13355 11752
31885 23755
20940 18683
8386 16973
7512 20636
21862 14623
16747 7853
17005 9356
9647 10550
23295 15226
4849 12182
32246 20603
28821 7635
10386 13548
4288 24119
11711 3603
17167 17348
8986 21516
5303 9136
13274 21947
17444 25085
21067 26292
28008 6818
22285 19531
2073 26019
371 27364
23090 11100
26193 5223
21602 6001
17429 4976
25846 10539
30019 16995
12010 18298
17422 10025
6518 18909
1007 31746
9491 16537
21553 9733
18579 31839
6212 25591
10241 2719
9006 25941
20460 27426
14620 8216
12919 27455
8791 15023
4410 21165
2971 8348
14019 26526
26745 7216
24258 28025
16197 7669
660 3309
27395 19089
21359 15587
5358 14607
21904 12421
18353 32635
1055 18886
14092 13915
17131 1749
24781 31074
14726 11494
22792 18432
14439 18626
24109 3537
27805 2520
30011 18865
20606 19565
19504 5627
18378 16365
32321 14403
284 5179
22594 31315
4513 32766
7608 23635
31664 9114
5098 11721
17430 13248
17699 12166
22155 30340
29330 32194
10260 377
23536 14305
26405 24774
13535 29810
4505 7222
28573 1425
6093 25922
5451 17190
16514 29645
23335 5391
19736 10157
9728 7741
31656 28829
3358 31689
9359 386
14681 23605
26706 15056
29484 8732
32334 31643
16492 15690
2112 27608
3333 25059
13159 28185
25841 15433
8187 20123
30662 2742
30554 332
29778 1661
5367 2937
21868 27585
9341 22885
7113 28697
7888 12498
988 2591
20184 28971
2875 7851
17789 13721
7243 10227
3674 24602
30527 2613
27968 15386
1129 22962
21065 23531
19975 21192
9529 753
14994 7632
3062 3638
11496 31488
28022 7221
1279 19930
28414 3807
9242 30060
19416 385
28670 24062
28170 11302
15927 24939
3201 13694
11295 21523
24292 1943
27304 6140
20313 1107
6678 25022
8369 801
3531 15239
17327 28422
16123 5374
30890 7199
22887 15053
4323 32268
27334 7840
29775 3342
14364 5401
29896 19485
13707 405
6041 3994
26727 926
6114 15453
13702 16610
2730 25028
12204 3456
2026 29088
28426 20262
4572 10822
1292 3215
19820 16238
793 5160
6993 1772
8469 2929
30253 22615
23637 10154
16442 22179
9323 7089
11363 24132
24776 5551
19334 2629
23282 31623
1320 17387
19610 22666
10203 24945
25673 12197
5856 2662
228 16457
5939 28545
14640 17353
32612 13088
15211 5576
19350 6884
17501 21681
20458 15778
722 22877
13172 9231
2291 21635
16964 8634
26999 12434
4853 14035
5526 1287
12279 15727
7286 10723
13517 14831
19977 31158
18480 9614
25812 25246
15782 6634
8437 26225
21860 18187
29771 6384
21380 15791
24739 6894
11436 30967
28306 27516
15844 3666
1626 12983
25128 20304
16885 1496
27239 23907
21457 32511
22259 3090
6591 31484
22646 18842
28043 26267
28362 16142
30415 11653
21760 4732
10879 12905
26243 25430
24769 27228
29830 25715
22927 1405
9078 27847
10249 8578
5467 14109
29488 32028
28090 3669
12602 10581
12749 13344
24709 25884
13751 13101
31456 9771
5329 739
9309 2097
28050 21489
16084 29885
19882 1325
5924 30287
25098 13731
13211 24352
20321 11441
14097 23442
31972 31233
11686 8351
23214 2448
126 7340
12381 23232
10183 16710
30554 989
16842 21125
27835 14450
32241 7504
16380 586
3152 8440
13999 26927
16390 29079
3891 11646
25802 13116
19404 25079
22033 16493
3247 3010
11218 13694
7607 390
12491 6938
3527 10987
2335 9184
7936 30968
3671 9751
32608 9291
22840 8156
22700 14955
1383 31505
27285 32145
1928 12370
3543 15615
11847 3060
31183 11236
19284 13914
2681 13932
13722 27786
4805 28719
30134 8230
26390 11878
30398 2394
9016 2515
18566 2904
1496 27364
21527 28803
29364 19797
16661 2124
29133 27169
27386 7792
7797 23419
9656 29836
25884 27612
29023 22020
28809 22907
17944 32720
756 4832
28578 12931
27771 14835
20593 23878
22611 23560
16329 20830
16359 10472
