303279 469752
805033 501987
437122 651421
547033 377418
993432 332855
731651 741488
47697 543207
779950 677829
486784 767739
75725 769293
883226 535549
222358 363780
886248 831229
229497 669726
234756 108346
818071 102523
605113 777680
768225 63579
324170 228346
51957 568672
911527 755259
374549 815719
450990 50412
419960 256512
625164 390510
453052 600597
438450 739798
725629 365841
557595 281690
987706 19026
78613 57505
671409 671280
276452 545439
114313 274738
403121 394113
318984 295819
683995 370719
849012 896874
343501 670009
424732 162010
503948 953957
220613 108105
348341 207152
352239 639426
809999 456301
980166 812217
36967 390426
227254 28767
752700 660798
198124 720151
546838 586268
127462 214488
433200 645159
950759 157553
620117 78769
978308 259758
497536 682453
4586 375067
2475 211794
959555 30389
622697 602112
591503 269897
136747 783648
463215 536173
896358 791153
200037 188481
994314 604552
851055 19359
593847 442732
962791 22033
225017 16477
145027 644867
87963 647674
360476 692794
816914 387609
974912 678152
102633 317914
714300 74805
431686 144606
86226 259170
669835 395807
883825 787746
657539 833251
598814 433085
746489 711761
260927 419562
234134 745707
23085 82857
947492 354082
315616 437677
506423 639471
954133 321974
963828 506588
211614 563850
255839 123551
483238 821442
740397 32859
788232 200793
859685 754235
792703 631674
629439 938662
965605 47886
15857 355001
687931 283975
135853 862294
85667 931032
689602 781898
143486 125925
557807 598773
639442 567700
865559 571928
509425 538535
152618 242086
381243 638815
999294 296176
433402 474630
437303 991011
158416 447538
155747 797092
521826 241326
359747 181132
68606 432367
162960 596140
382994 10143
208715 857352
772563 111621
51880 366622
4999 47040
15355 662027
533972 5680
409053 74689
714762 938415
868938 188767
521713 989710
146896 403904
29599 567301
936507 120896
869195 305907
881984 241144
876405 326612
464810 866049
882706 628107
254125 668698
972662 643848
90219 968611
352908 849176
204277 686625
810553 472595
588760 79008
26616 165201
666722 383325
337298 324672
716400 970889
184488 349706
993732 128818
354794 799606
760885 622537
740965 846849
777176 202229
427391 658398
979108 24138
240796 315342
66121 644036
883198 671661
712697 933885
915731 5959
185337 249130
34553 120100
314019 730093
325031 835174
527655 558202
140405 230355
819418 383936
773287 89510
861842 441618
602630 930672
810302 731686
508206 189853
772936 654414
746742 252302
342979 458744
975949 849571
292311 475779
943083 954152
833030 69482
225703 259059
194885 675023
870242 810700
481607 20977
271925 299817
151350 863027
255178 484820
646381 955681
256150 576466
802550 527139
934503 778529
580400 126676
831110 388039
4999 496198
560805 727247
322347 127632
994009 901227
635604 955502
209171 475934
836110 216325
912634 242046
8932 561874
122623 709938
152328 186509
419488 184709
310136 858828
861012 68835
584604 806452
589250 938890
517537 729870
537316 664703
706610 547446
99664 566482
903694 604149
325034 173188
562738 369921
883964 459194
229560 311845
682950 691303
404701 866365
624865 148432
403986 444108
533469 281960
694908 582062
894745 618299
166341 564009
492071 786786
804255 525251
412118 982774
212073 78369
634146 695008
619007 257387
681606 636411
449990 816152
666528 169882
989958 93244
127945 601807
384939 453074
315259 890616
963422 11192
398959 549071
194868 139105
612452 68849
406047 582758
235052 123759
610212 121856
785768 572435
95592 270706
545444 797058
863722 392613
501320 179313
375405 956590
743040 691393
906486 17476
625093 638761
491396 392901
290354 371536
90975 356559
108179 762343
816845 635330
23453 344522
77034 394928
325282 883756
137333 310800
606877 72605
462756 81944
92666 366407
696391 607981
77977 325961
882993 919813
220547 251812
129692 360951
997146 886386
672203 364468
402135 45295
936402 22689
956167 757723
150506 789633
103732 185313
817755 164143
495119 284319
203286 487155
306166 763632
46448 922369
44899 561276
817557 678891
934545 108167
2137 6490
89413 939867
711471 214472
73932 551507
208862 906848
238325 999854
883608 230889
776679 314011
192847 790707
328352 485643
457982 809238
1807 875727
296486 802806
723556 46329
205677 725016
119873 208375
167655 636588
565677 406142
863153 903080
102843 683984
154021 75888
786160 904082
512063 633500
870415 898619
84940 15526
16034 679614
962903 682133
468528 865266
624388 134046
756607 250237
210521 338133
254338 67534
749834 941009
518620 28169
704599 609038
25190 940361
881454 647300
166256 105378
870007 497740
52709 24006
901159 221429
516221 427962
381876 125337
782528 705584
912739 442215
319331 563147
337986 868290
44608 550157
929394 218772
299326 793237
793901 652697
176516 261245
618978 802236
702966 9509
815631 292548
151385 565892
341388 670505
14076 435532
343228 584822
225674 249705
430729 577684
957205 820629
431541 330185
824920 350499
920318 951798
744196 725429
475465 540625
670429 5466
66567 867451
484120 847663
224527 440175
316899 921621
737013 131976
315338 296662
40774 968399
195311 757736
353202 181298
59948 116735
19500 586751
672925 76959
630273 41445
453692 655813
593631 359118
581111 791578
170537 208419
76432 351972
631978 745099
981771 133147
697391 324612
132646 1794
459167 427450
920387 862513
595489 474281
46760 455767
862635 955154
257434 790963
770179 225805
461754 363271
752508 738331
717306 321097
758809 283109
10892 733023
805564 402898
242528 642065
935909 367270
384150 427688
278043 425888
320105 252688
320515 844300
997516 976166
221062 691278
973176 446274
829842 801836
515167 505936
400892 667543
208967 579892
351924 705234
977876 537252
974661 186607
515415 735146
294618 658499
370075 122619
199071 711712
851980 246961
409261 239379
112918 848413
191881 942157
449683 978944
465077 124470
428748 651296
449630 448108
278269 372239
373868 903760
5653 574615
368618 648557
560799 305939
975254 459905
11086 89502
910336 533854
603746 760281
646680 966665
699298 802968
289662 610269
35532 508642
767654 697548
806129 249808
387336 246516
726313 420367
150460 988844
477248 694162
637976 186856
133091 560924
550624 787355
910785 801268
622974 845501
711201 420472
807655 301616
474066 849535
755867 378555
249898 570251
376273 787527
75617 41217
264730 69413
676416 714913
890318 65656
903531 647932
685222 508199
121774 551209
795154 290400
744472 168006
587477 786757
869968 999989
817532 6102
548345 602372
120617 12354
333419 469982
510855 51907
351965 428033
150262 436969
229664 877373
656437 964094
264297 66122
802442 993482
764702 495797
23760 490747
260133 412467
831037 404624
684014 330144
750385 327425
166248 467070
343075 621758
8845 156463
679511 863987
507717 226705
950990 869138
191860 733994
245962 748933
27835 142564
979794 455768
276576 479771
675412 989754
353144 66108
862123 976042
149031 484134
493796 194629
334362 836336
766645 574419
674180 707343
83046 57527
32155 529157
186171 194770
249154 998636
169878 650393
216626 510364
258457 76088
490453 4004
255802 119937
508458 291888
564524 323052
438321 529811
758394 221078
330624 154596
68003 359938
201270 360278
447452 607275
974581 113873
295996 584980
239757 414618
393280 551718
901414 921236
275971 210987
727697 219369
573718 38668
154558 762500
449536 829256
455202 460108
588214 858355
352425 964492
549466 2864
536669 332768
656760 846466
815701 470239
120089 805027
282513 698431
342094 978736
984700 592732
207255 712305
895863 394394
739136 454017
743083 365050
317249 578635
944356 631270
813344 366990
957334 667643
454997 416533
920277 350730
164318 955484
259843 429802
992226 530638
787781 714660
162090 540004
213934 267022
279865 591214
629540 991648
806400 940182
929129 417511
909375 689859
201792 422551
412598 510295
552327 841265
22207 317497
570317 925638
170324 514747
801976 5169
411175 674350
467033 185150
923451 522034
203009 62199
848567 91626
828185 821362
54042 562841
125089 566356
925220 989625
195661 994438
72962 572956
526551 868537
233006 52396
416730 66424
669385 582787
912081 638439
712166 201346
616461 263786
678996 629717
601614 826318
437154 461236
62538 239021
775614 354504
887335 233804
923838 17797
198315 624818
778241 289638
334189 438160
879741 465785
719100 745817
316050 976254
587210 105582
54532 445622
551825 959923
364005 641855
190339 116193
341748 155132
14156 461564
983190 709132
104145 228304
569921 535658
784041 16359
988340 950086
815847 464926
826259 441360
978272 768511
614741 691918
867523 936055
323835 793404
310419 365730
114476 41378
699956 728138
305789 884267
996783 77023
938107 326588
333923 150248
315708 657104
70249 596272
296599 117205
924517 239053
906449 553959
908105 18266
426431 74456
738326 864494
213749 640442
39739 170143
653580 291592
386134 28207
228835 209617
670338 341786
438813 685228
926857 491970
545567 781744
483843 481914
956007 744726
590904 472900
80929 187644
142183 618593
490212 818192
283182 763254
724315 712225
152841 322140
264595 56929
771055 660653
199669 177214
961275 769370
350876 578478
319212 848624
130122 593566
762761 707292
941433 140999
557304 556382
419817 965060
536752 682769
717994 540815
276026 69898
570593 334914
750087 75822
989836 594699
483120 778288
587011 498325
875824 104681
417314 832478
281768 586754
251004 305286
568792 816227
516051 478651
800935 768840
736929 961805
846010 870619
80544 849590
350848 888843
121222 879085
488898 994722
604393 187608
873202 929716
900077 5500
528632 101262
376771 690849
73038 102458
653146 518155
579485 792613
904774 827115
844201 385999
506315 519892
158413 872876
714617 151419
617085 71256
426082 410770
574976 966610
723729 170269
441349 775521
27525 782389
323857 827560
786388 94328
422610 126220
897663 16855
666790 889085
826735 182603
204093 514633
277396 447580
947121 681443
487011 879260
268178 992071
618599 821599
573055 33682
201577 488744
6014 913904
288560 875690
239006 304711
590207 889016
962951 115934
776291 101838
213538 938090
798619 746605
754795 239242
125991 746278
845777 129594
454342 719371
248106 672409
829454 492990
191972 488469
830926 634403
726109 600459
279662 79105
331617 420859
318659 253653
224400 606055
171330 686633
660660 741883
796075 997668
144022 935644
847083 791642
877966 225907
204560 186810
879911 587457
157070 495612
704503 958740
72343 470641
139136 269401
738959 497622
164205 928545
435657 823437
308011 624351
417477 963564
557226 828751
358240 314941
547512 942449
83231 163133
31465 74213
274039 456881
172726 575896
883732 778774
513548 61144
737465 405106
501279 276227
411708 575540
168061 970604
915873 700157
158407 748872
298026 495574
152699 586400
379821 530205
973103 467629
192250 713216
218765 416807
373934 233377
765240 433940
11365 833507
370191 784224
555217 522992
569564 505744
57488 521327
871548 969983
767818 314397
946970 486339
313620 60974
711950 105472
724976 79412
804343 454836
113682 731067
563028 626804
4415 211647
462147 16016
218252 884144
315649 958962
324252 71527
829216 951754
959476 260637
868910 207002
966317 379672
721635 658042
264118 13419
438342 638838
17558 743718
973995 577772
418334 389783
241994 337408
132392 255293
196331 147716
431275 131835
744605 947043
453265 469300
787341 928249
110122 829260
761552 39388
156792 770088
749155 275185
109630 688454
895327 413751
404509 525259
446064 644097
974048 711464
579037 890176
833950 291095
680002 734970
488782 267524
296190 280932
665424 48049
651238 293053
431621 556764
135310 380251
673790 318405
953375 616724
75593 556715
399137 61473
185533 778172
978621 769171
107384 584194
533436 242164
797373 32131
923107 209916
805351 567086
333233 28797
742087 39850
947446 572166
510254 13468
293446 448471
518097 825784
245259 462356
909615 907645
434041 753092
741191 960972
335382 174226
692571 752628
186471 363395
542880 628668
720579 132132
657519 18536
149385 353431
466095 678009
384045 968613
413258 313671
197669 786621
252152 701652
692816 441460
223004 556572
182269 706998
808857 277534
327746 843502
6601 367126
125948 642104
674162 741658
853364 676410
84205 894357
407938 713514
397895 800477
413743 435201
918698 468845
85995 979463
332875 334332
292266 847297
112774 822345
360860 939562
177244 536534
119147 630325
224170 19221
252923 724760
567788 33475
489163 861399
872191 446101
7228 52722
357197 188444
912344 94544
688669 870248
210276 630844
65810 486933
28180 4280
760280 694379
145889 525861
401695 7896
902226 813292
563714 295110
181493 323736
487427 38330
479294 791246
335560 139924
559742 279181
866365 353411
695036 183284
488414 348636
632244 366574
32100 171682
388654 991062
931134 914945
874266 99651
861969 474524
944374 8601
194018 598410
365463 736056
924429 984240
625293 605803
681189 121385
693812 336123
486121 536437
473129 26990
432934 625013
234090 306478
145480 80995
235525 653148
189169 820709
516977 519544
613913 916855
573959 147012
324847 648438
49672 502267
824914 45052
510113 701015
360811 639682
824581 696622
870272 513653
113400 181846
403641 610836
623567 930412
560650 178364
342653 430199
961783 19325
345180 551246
879180 203918
144071 875750
882822 332604
824785 10633
161337 49276
781376 863947
182431 601138
228890 849103
629868 304022
280293 755414
917591 570276
949626 245794
216790 24146
242125 406063
110592 901453
143403 504024
716520 11792
757185 621583
825536 178480
616207 79176
812271 802656
17372 207300
980576 126106
122511 663313
595597 77927
808069 615049
666531 247583
637725 262931
287507 472383
823362 751172
454516 113309
997816 439801
340973 832072
386510 179125
264479 147771
81158 944446
631860 177867
838909 764843
993594 34510
784382 156992
765167 306776
142755 384327
943958 581382
392342 578491
942214 319886
583478 385650
660153 232562
807567 99451
380651 802959
282762 376950
275086 330838
869320 394207
42705 851117
886699 578830
623357 472168
676847 636722
