9973 8841
2559 4977
445 6629
2597 4807
2030 9911
940 4866
327 2187
6701 374
6249 5971
9521 390
3975 5277
5968 5957
7505 3172
1199 9361
6426 2259
2548 4605
3309 5905
2594 5195
452 6326
7269 3712
2113 5709
4687 2780
4241 7373
5003 2499
1246 5058
922 5032
7078 6840
7349 8195
5404 5505
8822 2577
8386 2575
3283 3584
1768 8653
7397 4319
2132 5668
107 768
8233 6834
8364 7166
9107 1545
6326 2084
972 4753
7082 3868
9309 5376
4637 2242
7864 1637
175 7290
6391 2707
6218 9163
9992 160
7499 7977
5089 688
5593 5681
100 876
6859 3592
1571 9734
8225 412
9675 309
3845 1492
9308 3600
5394 1608
2840 1158
3435 1294
123 8888
4325 8029
2421 5682
8323 2800
7147 5702
8984 5717
3033 1446
6447 417
7235 4278
2308 2485
9035 6660
8988 1484
7878 867
3303 5636
4185 513
8680 9115
4891 6049
9701 7579
8559 5900
2288 2378
946 8178
8475 4838
7507 446
5717 8534
7295 8343
6555 2292
2197 4629
4049 3426
5584 6234
63 7008
1034 2595
9092 7799
4246 5510
5812 1730
262 1585
1725 5625
7446 1342
9544 9185
5880 160
1947 1832
2287 596
3716 4511
3233 9122
5183 3413
6261 1979
4087 9688
3209 1660
4807 221
4948 5134
1637 5741
3301 8817
622 2083
4491 8834
1351 1161
7439 6304
6046 6628
932 795
5220 8019
7461 8914
4811 1083
4736 6730
2549 673
5766 4413
6144 2649
7339 8273
6347 6896
9777 6382
9655 560
1943 9206
8763 892
4891 7584
7397 9159
2513 3412
2459 460
9951 6852
6720 9649
9348 6015
5177 2003
6368 375
5390 3906
7157 1685
2870 5202
8795 2537
4841 3614
4330 4884
1605 4624
2336 5016
2114 2315
3660 7232
626 8817
3001 7231
7487 7357
8580 4322
6713 4752
3877 5777
2278 9635
7558 3211
8230 5360
6992 4586
9738 5291
1043 9984
1482 3515
3718 9635
6832 1013
6238 843
3555 3098
4432 1179
3104 7945
7767 8861
2659 9105
4870 7568
8532 9623
2214 486
8293 8622
9258 7441
2814 890
3300 2180
6561 6460
1243 1507
2403 1662
5832 3201
2467 9423
2123 9618
7447 6780
7583 7524
2196 546
3165 8245
2925 4039
5470 2504
9665 7488
8731 3961
1540 1035
9119 2517
5409 6415
4334 3277
6122 7330
6295 8337
1702 4088
9442 5324
9962 6578
6133 5002
4131 6636
4947 9083
8006 7187
2523 9066
5816 1139
5220 3137
9097 9172
9114 7758
9025 9917
8860 4926
3856 1732
8493 7715
9915 4934
9143 1449
2627 3972
2780 573
7285 3838
4968 8827
9524 4448
8993 6261
1793 7321
6419 3014
7187 4256
4100 4553
4077 3162
1786 3176
672 234
5189 7273
7685 8743
6530 7282
6021 887
6971 9560
9528 8315
6013 8651
1977 9716
366 7987
9982 5540
810 2147
2423 2575
8371 3674
5993 3453
1633 2997
2879 5603
4882 4604
86 922
3194 6174
8912 5311
5779 7167
5393 3430
94 6967
7468 7643
5973 1866
3951 8630
9842 5052
5770 8195
4834 9973
7200 1264
8824 2690
5311 5656
4321 4073
2709 2633
7248 3778
9916 954
6056 3804
1472 4596
2178 8853
1489 3444
2960 6495
8736 387
301 1860
4401 8886
1954 9278
9907 6457
2154 275
220 1530
2287 9497
3528 9342
3829 4059
6732 8449
3336 4241
1857 2968
8973 7393
1864 3954
7417 9189
9677 9800
5297 6494
7727 3953
7732 1568
274 8164
1160 5989
4911 7072
6110 6222
117 2944
5659 6624
7548 949
9408 6734
2451 4847
4377 6263
9804 4940
1237 2574
2194 6949
727 3404
9890 9451
9855 6659
222 1495
7214 957
5315 815
6100 1663
2646 5263
6022 4390
3335 6655
3921 9967
9547 1122
9627 5332
6634 4027
1620 712
6042 9556
9071 3620
1488 7503
2601 6351
8611 9128
2684 6058
2733 4938
2557 5572
297 8005
9955 7967
6441 6832
374 8008
1519 6264
6004 3600
7430 6953
1136 7332
4682 6977
8235 6443
7627 5133
1015 1815
2168 5656
4739 6397
6700 1092
406 3954
746 2104
9043 9406
2614 5968
7771 828
5883 7908
7904 8055
7358 2347
1792 3213
6213 2398
5312 8554
445 9945
3911 1649
4341 1220
4764 8134
9592 4071
796 336
6916 3154
8580 7430
1545 2027
6869 2366
2029 412
7393 9297
1646 562
5526 1002
6887 1058
5328 7878
7854 3117
2905 3556
4240 315
6745 7815
8726 9884
559 5880
1141 2497
6386 3787
4605 2520
1589 1415
1325 9579
3434 6497
1185 3867
1830 6936
3281 4878
8527 7599
5811 1226
6412 3752
4495 696
6527 1905
9418 4751
6956 7592
4236 4943
7400 9358
7885 6231
9636 2702
146 2179
9169 6550
9960 7359
2611 9546
255 5160
3083 9548
5310 7911
9418 432
969 2730
6755 2757
7917 5814
5283 9596
3768 4104
463 9932
4478 3920
1652 535
2613 7544
911 7634
6167 1216
5564 2201
3354 2586
1908 5962
4862 4271
4604 7822
3969 8309
9084 5403
1756 2712
9534 3542
2625 9014
2581 6416
4454 1533
1317 5849
6541 9977
5152 221
7802 8378
139 133
3264 6938
791 6505
652 3929
5561 2737
6386 9337
163 6952
5514 6635
5395 152
1880 4345
2016 7473
7715 5588
4662 4805
5922 3048
8193 5063
7923 505
1026 9846
9337 5726
6799 3084
8146 8668
4497 2209
2261 1216
9021 4483
2142 6212
4539 4466
9843 3430
451 3607
6703 9518
4686 1893
5798 5153
3349 9951
5960 3485
622 2617
2636 6573
5784 1023
3641 1754
6217 1180
7857 8903
3975 8711
3797 1403
9361 8765
660 5116
3605 7635
5277 5798
9837 8471
5144 5618
8063 2589
7277 1518
5369 5535
1459 7075
1967 8215
6548 6652
7855 181
5094 6428
519 6517
4565 8491
4513 7206
6018 4362
4651 1130
7189 1458
6624 1671
1836 788
4473 8138
5134 8951
7075 8936
5046 2419
8275 1734
9298 615
7229 1232
9009 4135
3636 3746
7977 2851
6930 6044
1141 844
2235 8978
6682 1446
4614 1299
8489 3043
5670 1954
938 3511
193 7443
3767 5551
7054 2773
8806 3129
2789 262
1858 8947
7670 4789
7060 3649
6122 2005
6739 1101
7790 260
1359 730
5936 6612
6590 9514
5639 6961
527 1492
8912 1581
9 2124
3521 795
7358 5091
8664 3285
6365 8293
7876 9110
7720 665
2616 8910
3034 9378
7172 6516
7618 5802
2231 2896
2884 723
5745 8107
908 2211
9324 5835
9502 3110
7543 992
9628 1196
9235 6776
4372 16
8975 4979
1935 1510
5988 7520
15 1335
1099 8674
2628 7288
2761 6981
7666 6500
791 4559
7838 545
2500 3141
989 2562
3521 7077
2292 7351
8261 1397
2581 9245
4218 3853
2747 8506
7413 2942
6419 2706
4727 210
5890 8914
2035 2172
7811 3641
5286 6404
6929 9566
9704 7643
5316 3491
5974 2356
3571 1602
4646 1351
4290 8767
73 6256
3740 5599
6561 8512
2086 7649
848 1572
595 7731
3401 2850
1155 3179
5284 2125
9723 2317
6353 9541
2779 3435
5994 1760
6232 6578
7665 7366
9147 28
3911 8062
8334 2406
9296 4425
8994 3475
7429 8097
5901 4643
8979 6297
5959 6585
7896 8084
6762 700
9663 8700
8569 2486
7149 4404
3989 3744
2769 5405
3725 6548
6199 724
1782 2144
4332 8062
2046 2696
8870 218
6260 2035
719 2897
6420 1925
4396 5504
687 4539
2698 9182
3078 8929
7250 195
7990 4851
5586 4412
7138 1589
7468 3206
2083 3598
1461 2856
8937 8163
8473 3627
6756 133
7063 7846
705 3647
8818 1451
3694 3039
3280 3311
6386 7026
6727 3173
5042 6527
6445 4378
7165 8183
592 6387
464 2781
2566 1454
6232 9953
7485 3231
4024 5272
7513 3564
8966 8782
694 337
7285 1908
2265 887
3289 6418
491 6444
7139 4186
440 9004
9170 5253
6281 8941
6917 6368
9040 2740
1657 4299
2825 331
8202 4837
7870 4146
2184 3270
9629 3976
8295 1193
4402 6140
2820 1201
2792 764
3628 2154
9880 8170
8788 2790
8084 2027
8938 8606
2556 2516
2741 8634
6457 5943
6921 2897
8781 6818
3948 322
3265 9221
5711 7509
3547 714
5063 2444
4702 2442
321 408
515 5614
5680 8940
1068 8816
2418 3864
6367 2400
1409 9524
4500 6113
8743 4572
3854 7950
4058 396
562 4279
4732 4806
9563 6416
8823 9460
6940 4097
514 7543
3480 1748
2686 1668
4857 2653
1204 1937
3675 3540
7396 69
5523 2112
8786 626
4384 408
1357 1747
4693 5098
4376 2763
130 6052
6948 2527
6390 5543
270 2349
7000 2990
7771 7344
8878 3084
5756 8042
9153 2355
4600 8371
1301 8111
9117 3474
7268 8860
9462 6026
731 5865
9902 8444
2974 2680
6582 9265
5779 3278
7865 4136
4681 7859
7429 5526
3759 3196
3777 7070
1763 9628
2713 4330
1659 4980
618 8851
1960 9520
70 6489
3993 9770
7972 8532
8815 5036
6886 9548
3585 7640
7354 7748
3327 9249
3697 407
3899 2368
5465 9705
740 9600
987 2641
9023 5950
9171 4637
1955 3260
2974 1516
8656 5401
7139 2945
885 8861
3009 1422
528 6092
8373 8009
1043 5172
7981 847
7469 2044
9167 8371
6664 3013
3417 9975
7736 1779
4775 7885
3981 3319
9840 5558
5814 233
4082 5026
357 4007
5229 8827
6083 6146
6601 2816
9304 7903
5265 1059
8627 5600
6149 7719
6572 7663
4607 3318
8795 8753
4199 758
1302 3190
6944 9722
3389 3153
3733 7305
8362 1739
4183 2217
8085 7298
3364 1775
4489 8846
9359 3210
8656 2304
6882 3807
179 3416
333 9195
8271 8007
9996 5855
9592 9431
4191 6499
2985 5162
6052 9386
4462 386
8078 5023
125 7092
1928 7325
5253 1423
4408 5340
1707 321
9331 6825
6918 3620
2083 7718
6602 4817
1170 193
6646 456
9861 5940
4265 8820
3772 1555
481 7529
2597 7151
1163 1716
1787 6903
6252 6594
8361 5240
6113 2785
4264 3962
9682 3309
8747 8862
8034 5083
3423 4074
3388 3292
372 862
7746 2818
327 4032
6497 2603
9136 5007
4911 4952
368 3149
6281 791
8445 267
6428 2228
3733 3297
7532 7574
5979 2966
6183 6462
2841 8323
5023 7099
5893 5126
8657 3680
1619 5480
4974 7377
1756 4011
2042 7511
9987 702
4586 4919
2255 24
5124 8728
7084 4186
1127 9739
2738 6222
6105 5344
927 8044
2845 6031
4267 8157
3160 6133
30 5591
4967 9272
5872 3570
5933 5766
1120 580
9805 7410
9230 299
136 5536
1082 5334
8948 4477
8060 685
1782 1006
4136 7093
8046 962
8197 4746
1678 2305
3596 3990
7020 372
2225 4052
3946 5988
8527 2963
6689 3640
630 3600
5562 7375
5355 5096
1458 8458
3736 8124
3650 3401
2396 1334
4207 4782
2204 1491
6570 9750
5968 366
1664 5863
187 7655
1380 3853
8415 5141
256 3402
1047 4881
2862 8260
9730 8812
161 5719
1471 1781
3540 6566
3601 973
6329 3417
5607 4204
9927 1534
3364 1742
9673 5172
6998 5250
8315 1529
2254 4973
6398 4905
5909 9849
4923 5257
2739 1304
1797 9670
7837 9383
4632 2650
5980 9398
9813 8797
7943 8829
8753 517
6512 7869
5198 1182
3567 9935
6277 274
9171 934
7087 391
7454 7433
5579 9745
3142 4281
3469 5744
7798 3420
7881 3677
6994 5975
4636 9782
7457 3236
9788 4491
4519 354
8007 9914
1780 4690
384 4913
734 1347
6943 8307
9204 2475
7009 1909
5559 7985
406 2209
5735 9468
22 2046
2977 8067
2571 1381
9429 6261
6261 9406
2686 6297
98 7113
3269 8169
7628 8811
3196 191
5888 1315
4908 6139
3370 7869
3214 5573
732 416
1093 3374
5882 5333
5139 1900
3820 2195
1091 3214
9180 7237
9617 5689
8383 4048
3900 4512
1910 11
1274 2038
2251 6616
9397 5131
4876 7710
7178 3177
5685 4754
4902 7624
