1 10
100 200
201 210
900 1000
18 62
56 16
78 55
86 2
64 75
26 86
10 23
3 76
96 69
12 16
44 12
80 31
41 42
68 46
79 57
47 80
64 87
95 25
61 8
41 53
37 49
74 10
98 94
55 94
67 58
20 87
2 13
85 82
62 13
60 38
47 28
42 8
75 6
13 15
97 48
63 40
81 77
86 76
44 36
8 43
60 11
1 6
40 46
96 30
29 99
64 38
47 87
66 86
70 47
98 23
83 34
31 20
12 79
57 79
74 29
95 16
20 45
21 78
98 76
19 27
58 53
31 37
60 68
71 33
31 75
95 52
21 82
67 6
35 67
38 64
42 43
85 33
37 24
25 94
68 87
51 3
37 11
67 33
46 40
77 86
91 1
49 1
90 19
91 31
50 33
30 75
22 69
10 27
16 46
38 56
82 70
58 93
83 91
65 81
4 78
88 84
2 59
24 6
30 98
59 6
347 373
156 110
747 704
446 457
426 445
95 18
424 483
400 330
379 315
499 420
196 135
853 897
507 514
403 452
497 442
311 364
379 339
755 776
139 186
16 48
113 193
305 310
163 193
740 732
475 490
598 534
78 36
489 420
659 691
884 835
798 776
362 321
51 15
493 415
470 445
578 518
413 405
449 434
434 500
498 454
114 139
207 290
449 481
850 857
78 9
34 8
235 271
85 70
373 368
483 480
600 504
437 414
550 597
30 43
596 565
160 199
852 821
634 665
156 117
627 657
148 200
257 206
613 609
435 434
355 398
362 360
220 296
204 214
605 602
79 68
293 270
680 687
110 106
548 586
40 23
48 10
30 51
518 515
443 486
709 720
822 884
128 178
809 876
585 512
675 695
560 502
25 68
754 761
635 638
806 833
392 328
361 358
284 243
873 858
845 818
530 580
705 758
543 556
194 180
588 579
660 672
878 802
180 128
586 585
569 502
682 649
766 709
214 215
538 509
4 44
11 15
439 451
497 422
666 664
41 89
878 878
208 295
759 715
32 88
460 450
430 416
162 193
555 574
231 244
680 612
759 774
137 139
89 65
645 620
114 161
466 454
25 59
265 243
643 642
39 13
830 810
791 790
357 398
499 446
205 209
46 49
447 469
36 31
186 114
352 381
611 681
298 248
668 625
714 795
340 334
877 865
391 332
97 99
281 267
361 400
6 31
767 770
678 651
312 400
669 677
728 732
333 348
716 749
354 363
390 369
846 880
227 263
590 531
5 70
554 561
897 887
141 178
358 330
588 551
118 142
100 71
788 706
403 475
48 56
64 63
370 320
149 191
439 427
692 635
566 577
399 306
369 310
244 211
803 837
734 719
889 810
41 60
562 543
732 725
275 283
571 514
236 254
173 144
717 745
591 573
468 431
368 308
38 57
837 817
435 438
328 349
458 405
777 743
337 328
677 622
136 123
886 877
620 655
872 884
537 518
191 104
413 424
859 865
883 883
54 71
654 617
669 642
856 862
188 193
760 719
712 748
565 524
690 646
197 170
783 775
530 553
8 23
477 463
97 80
787 729
162 104
251 203
748 789
388 353
11 67
461 446
765 733
743 773
331 391
554 559
687 654
864 824
457 432
555 526
494 464
305 379
154 178
62 98
187 117
716 790
585 524
689 624
440 485
642 631
287 300
305 338
835 804
133 140
454 497
551 571
504 527
595 541
774 739
40 32
199 163
410 472
468 405
140 168
659 640
295 296
361 396
368 366
360 305
208 216
487 431
808 861
147 170
214 240
34 86
388 309
497 442
307 325
853 806
661 633
451 497
272 264
518 556
291 235
225 267
356 338
828 864
3 9
452 439
540 545
582 508
593 578
572 555
656 699
414 476
420 477
431 438
649 674
327 336
826 871
78 10
758 781
285 289
765 782
193 162
467 474
200 189
821 829
465 496
677 604
707 707
17 97
467 439
83 46
710 768
733 715
896 894
574 591
513 517
413 449
225 276
774 715
360 320
476 476
519 529
486 450
251 219
816 879
110 130
218 269
292 284
542 504
133 154
130 168
155 137
110 134
134 107
58 36
440 443
466 473
586 585
257 286
397 308
618 663
285 291
639 607
212 227
827 816
251 261
732 779
540 516
168 168
515 517
237 270
818 851
764 730
142 131
768 760
630 690
84 51
293 228
160 194
307 369
235 273
632 665
553 536
713 731
582 568
168 125
576 599
159 194
718 728
179 191
266 236
719 772
381 333
521 529
321 382
840 844
219 242
59 2
793 768
314 378
219 250
311 379
669 671
798 773
109 177
861 849
220 289
143 195
1757 1798
8942 8942
2125 2116
3078 3084
7707 7725
7866 7881
476 405
4995 4934
1575 1537
3443 3480
5724 5722
2736 2796
5294 5238
4084 4010
2916 2969
5412 5405
2790 2774
796 789
5816 5891
5376 5359
7290 7225
6547 6584
4262 4230
1987 1932
5094 5018
4742 4767
3388 3323
6056 6089
6837 6888
4633 4691
8637 8625
9103 9147
6142 6189
6400 6329
3451 3475
2784 2756
5216 5251
2808 2819
6566 6509
7893 7812
68 31
5297 5236
449 496
2370 2324
7765 7770
7887 7861
6377 6315
8058 8093
7350 7375
7692 7695
6907 6963
6650 6649
3095 3005
6778 6752
5733 5717
822 820
6125 6192
6814 6809
357 357
6341 6346
5061 5062
1945 1930
6663 6617
6032 6060
783 710
2891 2839
7433 7411
7397 7399
4134 4112
5350 5356
384 351
7178 7119
6604 6619
5647 5647
6815 6802
1917 1974
7731 7738
56 9
7705 7712
450 434
1729 1748
4050 4082
7673 7648
5290 5280
9637 9641
1643 1621
2178 2172
3771 3763
8849 8866
7121 7189
6539 6520
6074 6062
729 739
2577 2548
564 566
6481 6477
3084 3094
3059 3020
9137 9112
9237 9217
5037 5031
9899 9830
9080 9078
6964 6918
6795 6741
200 124
305 330
6629 6681
7809 7856
3698 3650
4146 4124
6548 6526
1642 1690
3922 3963
8399 8384
8750 8757
1409 1464
4906 4962
3810 3813
6862 6882
604 696
5140 5194
8524 8526
6739 6731
2385 2309
4922 4962
4129 4107
8704 8725
7291 7276
6454 6498
8068 8087
836 882
1766 1775
3297 3250
6658 6633
1543 1578
8586 8584
5807 5821
9265 9227
7206 7299
2358 2307
6231 6206
7609 7609
7421 7462
526 577
4189 4114
7791 7735
6199 6117
74 70
6687 6614
5742 5770
606 678
2212 2239
2195 2146
6437 6442
3225 3234
8577 8555
9075 9054
5593 5541
1150 1104
2659 2609
7890 7861
8603 8645
1150 1106
8205 8220
8184 8119
3357 3332
4569 4513
6923 6925
8320 8398
5754 5706
7315 7309
5125 5115
6563 6592
3309 3373
4078 4099
2228 2210
8313 8382
6195 6183
9605 9610
6710 6728
5997 5984
2042 2056
6589 6567
7942 7977
3709 3752
3447 3419
134 139
7673 7691
604 652
4772 4708
2896 2806
1847 1817
2045 2068
8883 8880
3760 3742
3249 3204
6817 6872
9806 9840
3426 3484
6202 6257
8198 8125
9855 9856
7229 7278
815 813
9104 9194
9075 9010
6389 6307
1026 1013
9164 9136
4526 4514
3452 3438
6791 6754
8982 8905
7796 7717
4619 4669
4983 4904
327 341
1432 1454
9330 9393
8997 8903
2852 2853
1927 1948
623 675
7709 7717
2219 2286
1854 1808
1226 1283
1492 1460
9407 9427
7499 7446
4217 4251
6916 6966
1544 1532
8304 8354
4062 4081
2380 2359
4779 4799
5734 5711
5171 5195
4241 4280
1486 1417
8103 8135
3788 3774
5830 5890
9862 9853
3835 3818
5122 5160
7275 7295
3633 3604
8941 8912
9413 9420
3526 3517
1551 1582
733 741
2808 2892
226 251
5039 5065
5567 5576
544 527
3694 3650
4322 4346
1536 1543
9863 9805
771 705
1953 1918
5144 5150
6302 6328
4168 4118
3875 3841
2460 2458
2775 2731
9478 9462
4028 4037
9794 9792
3984 3938
1157 1139
4548 4532
8087 8094
9314 9381
8455 8442
1620 1641
5536 5566
6676 6692
7763 7770
7865 7880
8984 8930
4471 4483
1523 1512
6532 6514
8437 8426
5135 5197
5260 5262
4515 4517
1480 1419
1009 1019
1925 1926
3200 3102
8035 8061
8820 8872
336 392
9874 9841
1092 1099
4162 4138
5972 6000
1206 1291
3367 3326
3912 3957
3577 3520
9067 9018
8702 8749
8621 8695
9175 9162
8567 8505
3722 3704
6588 6525
3177 3184
5313 5349
7814 7813
1654 1676
717 770
6234 6235
9466 9447
7246 7252
1212 1300
2402 2442
2498 2445
8536 8597
5060 5090
6568 6537
5468 5435
9710 9750
7857 7830
4649 4700
5830 5892
8152 8166
648 625
3461 3402
38 10
2364 2376
4242 4276
7863 7870
6898 6807
9168 9108
3416 3481
3279 3242
1539 1551
7224 7235
746 764
4765 4715
7519 7529
6718 6785
8168 8193
2773 2740
6206 6262
9303 9341
9782 9773
3565 3540
6399 6367
1296 1243
9213 9247
7377 7365
9630 9635
6603 6653
6093 6067
1522 1530
3584 3534
8465 8460
6200 6177
7624 7681
4750 4753
2873 2866
3106 3196
9197 9104
7457 7425
6321 6357
7386 7389
4403 4450
2160 2157
3853 3823
3439 3495
995 938
9729 9705
2996 2916
7658 7672
6284 6252
8090 8021
2537 2561
4476 4451
7232 7264
3074 3009
1647 1624
322 393
4869 4822
2589 2589
7093 7071
1150 1166
3185 3123
5812 5877
4740 4799
422472 422499
968073 968030
983326 983361
34480 34463
218611 218690
199437 199428
448372 448350
272290 272227
674416 674465
377841 377805
448356 448307
450570 450526
98316 98357
722608 722671
512670 512700
169369 169318
582854 582832
933396 933359
667530 667516
154384 154350
200660 200609
106750 106733
147910 147961
683000 682945
343727 343790
795305 795303
172227 172249
918450 918452
292304 292379
797711 797738
767810 767808
569154 569117
638371 638357
992312 992350
515458 515481
898184 898122
487924 487990
52144 52142
873932 873945
404105 404161
238522 238586
628813 628826
626049 626084
88473 88476
529746 529740
423117 423141
777574 777508
20980 20957
285032 285050
243665 243673
337240 337204
934273 934266
726446 726469
980345 980375
239126 239105
747376 747335
740005 740072
610504 610566
183186 183120
37529 37522
200795 200791
255990 255977
62288 62211
935613 935612
121166 121119
935833 935896
258294 258289
689374 689391
383649 383687
707439 707497
581058 581043
548324 548394
823881 823885
475432 475411
143944 143972
489885 489861
70573 70575
779010 779068
831082 831062
209892 209833
534353 534373
941561 941543
306563 306560
535048 535045
518663 518615
899692 899684
715780 715705
675480 675432
126430 126413
280292 280298
904358 904308
187490 187453
890625 890627
890279 890237
253000 252924
437929 437933
613329 613383
477405 477442
591019 591064
542519 542514
1 999999
