6969 9197
5681 8241
6742 7975
2055 8454
6536 9795
2210 6288
1009 4408
5113 7317
4623 8837
129 2931
552 886
3865 7941
1787 2865
7195 7487
78 5689
232 3927
1640 4322
105 3380
1045 7276
9685 9842
3684 5184
1865 4810
308 760
5798 7959
2274 5461
3375 7623
2109 2915
2029 5916
2604 5855
4444 7790
8472 8767
2027 6752
3374 8698
1914 5965
1391 8605
4741 6040
7071 7182
6383 8499
6028 8262
4112 9661
498 6740
494 4091
1777 8693
454 6996
2263 9250
5317 7108
1778 6473
675 1102
896 7580
5653 8972
6138 8601
5018 5114
956 5841
5735 6083
4092 9653
4933 9626
1 4143
4177 7435
1557 8623
387 6545
2526 8344
2690 6259
3928 4064
2332 6053
63 4669
3679 9210
721 1550
2023 2535
3237 8237
1993 9697
1164 3354
5964 6714
5393 6673
6886 7420
535 4221
5868 7221
8478 9418
1877 8217
4595 7964
6193 7908
4271 8029
60 3531
4099 8071
2957 6301
4295 6434
6803 9797
6557 8145
8843 9524
310 1835
2836 9387
4162 9440
641 6831
367 8970
2045 9179
3389 3554
739 8610
927 7241
1866 4238
2457 6973
2380 7858
3179 3327
7831 8467
6192 8625
5164 9531
5376 8166
1058 2243
1517 5170
6868 9282
1338 1560
4262 7700
4309 5001
2016 3682
2797 4615
8776 9359
2462 3921
735 3989
4317 4448
6012 6109
137 5903
2300 5852
1395 8155
7189 8593
5854 8807
205 2212
158 2754
4269 6616
1932 4168
3970 6925
4764 9700
1777 3058
336 9831
988 1384
6314 7381
3432 8658
1882 3396
1672 3676
2138 6691
6322 9402
696 6244
4268 5331
3141 5297
4772 7995
1367 7686
196 1589
94 6519
1435 8894
1944 4351
1522 5088
5787 8685
2568 3502
5128 7522
3733 6149
2970 5467
5792 6055
3666 9892
4764 4984
5644 6521
440 8202
691 9337
198 299
4619 7114
2799 6518
2790 7145
2040 8461
1681 3730
1471 9223
4152 6343
742 7510
6857 8290
3053 6887
3153 9594
4626 6039
3740 4163
2772 9758
1630 1744
768 9222
7220 7285
143 5767
1136 6161
4412 5400
6477 8222
2663 9059
3135 3204
4328 9929
3326 4865
5023 8156
3614 6345
2433 7448
4006 9434
1126 8920
467 9584
1348 7965
2822 7696
8730 9600
3485 9660
9151 9832
3378 7407
71 3300
1659 2310
4021 7139
3378 7888
5731 9299
3664 3971
820 6146
2447 6760
501 1071
3699 7835
748 9438
2062 7914
173 6226
926 8367
6551 7084
3831 4461
5888 6335
311 2535
5659 9941
6448 7623
1830 7424
4429 5502
7259 7915
5810 7602
4424 5996
2512 3109
1566 9202
1031 1566
6378 9933
8036 9300
2382 4056
745 7389
1440 6117
830 3170
1494 3097
2365 9313
2096 9890
8135 8993
6521 7578
884 2198
1129 4990
2006 8354
4715 5001
1999 5098
2916 8890
2722 9573
19 6216
191 8212
2396 5846
464 8873
84 1488
3801 4722
3295 6735
2742 9404
9 745
1614 9629
6250 9797
2159 6480
980 1521
4412 7396
1588 5834
2205 4219
723 6507
1314 7105
3903 8190
3315 5175
4504 5811
3101 7871
5334 7195
4359 4504
6519 8896
865 7729
2258 6440
7330 8608
617 2526
3983 6952
1798 6470
6206 7334
5003 6634
5764 7438
2474 3609
6507 9720
2651 8714
2452 4605
513 8266
3395 9219
1101 5295
8203 9726
3207 7853
34 2202
918 6700
6068 8069
4039 8285
2180 9040
2176 6359
3240 5352
8720 9646
1907 6399
631 1800
3826 5435
6435 8819
4362 9787
2688 9255
1080 2120
616 4946
3412 4275
4947 5616
2594 9984
1328 1716
4213 9755
27 112
2337 3071
5646 8163
3563 6159
2592 7447
4196 4629
3171 6123
4220 7070
5190 9868
3797 8644
1985 9726
1008 8726
1218 9491
232 9621
1516 2329
4405 9287
2156 9303
3243 4975
2180 7436
1152 2141
4250 7213
1326 2790
5138 9029
1373 6785
1940 7397
6575 9677
2251 3747
5043 7471
4130 4214
9528 9615
1675 2375
724 7319
2050 5475
5572 8481
7648 9497
3563 5133
8571 8761
2838 8535
4413 6699
870 9448
8028 8114
324 4447
6917 7134
4425 9183
5428 5499
1667 7778
7543 8305
1953 7331
5645 6932
808 9253
1585 9360
8474 9038
7549 9567
3569 6339
3682 4706
1654 9434
5511 8422
2977 9829
4695 5522
6028 9788
2556 8042
4694 5229
3432 8622
1339 4661
1126 3552
659 8003
1133 6062
2846 8653
3346 9124
2544 9252
6825 9822
933 8526
4013 6001
2121 3685
1078 7876
1487 5017
2080 8661
1295 9854
2790 3983
8165 9104
2144 8128
3058 9172
266 5855
3897 6960
6035 8894
6835 7324
2262 5347
8230 8715
6092 7996
4850 6861
5287 8444
6164 9720
2395 3701
1170 7147
1990 2709
1857 9342
7812 8398
4008 6461
535 3138
2596 7252
6043 9528
3593 4024
2212 8174
2869 4881
3695 6093
629 819
410 8027
5983 9318
3646 8384
58 8603
188 578
2870 6081
4052 8946
4562 9942
2608 3178
3548 9632
7337 8611
1751 7787
1459 8882
4105 5860
6390 8051
1150 9760
2575 7343
8946 9094
5442 7740
5606 8160
5693 9598
4132 9215
4465 9776
1235 6847
9495 9535
548 4915
5453 8052
2121 9041
2102 5575
5857 8874
3186 6398
4952 7305
3158 8221
699 756
4301 9957
3880 7161
9655 9803
1595 4857
2103 2481
7163 8859
1643 5734
67 4501
5200 9013
3175 8459
377 5277
4610 5353
239 1070
2767 6035
3605 9414
7274 8054
3995 6862
6194 9259
2781 2792
5025 5544
5878 9788
4114 9422
429 9703
2725 3028
5884 8603
3383 9278
6172 6780
6027 9661
4395 4710
855 3333
7689 8345
54 5555
1282 3153
7385 8193
3908 9598
2355 4214
5289 6148
3533 5078
1321 8366
5625 7182
1888 5248
3295 6548
5093 7418
720 7875
410 7615
2698 7643
38 2732
1921 3467
5705 6590
4895 4965
7122 7918
5914 7042
1830 4250
6625 8030
3773 4924
775 3142
8268 9776
476 8343
58 5435
6833 9736
1309 7664
646 7960
1822 6539
6757 8328
3506 4736
6134 7032
1307 5978
2054 9556
6647 8590
4255 6647
154 6087
2784 9891
3715 7813
8307 9172
3341 4289
4040 4477
593 8420
3447 4655
2080 6357
5967 6877
1673 9010
1384 2765
3074 7866
925 6194
815 8554
5525 9951
1477 5087
2685 3605
509 5416
1548 4729
3813 5282
95 9968
8391 9289
2521 9203
1327 6441
3455 8100
6089 9912
4648 7450
2122 6558
3584 9687
481 9782
1248 9710
272 447
1158 7102
1877 7818
5096 6208
2527 7324
5727 7142
453 8875
982 6349
2446 7609
387 8339
601 4070
1156 4599
69 1288
2261 7111
4508 8045
1798 7126
3617 6768
6153 8983
183 6815
4042 9241
2597 2608
4794 9919
2244 3541
65 1396
3201 6520
2548 9014
5582 6788
2066 6680
4559 7863
1756 3774
693 8358
4240 9445
8398 8884
8539 9976
2473 3821
3061 5733
797 6407
756 4362
1833 8100
8218 9663
1007 1698
405 9792
314 5317
4747 8920
296 7709
4221 7307
2429 5148
5968 6180
998 8896
4682 8932
120 7851
4646 5808
3307 9540
2344 6403
539 5214
7140 8690
2737 9865
5359 5364
7169 8662
3757 8084
3244 5244
2597 5630
752 2510
2475 8170
5330 6325
5215 8982
8965 9926
1918 3686
5362 7431
3328 5696
5604 9867
807 3507
3095 4955
9338 9603
4422 5324
1813 6124
812 9012
1089 3472
2267 5819
2961 9273
1200 1740
924 6731
885 2710
4641 6416
3287 3595
3372 7392
1252 6720
2646 7978
1315 6679
3946 5181
2446 5449
340 7921
4746 6847
3795 5702
240 1774
6930 7540
1145 6192
1333 8683
1012 4573
4305 4877
1024 7814
3384 5317
6119 8192
4333 6764
1835 3142
3267 5936
1236 1616
1957 5071
3747 9787
3316 5347
2972 9694
4265 6232
6367 7771
3683 7092
611 9888
1220 6421
6881 9912
882 9095
2520 5730
2847 8182
4 6174
3874 9766
2050 9091
1121 9132
5065 7059
858 3757
986 2561
6360 8122
5489 8395
1127 7055
1392 8026
2778 8207
4174 4246
6815 9205
2521 5541
5615 8137
2573 5670
1174 5763
196 6707
554 1815
2890 2957
4822 9626
3998 8717
8027 9196
3378 4467
1979 8139
3951 4415
303 1709
4603 5077
6414 9144
2733 6763
5585 9376
99 8442
1079 6372
1088 2967
3656 9194
5676 6373
3524 4239
2502 9676
3337 3828
2420 5206
6675 7311
4177 5642
5367 9826
2427 9755
5592 6357
5507 9360
4838 8651
3327 5054
1488 8453
7608 7846
1767 3589
1658 6692
1244 5060
1221 2073
1153 9458
2060 3417
8206 9132
1728 3572
2930 7255
989 6638
6801 8360
5163 8522
2169 9434
8092 9517
1897 5134
677 5068
2807 7973
6907 7035
107 7730
2670 3495
382 6308
1453 2838
4664 8190
3331 9330
8318 9711
8492 9497
755 6201
4599 7688
233 3178
2597 8227
1175 6754
2478 6056
600 5160
5477 7665
4007 4071
707 7087
7115 9517
54 8002
8126 9592
1048 9030
1932 8725
1399 7422
6414 6420
2779 7893
6718 8777
6179 7221
1879 8548
7437 8063
2684 3490
2953 3545
3814 9731
1271 5831
47 5875
2529 8881
793 7125
4403 7991
5415 9061
1595 6633
9124 9229
31 7669
2145 5470
1988 2781
6475 8367
212 2372
8594 9303
1957 7444
7269 9068
2881 2891
1269 4488
1554 3470
5884 9325
4580 9646
3556 6095
2882 6546
3176 7486
2531 9967
3071 8549
7179 9180
368 1551
425 3124
4528 4858
3239 4701
4957 5306
3420 7667
5965 7842
5801 5869
6041 7343
6074 6647
730 4078
12 553
1691 2496
4043 6814
5768 9942
3657 5136
3817 6627
5269 8352
2530 4524
5047 9873
6612 8273
1995 7279
3763 8418
1908 4155
2740 3380
6912 8483
2631 4433
1705 7113
2480 5228
5975 9888
409 1166
2046 2832
4427 8556
5574 9837
3151 5369
5078 9362
1364 5203
68 1496
5148 8169
7256 9236
3931 9577
1463 9237
2137 2915
6651 7486
8764 9692
2065 4806
20 1752
2499 4439
4048 8787
4877 6521
726 4033
246 9616
3514 6132
1299 6891
4723 7537
4773 6630
1484 3419
1272 3609
3180 4684
5666 9774
3938 8273
669 8579
7121 7712
6292 9423
4603 7101
2008 9997
6273 6478
1099 6330
6469 6511
2364 7380
3084 8780
2080 4860
192 973
4660 8326
184 213
1504 5897
951 9672
5289 8743
2465 5641
1822 9486
1527 6993
5451 6668
1495 8146
71 1763
3610 8657
796 3765
5695 9932
8087 8094
8870 9261
438 4458
684 4837
6012 8563
3988 7754
1814 4787
3517 4565
3909 6207
7354 9090
876 7893
862 8633
2462 3079
1123 7284
5127 7179
3201 8504
306 795
2132 5151
1566 8520
2832 4816
3778 3970
6187 9823
3959 9789
1483 1990
7264 9003
1858 4100
3127 5003
153 4159
982 7444
8508 8791
1504 8541
1246 6857
6276 9052
1052 9617
355 3395
1621 6675
3487 8906
124 7117
1994 7300
5801 7689
1196 6605
313 1520
2275 9744
667 5686
1820 9773
4801 9645
3049 7882
7755 8315
6118 8977
5228 5654
200 1514
6988 8108
3805 5702
5032 8797
2673 7307
5319 7918
6234 6246
2452 7786
3153 8484
5403 9389
254 9268
1702 6966
4890 6618
4282 6965
1820 5738
1725 2773
5441 7920
5971 8434
5876 8726
9007 9146
122 9152
1645 9649
3188 7042
7656 9365
6484 7846
570 6241
5509 5673
6021 9320
8139 8472
275 4602
2515 9135
1141 2208
1427 3601
2258 8811
347 9379
3137 8114
941 9008
631 5944
2835 9784
5020 5693
2696 3899
3056 7969
4803 5349
4464 7363
1538 3559
1880 4525
3957 8736
431 9416
3033 8630
315 6529
4325 6346
2078 2573
9072 9795
4930 7232
2452 9218
8988 9568
3739 9230
4079 8750
3825 6633
1511 4268
2801 5717
815 2453
6051 9211
8731 9975
9057 9682
