104 199
106 116
82 256
75 237
42 206
187 172
243 252
228 71
125 195
85 249
28 233
232 142
119 91
47 100
52 160
202 155
103 51
14 184
50 89
164 91
38 94
6 24
89 234
95 213
172 179
206 199
156 181
85 18
15 131
117 66
34 62
221 136
113 234
63 162
66 226
253 104
63 2
127 152
235 221
108 151
144 57
93 43
237 177
60 252
51 176
61 85
237 25
220 93
3 27
255 68
252 251
171 59
252 42
210 231
6 61
125 149
118 217
191 98
138 250
93 188
169 154
16 150
178 236
242 180
6 240
248 1
234 162
59 230
203 12
204 209
73 72
101 190
32 36
31 169
29 124
101 198
21 116
91 198
95 76
122 100
60 113
101 37
18 159
10 221
171 213
173 243
28 17
176 60
52 206
228 81
73 72
22 93
188 112
35 26
187 156
126 246
12 226
27 29
128 36
249 42
249 165
28 20
182 203
79 233
153 51
57 225
122 78
62 53
189 96
79 120
251 204
109 6
173 135
34 44
171 27
86 163
191 113
182 116
60 5
93 212
55 149
180 176
227 241
229 159
80 51
22 74
254 131
79 170
9 113
213 179
139 42
85 73
155 11
189 214
15 25
169 69
173 92
244 143
77 216
46 156
10 67
230 7
197 52
176 206
164 133
128 46
174 213
119 72
223 51
29 237
75 197
49 247
33 36
134 109
252 179
8 5
245 237
12 186
33 187
135 196
63 6
242 237
218 104
52 184
154 81
164 228
21 212
218 53
248 95
161 243
17 169
247 6
149 2
191 181
189 69
121 251
74 106
231 36
209 27
219 106
107 127
77 127
82 38
180 73
133 84
59 149
252 50
154 145
51 88
69 239
156 189
234 230
38 208
9 246
234 227
95 84
97 171
211 179
209 134
251 85
217 54
233 213
103 131
101 153
218 169
136 118
102 113
91 139
64 99
129 42
69 223
125 166
138 79
88 90
212 82
174 173
135 150
129 237
24 229
134 242
141 13
103 242
125 193
125 188
35 253
229 103
219 98
12 100
176 99
189 132
181 106
48 59
256 176
40 23
148 173
8 32
185 110
18 53
46 142
240 80
138 213
183 100
54 194
200 229
37 132
104 217
238 151
19 237
70 58
3 217
230 11
249 158
120 10
210 166
151 194
245 32
150 171
131 203
109 74
175 145
206 23
105 187
173 123
167 243
181 169
203 154
179 195
56 43
204 9
208 98
202 196
129 95
111 4
41 219
77 216
107 26
238 211
212 154
77 122
140 1
35 87
155 213
25 210
255 229
218 206
70 164
146 199
2 256
202 43
218 22
2 68
48 239
22 3
136 98
125 20
99 159
106 253
115 130
206 114
102 167
63 172
74 208
114 76
207 59
118 168
80 119
235 127
101 256
130 236
98 254
255 196
156 104
192 14
234 141
127 79
51 190
250 125
141 107
200 92
165 61
3 245
179 238
115 23
237 244
2 78
241 1
17 140
104 208
154 81
92 24
160 143
213 153
11 98
4 210
189 168
14 191
156 192
172 15
214 153
2 215
230 243
215 247
126 63
198 23
143 34
47 46
176 3
199 186
100 202
139 32
113 152
223 13
87 138
27 44
34 28
2 8
14 217
254 140
23 195
162 165
228 208
211 147
211 153
76 54
98 214
86 210
109 52
222 195
189 248
238 223
20 240
230 33
200 227
172 222
165 78
130 137
29 84
27 239
236 103
37 77
60 122
31 169
173 252
107 105
244 89
71 7
72 44
39 15
14 211
236 179
32 109
59 60
193 85
43 172
187 79
249 247
200 23
159 116
18 9
220 5
97 35
11 168
78 50
182 92
4 161
14 35
14 72
94 206
156 136
121 87
214 113
77 157
135 235
16 153
243 236
157 84
14 168
251 91
217 177
182 220
81 195
254 94
10 91
43 166
227 164
252 184
20 72
85 155
50 100
51 36
79 207
119 92
118 114
183 78
34 108
41 114
47 38
208 56
129 250
221 99
157 216
26 177
31 110
75 80
210 125
116 32
75 234
124 193
91 50
14 124
157 55
238 203
92 189
3 220
182 223
62 83
183 88
3 213
197 77
37 150
201 152
182 19
129 49
211 220
98 225
87 254
23 68
201 114
256 203
78 182
169 139
8 95
226 10
52 167
86 88
60 30
239 241
48 111
33 3
74 130
227 161
128 249
228 72
106 228
18 183
153 186
66 160
25 35
169 76
201 254
163 5
27 145
245 74
255 22
76 73
151 46
233 22
38 204
93 144
175 110
70 71
40 135
230 64
170 142
139 114
139 45
118 165
189 107
239 187
128 58
3 22
104 235
44 141
183 136
28 101
246 98
172 29
232 145
92 145
31 230
3 169
18 120
78 206
226 60
136 97
117 139
119 220
117 162
105 43
41 132
144 30
229 59
58 205
203 149
93 233
122 95
146 139
215 223
88 184
26 224
25 142
106 143
106 222
48 210
9 88
85 152
118 58
210 175
6 156
68 98
133 189
193 22
72 151
244 159
78 13
126 102
154 231
244 3
197 35
212 205
123 41
100 240
98 53
158 103
208 225
200 84
158 136
105 229
30 92
131 108
104 1
209 2
231 197
4 171
231 216
119 97
256 218
80 97
14 238
199 222
206 142
49 107
22 154
79 51
245 210
158 93
210 111
94 184
51 97
99 25
56 217
122 55
179 201
151 192
182 93
157 132
235 206
238 256
103 61
50 91
14 208
183 223
62 20
150 112
117 248
136 172
209 1
227 131
202 121
66 127
214 223
2 192
172 240
191 18
44 240
108 57
191 35
23 252
54 172
107 170
164 243
86 116
243 56
246 188
176 55
59 133
21 60
68 192
43 2
209 86
242 61
142 176
95 164
172 148
80 22
62 243
8 147
102 251
202 91
182 121
145 240
254 166
44 65
101 86
67 54
172 52
114 57
227 208
221 142
99 44
164 160
30 171
50 131
165 251
221 91
116 109
74 113
18 117
177 119
203 243
172 118
38 29
174 9
236 138
150 78
181 57
238 210
228 31
84 136
26 48
226 141
157 44
253 174
160 173
36 106
160 207
223 197
235 141
205 214
22 99
36 203
155 17
156 126
47 240
6 72
31 231
212 187
18 208
105 178
125 140
27 28
91 250
224 69
134 173
27 155
15 62
101 169
78 1
39 124
240 44
196 14
18 151
201 36
103 49
213 227
188 239
254 22
232 221
91 109
137 117
8 151
178 108
64 255
108 102
122 91
145 61
105 162
212 49
197 58
97 153
28 28
136 25
50 111
245 140
220 126
256 227
20 177
78 83
175 186
184 40
20 72
101 124
234 56
172 174
113 12
71 140
40 206
164 89
60 152
228 23
21 227
249 41
147 71
123 65
256 51
104 19
122 204
143 99
3 58
17 115
70 87
254 109
36 161
197 95
57 168
118 77
138 110
117 28
180 240
92 179
34 195
198 155
143 84
254 145
141 14
4 210
100 1
62 135
162 2
229 218
169 90
38 50
200 155
77 123
138 168
46 171
107 243
69 249
70 66
137 210
79 140
164 178
141 225
56 46
227 29
7 139
118 44
189 61
198 9
184 79
177 229
249 27
215 62
19 28
127 155
237 206
39 144
127 179
113 183
224 83
211 230
221 72
17 153
133 215
162 60
37 82
32 30
108 246
91 126
17 217
24 253
166 62
141 37
240 253
219 207
79 173
180 43
244 197
196 120
155 101
179 191
182 210
220 33
199 54
158 215
15 181
212 180
243 96
216 226
92 178
177 170
94 100
212 82
40 151
201 194
251 124
129 176
77 92
208 20
146 109
234 160
34 189
83 20
28 43
245 119
220 165
32 58
9 244
139 48
138 83
242 133
206 114
52 27
205 4
46 94
112 23
253 145
212 80
164 239
122 153
102 85
61 133
142 69
120 24
117 2
107 102
134 56
215 185
82 163
188 127
1 44
150 253
188 105
76 96
87 197
248 188
26 52
65 167
121 184
191 237
185 41
82 62
96 40
247 178
202 178
48 202
221 197
199 153
45 18
248 132
215 239
63 240
34 127
150 154
55 84
134 239
124 215
45 220
254 35
141 200
212 188
145 177
129 87
73 173
105 64
48 63
46 111
46 79
237 195
233 35
23 110
18 146
69 62
109 66
96 249
9 51
181 154
227 53
240 43
225 88
106 17
150 151
127 195
230 107
134 206
142 156
59 159
45 127
220 154
193 59
146 201
109 70
98 80
122 82
122 91
169 228
107 63
122 233
1 95
83 134
44 224
33 103
126 78
229 89
231 165
147 120
110 256
190 207
79 55
32 200
145 201
171 251
7 37
227 7
131 54
141 175
21 173
21 147
250 249
235 224
158 126
88 11
125 21
217 203
75 249
146 220
193 61
214 199
97 185
205 227
238 89
145 2
6 165
148 255
158 127
223 59
252 54
69 120
74 29
66 148
21 211
111 213
15 69
155 111
253 104
82 234
192 226
235 197
135 127
196 36
253 162
94 248
215 162
111 32
190 176
179 211
130 34
167 145
102 66
255 98
322008 322080
506216 506291
293900 293974
715341 715407
66127 66197
289730 289746
300621 300693
826274 826308
448355 448423
910823 910911
756294 756378
332736 332799
978111 978173
771680 771685
528324 528350
587072 587106
680773 680818
131224 131242
343616 343637
735731 735761
742415 742512
739430 739527
248985 249076
864526 864602
365567 365632
94150 94204
938881 938907
41479 41558
999114 999149
578119 578170
693556 693599
552729 552732
202930 202997
716519 716590
832275 832373
877096 877123
132552 132557
755065 755150
332918 332953
470910 470935
237673 237682
559898 559971
921850 921879
218659 218749
492896 492972
463008 463055
702543 702585
592849 592906
245698 245788
86541 86617
409542 409614
926900 926922
733844 733920
527245 527311
378476 378559
467115 467180
661177 661201
240443 240444
390505 390590
747344 747377
823353 823446
445227 445248
91369 91441
815967 815970
638250 638292
32246 32298
233230 233298
776331 776370
626202 626214
111780 111879
243463 243547
98908 98931
367422 367464
286544 286570
807602 807653
802386 802482
894828 894854
756751 756825
840442 840442
812636 812658
74258 74353
620854 620921
132809 132889
582210 582291
2536 2586
102178 102258
871255 871327
847053 847096
654169 654176
520899 520963
414580 414582
5822 5917
993086 993109
303094 303166
870770 870805
104075 104113
854665 854686
667776 667834
20984 21007
172128 172181
973246 973276
641641 641666
278168 278178
976254 976317
172829 172900
502262 502301
214381 214403
654671 654704
221770 221797
85606 85663
666505 666541
30236 30326
673083 673094
45681 45692
514212 514226
462321 462367
17789 17833
322031 322034
591906 591949
336160 336197
696359 696420
827742 827778
390272 390332
188834 188933
413917 413917
39175 39247
303715 303754
641371 641462
543905 543944
854885 854965
294219 294247
833341 833394
898113 898141
913694 913766
310285 310335
487278 487344
354174 354245
46663 46681
183281 183373
729785 729865
734498 734594
796813 796906
13092 13148
391963 392043
622368 622448
582431 582473
200889 200987
633793 633883
983344 983442
420250 420278
889864 889921
641115 641158
208592 208608
410748 410820
352310 352380
59470 59535
619196 619217
453913 453930
278004 278039
754264 754281
582645 582648
355990 356025
948500 948573
129125 129171
56573 56625
736663 736714
718274 718293
290329 290412
420538 420567
460201 460212
744504 744602
949508 949533
125679 125765
961968 962060
780774 780851
872464 872543
765637 765702
978042 978053
668059 668072
955862 955886
254915 254953
102393 102439
134785 134849
729917 729950
752378 752456
701924 702006
679840 679891
481773 481774
410832 410834
561054 561151
330555 330632
691308 691347
72148 72234
966506 966545
744944 744963
314284 314295
876112 876180
298912 298958
983168 983259
85922 86020
531825 531921
487814 487873
290717 290724
801444 801493
360139 360223
662299 662371
607081 607150
327128 327223
567258 567344
478661 478663
560717 560739
20230 20251
860569 860575
533756 533770
751847 751852
594217 594279
400958 401026
172229 172259
153175 153194
119270 119283
637415 637498
856420 856438
935834 935876
664739 664779
255066 255140
632177 632193
938033 938112
782833 782845
486138 486199
526938 527025
955311 955349
733802 733827
666832 666868
512626 512667
364682 364748
921227 921228
584498 584512
49223 49313
136854 136914
122946 122980
562390 562479
241592 241622
408705 408795
715516 715574
664351 664447
475168 475176
976391 976408
784816 784823
890170 890256
92785 92859
845098 845191
243014 243051
455698 455796
605245 605310
138411 138465
39780 39805
208764 208771
501012 501072
612927 612950
421328 421369
861887 861969
917487 917584
438463 438498
107267 107327
592985 593054
426370 426415
122956 122984
743647 743707
599104 599104
318603 318649
443811 443819
20642 20714
499969 500001
368684 368761
823605 823662
122252 122334
702311 702348
780156 780203
529256 529328
829352 829444
601160 601237
290294 290331
741211 741234
637879 637963
655775 655840
73303 73317
298841 298881
826851 826876
785332 785336
802444 802477
617763 617828
966257 966354
827787 827836
624001 624082
459080 459143
478919 478986
982689 982727
23943 23953
260676 260721
443934 443953
816349 816372
949599 949646
489326 489366
814084 814131
53323 53374
601704 601724
751575 751605
870162 870256
219635 219651
658716 658808
568321 568334
7803 7851
953962 953987
73534 73579
278618 278641
81011 81046
492632 492724
513537 513577
634220 634309
196952 197041
86616 86714
798751 798838
596307 596368
238092 238185
270207 270254
880483 880582
77307 77373
664065 664094
460641 460725
693716 693773
29321 29365
688063 688077
744857 744884
550354 550408
28985 29063
101316 101389
550544 550623
545531 545561
269306 269312
930115 930152
742538 742565
960236 960270
771268 771293
258696 258696
989039 989138
222741 222766
776117 776170
632183 632271
982367 982459
269632 269664
507244 507261
751583 751627
867207 867299
532113 532157
488942 489026
259393 259464
652237 652335
534494 534505
881133 881191
574955 575006
128404 128438
654710 654772
323701 323717
604292 604308
135959 135990
332906 332921
90067 90085
423764 423848
403247 403332
987430 987522
328985 329006
678884 678899
778528 778610
231484 231572
407635 407734
458312 458390
486456 486555
56037 56043
491449 491508
530394 530415
683209 683226
531682 531705
967305 967381
281073 281160
507231 507257
328543 328625
581169 581236
16903 16990
400903 400978
215171 215242
251663 251674
201869 201899
562353 562429
505745 505835
280898 280984
864978 864987
934719 934784
132708 132723
218303 218338
899416 899482
48647 48685
299712 299809
789834 789905
636005 636064
790284 790316
595757 595846
620988 621070
265667 265759
824397 824425
798779 798785
525551 525560
641260 641323
425195 425215
849864 849947
927257 927316
872542 872621
367003 367028
107007 107053
486223 486289
695875 695878
282566 282639
437276 437285
510043 510123
969194 969284
633478 633498
869286 869327
207594 207638
13884 13887
516047 516132
492203 492208
698302 698322
392075 392135
23171 23227
936326 936359
90884 90962
663933 664021
217192 217199
111660 111744
991095 991128
779317 779327
93186 93248
755150 755222
916291 916345
232433 232510
721074 721083
296220 296251
884383 884409
593934 593970
306151 306161
731352 731405
10226 10230
388375 388439
175028 175045
72867 72901
51473 51510
796074 796173
73280 73322
253947 254010
330795 330888
244416 244461
238652 238715
508351 508368
493787 493851
742292 742359
346579 346591
62778 62849
157229 157261
930805 930890
299349 299425
106203 106246
331820 331883
80727 80796
366827 366898
579849 579866
447121 447160
347085 347164
698556 698627
747844 747933
716218 716254
972605 972682
271688 271741
765134 765181
253396 253426
613783 613822
584471 584493
395381 395422
482937 482965
115557 115598
633129 633212
528398 528468
468928 468956
434052 434054
729720 729761
316426 316518
570829 570863
267960 267965
777446 777530
475440 475478
116767 116842
614557 614559
596516 596548
612384 612481
627771 627779
273225 273230
873214 873295
498126 498214
278369 278432
142287 142298
165502 165531
250668 250738
716568 716614
3412 3489
733773 733836
73992 74051
514340 514397
875017 875055
495016 495096
574652 574665
592215 592261
734794 734852
90277 90331
849200 849290
556283 556371
101593 101607
309670 309713
753747 753783
556297 556395
829984 830005
964484 964500
130341 130420
33453 33471
210678 210772
808809 808896
713701 713736
328403 328468
598778 598854
97744 97807
314620 314700
269439 269462
254214 254254
604861 604882
443261 443288
851285 851330
266933 266940
42110 42208
396658 396727
957565 957645
665464 665499
574962 575059
559628 559644
189872 189920
205752 205844
307825 307832
37143 37165
605601 605669
448242 448279
67730 67777
305846 305889
542972 542978
961581 961654
148947 148993
67944 67952
772166 772228
59283 59315
637680 637710
203581 203589
711894 711955
707428 707437
831059 831075
802669 802721
138493 138556
53241 53277
58697 58788
288927 288955
194698 194713
614801 614836
784231 784318
239867 239932
427662 427757
546471 546473
161254 161299
496067 496078
479405 479440
999686 999714
267895 267931
788993 789007
525590 525591
830023 830104
301415 301442
472891 472925
366511 366587
2478 2482
86651 86694
489806 489887
871426 871484
243936 243971
522260 522355
846243 846304
851424 851459
597978 598038
722840 722931
853116 853176
240829 240917
79768 79784
603086 603137
260899 260992
644794 644845
754490 754538
304346 304406
762417 762479
919041 919125
774926 775016
400182 400269
169252 169253
884932 884991
83000 83030
193966 194040
445977 446010
554210 554252
934832 934862
697128 697144
942907 942940
715340 715425
136539 136575
977488 977490
60729 60806
916685 916775
469581 469597
453389 453471
624535 624628
99317 99366
870411 870448
501561 501626
176913 176964
831949 831991
644367 644386
596693 596775
769962 769967
297749 297800
967963 967990
267949 267979
44961 45027
838652 838741
386165 386205
606052 606116
202035 202055
248891 248910
265293 265302
893886 893930
687567 687643
195190 195214
286961 286963
483047 483068
116284 116383
805900 805972
369535 369536
301502 301526
548442 548499
160599 160627
194990 195069
698891 698963
2933 2946
540582 540669
934394 934433
81712 81726
684184 684282
482244 482269
889906 889957
882692 882780
548314 548339
92483 92499
233932 233971
960658 960746
286980 287061
690809 690843
280517 280600
162879 162958
368276 368326
350933 351029
759856 759886
853023 853047
675251 675334
586712 586731
771178 771208
998455 998511
62368 62397
93160 93247
319469 319494
784986 785007
690538 690542
464008 464073
594380 594475
56866 56947
798481 798530
689333 689391
824608 824662
118799 118804
375985 375985
495126 495130
381190 381286
821065 821118
560653 560682
777624 777697
686741 686755
19112 19120
834525 834594
687442 687511
346120 346144
430126 430179
830596 830679
463402 463424
64362 64410
235509 235567
405650 405663
589010 589033
685424 685477
394800 394878
179622 179696
493027 493054
233450 233520
785026 785102
381820 381839
971940 971992
634725 634742
239303 239311
691011 691087
92911 92957
258382 258462
568696 568795
460929 461023
663283 663338
523965 524049
959066 959130
745318 745410
802984 803019
96306 96371
879183 879197
830024 830052
584298 584309
712268 712287
192679 192721
17305 17377
21110 21142
781808 781817
620008 620016
988542 988589
97418 97497
224877 224942
53854 53860
303189 303192
942789 942840
833955 833955
105028 105102
881908 881982
507120 507135
695915 696012
165480 165510
751920 751935
273625 273720
205008 205055
393622 393650
810234 810258
345843 345891
797981 798054
801481 801486
663833 663888
341356 341374
477376 477411
944487 944563
294757 294839
425845 425852
213387 213470
320257 320258
105780 105833
422133 422148
50083 50125
549433 549517
865728 865808
883450 883549
875419 875446
439446 439523
324751 324751
980510 980562
582029 582077
433791 433830
868430 868458
94395 94450
195537 195599
4319 4326
993998 994080
786094 786138
189587 189682
668661 668664
813114 813143
866847 866920
231525 231576
536725 536731
900290 900323
822702 822723
117141 117191
201189 201220
421776 421808
548076 548087
189755 189852
161757 161852
241158 241239
849063 849101
909869 909915
718538 718560
731473 731518
757973 757985
49573 49575
365542 365577
340096 340108
154194 154235
277014 277076
106598 106680
287142 287220
299212 299307
248843 248856
316507 316553
258095 258139
405014 405096
314673 314719
534165 534194
585203 585249
950093 950175
483004 483047
957674 957718
957209 957264
12388 12397
430719 430801
631431 631449
904801 904871
569625 569693
308863 308944
561949 562033
583298 583375
522133 522203
789952 790011
182277 182368
298936 299030
165663 165665
836051 836142
997960 997975
626058 626118
339441 339533
73740 73778
488167 488231
142880 142960
204777 204789
158681 158758
137160 137216
309718 309780
538885 538885
111596 111689
564110 564155
482783 482793
61983 62043
562208 562281
227980 228062
805698 805751
996797 996823
742441 742521
266151 266218
96184 96235
434189 434194
707595 707677
200290 200389
564692 564729
670641 670724
216683 216740
281653 281744
578001 578031
292252 292341
676009 676043
972071 972085
732662 732725
410951 411010
820710 820797
995574 995654
723185 723258
805457 805459
19927 19950
982494 982567
575419 575442
61291 61366
14531 14578
154909 154953
446365 446455
91784 91811
268969 269030
968795 968889
535094 535112
421 472
197367 197383
764303 764374
469962 470054
266589 266652
170479 170504
758197 758262
691608 691608
731149 731157
957022 957036
701298 701339
681420 681446
207553 207589
866571 866593
942083 942170
912289 912315
710757 710787
736024 736085
632477 632568
222755 222853
928708 928784
153585 153680
274249 274329
993478 993522
478408 478467
457838 457896
854052 854054
871897 871911
655560 655599
159941 159999
763848 763873
942931 943002
934372 934460
184693 184723
711797 711878
137801 137862
58200 58294
422440 422509
408929 409018
952774 952813
72884 72886
673873 673933
657468 657514
666033 666067
630840 630848
292118 292202
357284 357335
61138 61179
156033 156127
895946 896028
146305 146378
418704 418726
477707 477778
370255 370307
591881 591955
91251 91340
609509 609576
9173 9200
995245 995315
708431 708452
927215 927238
932137 932149
698393 698487
446727 446767
459790 459837
495883 495932
145488 145554
764183 764184
372141 372210
950264 950307
738645 738661
469946 469999
647662 647687
917348 917427
296383 296453
76872 76933
621551 621607
475880 475947
654338 654404
298872 298872
175581 175628
553840 553932
824619 824704
954147 954189
106852 106915
443846 443877
359126 359128
795842 795887
905344 905404
807489 807554
272967 272996
575148 575224
76877 76912
48742 48774
14668 14738
617917 617925
782575 782625
708465 708483
303840 303926
121959 122008
973278 973343
351189 351256
180759 180857