25940 21215
842596 847319
546855 543368
341120 346001
993926 992463
447340 443651
349624 347288
165397 162649
842253 844243
403642 398903
790027 791099
217888 222805
492519 495668
386164 390336
525491 526888
625809 625587
95808 93131
305781 302610
938132 938045
395996 398852
422392 424817
303806 301263
130929 130213
110122 114558
575054 571799
670810 674319
736270 733803
950946 952889
975421 979686
108557 110405
697435 695981
590662 586790
430808 428152
305277 308348
558015 558528
534013 530590
339284 337788
192902 193215
245311 244601
530115 533096
354088 356203
533696 537021
372326 368836
573196 576913
222354 223011
709423 705087
971710 971711
546206 542663
277819 275790
332092 327162
745988 741410
948254 952266
178425 181605
781392 781797
954304 949882
103485 102835
687163 682192
549937 554602
85420 85290
20809 16165
233243 236090
469839 470931
99638 101307
340401 336458
354215 351174
231907 232620
428320 431549
732901 735693
499010 498477
852797 851106
151102 152403
776929 776231
341349 339746
833484 832704
36676 34968
79174 78638
739435 741985
21411 19892
778709 775213
13119 12287
436810 436864
25990 29803
816173 811758
245791 242917
53314 50040
556189 553427
250919 250808
691269 690303
322604 320123
813987 811175
813077 814036
382392 382549
872633 868839
100006 101899
598155 600663
693868 693741
414510 416581
771113 772221
165210 162149
645437 648942
142292 142672
493405 493649
990615 985674
285185 282349
711790 714688
970682 966952
226812 228837
456142 455134
609087 609537
275167 279012
463436 467078
61314 59504
383403 386502
428361 428351
140505 139174
703692 702760
499272 500367
731353 733803
778814 774884
76211 79806
268352 264289
713480 715245
491693 494694
704680 706673
145177 147460
131321 134087
909625 906883
676802 673152
185234 183988
555145 554673
896653 897439
412380 408095
409190 410849
277687 280511
680404 682822
29364 28270
624070 625083
452277 449515
508848 509285
701897 698189
345663 348585
834903 837497
344463 347827
339719 339622
123891 128314
110177 114245
372546 371397
703649 701542
505435 504605
575311 577025
244680 243516
95789 92817
21287 17779
435543 434549
797234 798439
52642 57391
775381 776653
273555 273731
810504 808971
75078 72948
506182 510462
378985 380709
283182 287703
855354 856884
710885 709079
539840 539216
843920 844004
143900 143168
520702 518821
865417 860491
695329 699964
248919 248323
57288 53984
241800 240039
24430 20843
537842 535124
612908 616960
567293 569985
746126 747223
430347 425845
740560 739360
64594 65956
19531 24439
469386 468274
904037 905450
636187 632402
307640 303258
607151 605139
889496 887032
574798 576019
565230 561249
131273 131534
378535 382059
65614 67812
961491 961188
463223 462019
616257 615951
769483 766941
933182 934541
729158 724510
623740 625021
449259 451049
508963 510900
817096 821242
44443 48834
557950 556044
23900 27021
273808 276895
15032 10684
112284 112471
12700 9496
469205 469925
969563 970344
225781 221066
518332 521341
75895 79799
635412 631085
111658 106944
75452 77442
984348 984461
51995 49219
384176 388716
626963 627886
548258 549763
458548 454001
251868 249481
345243 343921
798233 795283
332634 329062
615481 620353
602195 603595
508077 511398
564796 562611
74641 71476
708537 706614
436740 433536
518225 519903
388225 392129
670802 673087
321449 325156
432478 429022
331776 336419
41499 40922
226765 231047
81886 78019
921500 923931
845144 847516
126207 127484
633790 637362
586407 586241
338136 338319
320649 320064
683014 682203
168280 171486
520298 519774
760556 759242
875811 876782
803742 803841
881622 878671
507064 506990
711611 707429
971216 968595
662226 661833
574485 573594
419585 419799
21803 24061
433439 434991
279572 277807
979618 977336
85265 89651
823340 825719
923357 922364
476000 475598
546690 543901
921802 923677
965659 961651
632336 635039
521612 518739
150177 153173
191318 192955
294458 298875
117155 113315
695590 697588
740365 741212
115662 118313
176453 181280
748592 748063
571167 567100
59625 58671
74177 73650
201944 204708
313764 314969
551307 550545
438317 434961
757558 762120
251052 248972
552386 557146
19509 19777
148759 144486
794977 799175
894600 896430
411754 415961
440512 440526
931766 933882
953401 954673
490130 494869
520422 515448
45432 41855
15665 18047
881294 881342
548086 552467
26389 28945
696929 693864
459257 459488
588437 590074
969326 972152
457292 454756
96674 95860
281159 279108
441585 438105
962420 966713
510739 510677
117294 121180
107812 111472
438432 439302
86216 84355
29360 32152
672126 672750
405145 403539
251104 253321
744677 744084
225278 230114
366191 364829
511573 509375
775505 775039
427442 425898
58532 61274
278927 273934
191781 194727
19081 23704
732208 734876
201525 202774
313418 315095
961300 964397
65110 63499
437780 434736
132867 128724
368220 364999
726411 724839
798273 801342
572654 574817
337541 333227
804683 804853
776551 777428
447914 450370
92281 89241
176417 176155
224962 224844
497633 494138
275840 273457
176536 172253
440589 443893
534777 538224
485352 480966
737025 737654
616137 620390
841950 841912
985220 985635
357933 353281
991205 987643
529301 532132
229222 226900
468215 472863
799497 801027
843064 847258
505315 510097
902350 902331
571352 575078
695667 700456
885587 886073
776621 774358
888872 890775
546467 548875
272852 270776
523023 524741
617727 613502
36969 37824
857303 857230
834361 837404
263725 262435
116173 112505
599608 599183
769652 772921
180985 179287
371265 366471
713526 713364
916823 916978
583114 584730
508793 510854
219934 218470
267174 267359
841719 846176
98686 94660
593585 590940
927797 929888
24424 21418
255326 258519
520380 525156
616730 620094
305542 300970
268490 267219
120094 121998
788763 788250
910581 910932
90302 88936
171082 172454
204630 206072
324366 323063
328282 329056
228835 231704
475385 473590
467668 470410
952892 949522
698996 695646
141227 136687
45909 42809
922393 923562
911706 907253
20135 16181
932556 928126
816289 818861
51178 46945
51452 53651
354965 351564
56066 54953
687558 686218
912086 908895
535016 537209
344965 343934
436778 441570
38900 36612
614358 618512
763774 765173
653169 649968
11458 10629
591798 592277
727760 730173
656627 661518
936042 932914
773436 775737
328787 323987
571581 568550
303607 302594
192439 197112
680180 677953
180333 182615
641867 644857
213735 217005
813270 810937
586990 591489
760966 758311
601755 605858
135152 136169
351445 352983
215327 213964
681460 680302
293530 292871
901504 904423
345075 349930
564702 561620
804597 805303
335636 336358
680203 677465
703988 701461
98191 93676
534835 530195
422245 421395
549652 546029
65944 67822
520501 518075
552870 553052
280785 280666
29347 29252
92950 97105
619058 621456
496473 493875
251402 248165
143756 143068
433677 435285
245437 241597
564043 564696
51165 52022
174594 175120
991366 989678
198991 203092
443107 446347
623153 624303
527705 523310
30322 27614
384782 383447
335639 332542
601093 605020
567440 568350
261785 264830
143223 142640
711011 709169
547692 544565
298135 302604
308056 305020
476905 477576
206017 207787
456879 457636
696439 694273
613854 616172
534229 531355
825706 822817
303535 307802
852217 852971
814589 817914
948173 947097
366654 362293
790565 794218
9825 11479
906469 906263
327281 328860
403277 398826
495888 498815
749982 749638
276260 273462
108328 105628
753974 755416
370869 374960
910376 911904
493972 496954
738776 742071
309348 305376
375093 374972
882670 881185
431194 432578
980792 979771
187962 191968
730053 725798
356136 355306
218441 222381
516082 514042
139378 143030
272269 271160
199111 201687
39993 40130
471314 470453
457382 455744
744608 746846
51267 48287
61958 61590
223957 225430
691034 692199
870954 870415
790930 791738
275858 277833
336335 333502
798945 798173
28277 27138
536499 537630
11639 9695
933889 929117
527500 529750
966698 966248
602399 601115
244068 244815
482407 481151
198132 196089
882868 886909
99795 98975
134770 130113
790388 793998
90837 87294
247546 242845
279133 283438
472789 469129
275164 276178
752981 750106
891687 892345
10973 10371
875795 876367
607022 602369
341255 337235
447013 449801
144459 146154
435614 436737
450994 454227
48001 43458
89103 91159
936004 934522
144251 147935
403979 404557
174601 170193
81702 81643
300412 298339
760061 758462
923105 923723
342475 338112
558587 556993
959021 958923
894131 897972
623575 624200
406941 411091
205892 201314
432919 428427
899371 896283
891040 893637
202484 197694
694942 690396
494148 492473
341222 344095
868694 868760
621642 625095
455682 455301
149777 150006
145612 149483
103978 105981
70230 73027
258219 261705
825167 822459
220742 221876
44854 49390
842025 846162
609920 613554
161835 159664
557602 555901
352066 353780
517707 513091
510055 514733
472384 467564
126784 123791
866938 868416
874372 876328
178053 177522
120211 124664
191990 191647
441919 437024
525080 525949
933496 931537
890681 889772
88510 85822
153075 151228
705333 709718
49136 53005
813359 815812
897819 898368
883781 884687
197885 193755
694786 699036
129196 131239
119134 118189
476893 472217
337334 339229
69433 68126
541741 546165
24311 23553
329631 325775
136936 135800
278805 279133
496713 501516
509775 507554
464148 463723
843647 841087
772702 770543
455722 459530
703817 700296
328078 331527
434845 439287
379784 382110
83202 86011
696958 694298
296085 300504
673866 676748
929323 931464
146015 141669
914956 916959
707618 705368
155309 154655
339449 343262
286672 282214
203604 206330
256233 259804
496479 498907
564769 562138
777384 777406
175705 173482
54409 50081
449467 450328
936508 936071
440658 440620
327842 332837
101874 105305
227720 222963
900933 901066
79148 79267
34912 35820
337622 337857
335282 336231
71731 74992
532371 533239
125234 126410
64243 59807
876876 876510
822951 824979
929753 933417
993374 991215
379443 383273
526032 530406
106155 109273
687629 686137
450180 452188
463269 459767
538810 538931
213783 215946
817601 819471
39940 35638
712563 717251
591313 587790
173513 177029
86529 87595
57324 58087
152767 155791
705446 706630
427819 426740
113841 116656
148259 144437
69897 69984
700717 702063
259721 259057
206977 203532
237671 238964
368885 367977
372709 371457
190220 191070
28435 25805
313359 310714
477223 476996
276713 280078
760325 759650
232545 233386
592207 592029
581307 577376
916341 916688
202486 199196
794809 796854
867747 866567
123456 121672
245503 242987
690781 689656
957856 960403
684852 687435
481422 482363
594524 594383
444740 445357
353015 349830
946297 951093
63487 60262
764121 767581
229425 227881
325080 323576
795868 797506
134169 133363
470199 465547
33758 36188
961673 961350
898613 900353
868397 866394
200475 197063
333099 333436
550019 549029
598436 600511
181095 183106
207799 203277
506930 507593
138332 134314
876478 879251
387895 385178
523001 518545
494415 490145
614559 616976
86576 87256
678601 679839
950672 953048
339208 340379
62129 57574
933077 932120
532695 528702
530900 531953
11787 9191
243649 243726
258101 253642
906538 908888
25045 26118
493556 491540
321154 322571
245819 241752
382759 380375
679483 680585
139853 140128
135228 139869
963552 968501
333850 329626
79996 83682
242281 240929
297944 297052
893179 888689
564037 563395
27405 26442
988818 986929
434941 438553
643418 640734
226042 223319
384268 385914
679938 683384
795785 791337
902721 902298
594965 597019
724993 729364
722673 721596
529460 524665
729212 728349
18345 21888
167295 171064
147863 148760
777734 774261
850128 849189
931972 929447
951212 952366
791743 795861
114708 118450
772916 777618
890764 887940
455310 458054
308389 304406
645854 641797
442278 438667
823902 825294
498308 495054
598753 595739
120317 117139
59310 58164
714522 714406
692159 691528
405043 401595
932640 936212
115908 117649
746845 746325
343725 341508
57811 55135
175067 173854
781682 783869
664331 665214
743032 744707
613779 617702
84043 88537
466290 462116
139372 138376
454047 450708
501224 496920
49814 44981
526488 526204
316057 317999
418410 418631
589785 588441
227225 230183
741335 742377
410659 411439
67966 70909
829250 830979
521215 525631
328439 329938
670595 675450
56936 58064
603305 607618
344169 344345
584138 584148
259041 256464
415317 413673
233371 229233
24721 21374
331376 329480
172850 170981
807207 805853
885478 882205
461368 459907
565228 562243
107439 103208
977086 977235
758228 761329
227815 226575
784847 786581
399573 402359
525166 524410
221743 224692
616236 617577
258943 262499
182359 179020
798878 795448
216067 220426
838000 835176
693299 697149
793595 797429
876497 879854
197121 194451
304876 305848
197513 199383
510573 512347
135431 140343
496677 495964
106120 102550
123644 123875
211192 207357
117035 115563
206704 207647
15487 19388
121103 120068
647844 648964
871130 872023
610909 608659
93360 95622
725835 724907
339092 334452
543150 547090
159972 161538
969190 972249
305946 305557
797009 797751
994445 992260
321574 324765
326893 330666
289476 290415
276379 278585
333946 329287
599935 598555
396673 400439
853916 853459
168136 167543
331032 332817
673440 678000
128405 125204
464016 465742
605358 606334
532159 528725
404892 403556
538144 533763
29453 24763
404265 403326
217970 217722
912377 914245
729208 727984
677636 682189
186101 186094
452293 451430
40753 45217
400886 405076
316543 313832
445016 440150
886183 882509
24139 23853
109364 111585
264501 262387
390160 389620
535710 534112
187648 188328
541730 540759
797635 792888
440508 438282
35411 37681
971162 966778
320662 323493
161582 161373
442090 445091
551243 554545
444414 448486
828550 825323
420814 423709
429780 431270
772720 775519
968231 969554
964992 962182
796354 794255
231618 233540
705966 707831
772000 771169
948288 946626
52554 52800
698375 695887
352166 348693
497935 494019
794806 797296
680475 681052
247175 243235
342332 341546
14144 18181
588490 591292
209931 209790
117699 119425
