1 10
10 1
100 200
200 100
201 210
210 201
900 1000
1000 900
1 999999
999999 1
930887 289384
636916 692778
238336 747794
760493 885387
641422 516650
490028 202363
520060 368691
513927 897764
383427 180541
455737 89173
595369 5212
956430 702568
21531 465783
665124 722863
703136 174068
979803 513930
723059 634023
898168 133070
18457 961394
478043 175012
377374 176230
544920 484422
898538 413785
594325 575199
664371 798316
803527 566414
268981 776092
241874 759957
999171 806863
497282 906997
420926 702306
336328 477085
126506 660337
621730 750847
925858 661314
353896 616125
100546 819583
233368 898815
990365 515435
313751 344044
426809 171088
947179 117277
393585 695789
502652 705404
612400 392755
95061 999933
993369 549677
210013 947740
698587 636227
297540 348095
480571 140796
960379 651435
66602 97468
612903 710098
570493 573318
260757 926653
560281 997302
209442 724287
429690 953866
346620 228445
744730 558441
108118 958032
905772 738098
890676 834482
698928 120710
777857 704568
872354 179498
276966 254587
964684 455307
28625 406220
332872 51529
48830 805733
530020 409504
363369 258271
486716 959709
518150 226341
700724 747797
2246 142619
493452 122847
243556 892922
597489 192380
888229 537765
792351 469842
441501 165194
87765 757035
324915 470125
275857 936988
346492 373744
148366 322228
281937 709860
452552 151433
899229 316438
975408 153276
276122 901475
794396 468859
661238 36030
573794 908236
894429 65819
231012 366144
639530 335929
322405 318777
255764 964444
854539 114614
436841 118607
344819 2905
670689 235129
67918 797370
466997 569918
987744 43325
512184 259471
295500 298491
206726 689773
755591 385645
268140 617506
469787 502955
338083 907670
388465 308543
939508 110198
228805 759356
278612 376349
127829 573623
887344 949300
35569 195747
755423 354341
613811 23312
321802 267606
473731 425662
811306 44879
178737 229321
248627 79445
503466 648523
473417 586709
213259 408283
167638 412925
305625 442063
532037 962601
911900 433453
145551 419380
290072 947469
487132 900974
684931 903882
845895 808934
370164 158661
387982 657200
252997 548900
713774 152960
739669 272814
681096 187191
116467 952927
911341 365085
327685 422091
855543 443377
379108 755937
219757 517446
418419 669180
89413 706888
32173 103349
262010 451660
625211 402337
467588 166343
319302 878207
667373 697714
401256 575322
44600 864820
229905 517722
939812 955940
915668 73941
346229 311706
829151 811128
996659 565985
789225 763921
867270 602423
54082 821397
740085 645631
811973 679293
73851 207673
905386 647626
739300 741223
606043 306641
340714 783899
256191 352299
942591 280525
108582 688210
499337 288820
371156 937733
218005 495995
614770 160380
981777 85274
247256 668851
348143 721861
445885 575580
223206 421994
679568 867622
690614 962505
262755 801962
154260 31327
828203 518945
723507 613203
902022 936785
390869 222843
235190 789529
949909 608873
210499 849959
518809 448037
686249 457754
33334 383304
321649 132134
999755 772891
251747 517568
319530 690369
238047 514501
549798 473789
86991 66250
3034 273304
12498 505364
294893 910254
519126 247687
613997 761153
209189 245976
703730 649158
32461 895437
543922 253415
26305 870461
388028 60029
266749 278051
308903 707557
697698 504795
571044 858700
132003 301040
806404 90429
682 144501
908539 617648
895152 36160
282135 522536
171693 104340
516128 502216
755630 720505
590965 60050
636430 298286
576336 495344
202901 903178
407972 885239
260290 416950
717989 495368
585796 392293
53145 40744
658391 102830
655341 961683
570 553542
174233 453827
956043 172262
409118 690361
266762 228024
526310 82
495426 903191
806368 618997
504235 214678
631627 730691
226058 764525
673169 349615
390359 328206
947387 726313
204347 565101
634995 602727
56553 204917
893530 325579
532291 528947
756971 302648
819081 799052
218594 799632
418628 830858
561887 541313
788356 439215
720091 193513
59480 14413
858970 909611
152275 966190
47642 806356
925434 356621
77889 198988
524567 498339
27285 487771
790418 56857
372261 300607
100238 125850
473060 107206
648519 35218
990784 34946
228459 436874
967638 710874
620484 804290
770479 826608
149315 772758
645730 334472
533460 591101
89439 723619
211389 58026
631234 633075
933682 518158
160359 3494
110700 550271
101840 633418
668364 275570
228795 92623
319848 413174
217463 196432
539391 456683
745792 504293
355116 205058
796158 391522
631492 888575
462952 401948
35022 359232
393741 610538
614031 485055
35326 554099
187517 241082
33003 653517
746140 372232
785405 261797
974581 582339
39022 519219
539863 513971
235380 784813
692686 894978
299905 31537
433484 324177
199760 279208
889745 984858
469912 593500
663951 20128
777561 505237
675106 367819
740050 810564
588712 421245
519935 41806
77376 563292
593615 558956
343769 133590
544919 828994
376883 552806
876983 844823
124031 326718
311575 593094
186594 530127
550254 781487
803075 850544
734714 327815
138378 478180
415776 474763
32920 727089
806733 935711
11018 110295
760236 400347
745692 871138
423944 305154
666329 122574
449292 300926
894019 306711
836837 277218
575056 596964
963859 387091
714905 378131
372662 698572
689686 369634
613074 304790
756852 722605
349251 419806
336504 767869
639007 109486
414640 82196
721121 62950
880227 80968
387678 686764
963982 290597
887561 740866
127956 539037
433519 367771
66343 359212
245197 322533
627322 272380
994985 858271
794428 384173
152041 344235
970073 647284
245831 307399
370348 901064
982031 966951
653715 250574
57523 886060
626925 134048
189436 945083
829205 271233
630444 622955
945487 411899
684279 875641
250263 89160
989684 679263
539849 561042
208325 141724
449123 26273
927336 454155
937458 335822
102748 909366
311777 591172
725219 160270
621704 938702
209934 914654
53960 450908
862807 356729
748721 515798
121309 547085
742699 515335
76377 110992
252716 798899
825172 801053
771560 218190
554011 752507
178225 709017
816540 173110
333379 490001
945054 58110
489115 955082
405990 671339
28068 59427
575224 785148
332232 776788
292123 696533
323876 591282
390180 884851
202255 576591
311132 215351
967858 973814
199182 381495
554604 146082
152434 15721
590182 887983
359416 97488
768826 79297
138723 765405
550552 796893
90033 230298
443182 399135
990416 898507
299709 767058
860000 380596
112298 501963
475777 687484
68978 80155
742588 191310
723383 139933
544267 895022
508861 313564
909212 903683
669087 277686
590931 564286
794584 735991
651477 197315
95821 754117
37526 641893
538840 395529
897491 897526
101361 651137
247644 889619
80929 170338
826622 506583
917956 804311
634226 370889
274571 426816
220854 543438
107723 460009
712351 811784
9098 418658
689127 363828
522072 621270
533150 726652
140529 60911
228399 430640
836611 241889
928578 992394
498977 433891
754553 755200
126088 416932
360100 388778
448567 400658
377018 580953
392736 72642
491299 89369
453196 918185
55806 696777
423429 975267
552529 588955
19594 80309
322198 297279
289673 372556
806446 250775
522326 305001
238284 560998
466128 648413
565422 598383
179335 914694
987335 942440
548160 88422
522958 994986
691762 1355
492973 578763
167717 631542
711851 561853
375483 703663
76218 550400
801174 665155
486507 399016
476365 839852
488264 724791
323173 942492
373538 570038
28829 18860
107281 360872
355857 576988
578342 146591
725353 563971
195512 587666
149518 893070
113084 907362
974113 41352
706507 189301
104668 291639
131490 709365
434155 581033
39876 136105
706142 273680
292539 413413
290637 734970
311957 916171
62761 162845
726815 406650
994315 304466
713887 922327
346040 660184
701536 826970
532622 320153
611791 924394
150110 637290
734674 259632
395736 584265
374296 774549
704314 101878
353199 666834
99356 994950
157794 665156
588157 678469
982934 400961
323287 98824
275359 213172
40141 185678
22182 493246
933991 572762
210051 150324
409955 84101
668365 461076
235625 322043
423920 42660
225845 456290
451239 293470
474977 841552
520020 125384
526344 63134
161957 19305
232476 365982
68012 953667
446913 788968
361730 90193
756869 380903
465003 88132
549208 683175
5217 649719
692378 301184
757473 945488
238958 434574
276126 725063
366798 713934
293419 312497
848154 893142
775475 971727
925394 596981
385949 843486
450031 372306
269560 264030
352161 206899
406425 734563
384281 417720
718903 411642
873481 593011
27584 992727
234141 628790
342724 303709
132558 600939
10432 152494
124221 980711
577691 785906
629392 49614
938271 963639
227668 79422
802672 207830
458744 96181
513900 209096
137089 843025
952387 749155
258233 10570
155711 979970
800031 492374
609664 498434
167280 932588
429650 620095
922352 291500
857465 7340
487331 551743
147516 312087
519916 231350
843882 950187
675635 495012
854388 874134
623288 812723
339644 806774
786743 881520
890245 495355
510140 103125
552064 16260
636354 677419
485270 981713
505405 558706
626800 342734
654820 992735
740436 774316
240854 691088
702451 100670
974803 916488
245563 556838
363611 598090
995961 585206
596912 666705
769830 402558
418817 623404
300822 321893
303606 571523
646580 302444
161529 325362
834448 273379
564046 332701
23788 574883
675552 804900
721387 242590
799427 650354
764795 966949
68507 163037
346093 277108
679665 665418
288821 115922
954167 98481
186355 105995
408438 774124
99485 832934
106313 86318
419018 933932
25166 186710
991609 959157
201746 217070
867423 712996
196296 1172
680560 148570
425677 264802
446572 26653
658926 105341
720173 251744
874090 613092
903567 906528
255813 798879
885197 3051
453334 362125
65187 304214
263371 478500
695569 56795
286142 465116
982640 79343
744264 482438
263591 663199
206203 169940
791632 226514
478258 865129
994572 511805
934684 352347
151226 898139
417541 190496
68973 36422
340635 387227
865726 134159
190953 120357
585473 77646
673340 993447
475884 568112
747662 417604
587543 255826
482340 470217
335345 379175
407331 960597
829295 846268
260758 342014
48861 980520
533293 194651
581877 117833
251991 390280
510636 963954
41599 959296
952742 96108
180571 714938
132541 944977
200802 444585
914801 720084
615610 199493
676441 766497
612764 22940
881305 505736
2607 389874
584524 930165
564350 52252
442531 682752
646705 816340
291987 953166
565626 688303
919592 761080
222408 262548
707132 568485
804920 939562
139054 621932
388428 420529
959820 815495
837582 517544
423769 841124
287640 840188
892439 524644
207395 851989
184681 851321
804487 854099
58753 993019
754099 886464
149011 494696
63180 976506
916067 856143
994426 868099
804979 571473
386967 382854
416749 764798
122273 224548
581087 840517
365160 409913
261901 989878
841198 572554
943004 962933
955952 162036
48499 518108
529155 710050
202907 713862
570004 592335
976785 635326
206798 564429
463634 781764
546561 110116
851015 880382
720898 185186
595098 432101
938330 602409
691314 373350
852635 295880
457915 634317
668776 808586
34987 22766
736627 197931
306617 237893
389570 306630
387410 799753
581516 596367
222834 367396
247777 644429
829614 73848
22301 485027
603787 941063
830764 960630
256509 295101
929417 683398
491983 230776
253541 114545
828827 43321
797566 506519
329500 651795
451547 187135
299854 716909
84304 33063
193843 522687
596535 848433
849811 539808
480870 618835
95816 453597
748697 827985
511383 352325
99452 194466
825362 519717
563038 869344
375862 654188
305982 360603
64089 705361
938621 273880
823294 363942
886629 22925
387709 17136
556943 483163
101997 753871
207467 554164
898501 197812
66488 472516
183333 926235
445951 682291
551634 8694
662881 525340
402294 927495
632855 485214
275445 466383
830324 571476
110752 98739
115874 716952
716466 14812
768682 189169
259684 334814
48978 492500
965015 674536
600770 115465
314108 148347
673392 563073
88412 865741
309588 852624
337837 7058
473440 458794
546621 613282
228372 820115
53419 657372
188535 860597
49765 769884
104698 473568
966068 825801
500336 153675
785491 447434
112133 617458
180530 615950
481691 785524
638148 785293
792350 307630
766423 492336
621969 782141
602256 313044
486767 850340
710937 172026
458261 191654
665221 277053
619205 562958
232984 631288
78722 119541
736998 534827
667128 707206
492729 433879
219171 665170
972799 647228
139564 11521
793661 739222
568617 277884
128224 912268
84293 55383
247036 355512
632564 542554
621863 428609
59896 251769
887661 371199
422377 654969
362174 141010
574888 89504
754674 371255
18482 794058
321930 243824
983045 674397
952281 631943
544210 68013
639748 596856
952367 144855
203760 403135
831743 101282
869402 341974
713172 891639
62959 273414
414423 651900
257756 941485
829091 505662
816072 528781
772604 363924
38321 138001
769943 272001
340013 506953
103808 830505
975359 979760
382895 572526
190159 179118
521091 214637
622627 59561
332974 750615
918866 201938
143422 263749
769410 176621
705401 488864
852787 101833
239834 478005
266357 407459
914411 526128
356632 606369
586129 534570
623447 848342
27459 485375
700011 813606
873166 64902
331868 838990
40927 722491
986239 250733
943706 700700
189563 272001
373833 165458
643462 42349
449808 130018
172498 426170
32539 880570
415140 529129
377471 135019
620393 38586
368543 921281
502534 836755
675744 241708
480551 834401
601486 233022
933721 466789
255141 545191
710648 639635
681984 145326
791695 870462
296631 648143
45064 964192
493321 845521
980539 976555
531493 387143
308423 600931
437686 900035
658095 327309
161709 629781
862803 138645
121785 279546
341088 796523
436158 376926
38603 51736
438549 634493
798987 830297
310841 251531
97052 844050
336957 320513
707655 77590
194873 868449
768483 532429
376089 632558
262338 426577
565221 537798
333695 125140
438015 687006
580283 674783
242870 390524
25016 135237
481885 681418
449300 340354
700755 792725
113237 546351
140293 37711
906159 337243
386024 335165
967722 674642
617570 762112
816261 746411
387903 182791
386148 149956
