9384 9878
2778 6897
7794 8063
5387 9463
6650 9471
2363 3495
8691 9101
7764 9390
541 4735
9173 9534
5212 5436
2568 7453
5783 8687
2863 9743
4068 8019
3930 7112
4023 7384
3070 4927
1394 8016
5012 8158
6230 8633
4422 6823
3785 8547
5199 9244
8316 8814
6414 9016
6092 8380
9957 9983
6863 7174
6997 8918
2306 3221
7085 8617
337 1677
847 1966
1314 7547
6125 9020
9583 9694
8815 8872
5435 9804
4044 4614
1088 1368
7277 7291
5789 5891
5404 8967
2755 4079
9933 9963
9677 9934
7740 7812
6227 6247
8095 9699
796 4742
1435 7748
7468 9217
98 3542
3318 8796
6653 8066
7302 8522
4287 4373
3866 4345
8445 9904
8441 9435
8032 8741
8098 8607
4482 6853
710 5837
4568 5320
9498 9727
4587 5333
5307 7392
6220 9984
1529 9340
5733 9732
9504 9523
8271 9303
9709 9885
6341 9321
7797 9614
2619 5923
2847 8825
2922 4501
2380 4688
7765 9648
9842 9964
5194 7916
7035 9119
125 1164
6988 7332
3744 9995
2228 2577
9860 9916
1433 1587
6438 6842
3276 7555
1475 5971
8859 9715
6030 9017
8236 8945
5819 7414
6144 8995
5929 8620
8777 8794
4444 7907
4614 9248
8607 8616
2905 5843
5129 7612
7370 7547
9918 9918
3325 3943
9471 9640
8491 8757
9773 9999
5645 7640
7506 8391
2955 4841
7670 9402
8543 9551
198 9691
9356 9936
6349 9588
3623 8056
9300 9543
5747 8281
4341 5650
3312 9634
7606 9287
5662 7882
4879 8547
9321 9891
9445 9976
8523 9311
6709 6791
8283 9152
2925 6087
2063 9493
2601 9587
3453 6639
9380 9850
7469 9929
974 9335
3882 4604
8934 9876
8661 9196
7200 8381
8900 9396
2960 5053
2814 9872
7191 9067
2927 7993
5085 9845
2091 9385
3377 6687
5937 6520
7446 7800
9180 9718
6888 8900
3349 7796
1660 5869
2337 8100
6343 8496
8207 9381
7714 9796
5322 5707
4820 7199
7722 7792
5940 6811
3941 9555
1706 9314
1128 3566
5985 9458
3921 6612
2423 5428
1397 9407
5631 5777
9293 9542
7673 8409
7626 8603
1223 1562
6641 9324
3899 7654
2299 2340
525 1290
8210 8411
8820 9496
7733 9418
5995 7184
380 3809
5274 6896
8851 9320
1861 2921
5580 7464
1994 5889
7622 7821
2505 2668
1962 9468
1327 6448
8945 9582
3203 6943
6785 9816
2843 8524
9529 9731
8873 9976
9959 9984
8037 9910
7754 8736
3304 3989
2134 6426
2891 3833
7568 8946
369 8061
4501 6106
3789 6481
6250 8240
3304 6737
5364 7889
254 2336
7687 9676
1153 8987
5976 6980
9158 9787
5437 6097
3415 5446
461 9231
29 7347
8051 9279
7557 9414
4795 9322
8700 9443
1040 7282
429 3260
4501 6921
7648 7786
6160 6591
2536 3078
4340 7672
2216 4927
505 2064
50 5514
8286 9061
5344 9935
3178 7598
5239 6846
6950 9289
5368 9980
2293 8145
744 6456
2830 8150
1683 3014
3542 8507
3827 7974
2262 5924
361 9775
8024 8969
82 5359
3191 5761
8997 9802
4678 9544
691 4778
4525 7782
9615 9693
8206 9024
6313 7463
5101 8404
2727 9302
4917 7081
5579 8454
8947 9479
2648 4794
9052 9448
9632 9697
858 7759
1313 2222
9215 9410
3513 8493
4413 5502
9611 9857
6190 8304
6356 6569
6621 6815
8988 9168
8339 9683
7771 9218
6857 8495
607 9419
5850 9637
7206 9921
5218 6568
4946 7723
6874 7152
874 1095
4290 7193
6608 9342
2758 9866
4472 6921
1101 4901
3619 9872
8026 8824
3075 7308
8158 9845
3494 4214
271 5624
3418 7133
5570 9543
2623 3824
3174 5481
6432 8054
6683 9928
4293 5328
5058 5665
1522 4017
8575 9666
1948 6479
9232 9245
538 8184
5055 6510
4099 9558
1082 1868
3517 4700
2232 7947
1797 3177
2339 8819
9219 9228
3971 9075
4813 5452
4978 6887
1537 4936
4177 4288
9208 9791
4858 7262
3500 4411
128 9950
5237 9284
7819 8679
564 5885
1245 8766
1806 6486
3292 5059
8956 8974
3590 9068
8994 9300
2806 8342
4823 7181
6718 7722
3094 4056
127 7862
1487 3368
544 898
7815 8918
8180 8597
4763 8702
7089 9459
5711 9446
295 2637
347 5718
1138 7147
5154 6919
2574 8640
926 6607
6711 9251
7218 9316
6964 7719
7091 9463
8131 9847
8572 8725
9634 9823
4790 5523
2605 4631
9806 9822
7869 8471
9486 9676
2196 3931
2950 4770
968 7426
6764 7033
597 5830
866 8296
9037 9744
7771 8461
9212 9918
2533 4499
2380 4021
8271 9300
4173 6489
4235 9675
7284 9188
7399 8327
1064 1555
6951 7527
574 8688
6060 6822
4048 6972
5083 7534
1233 3311
2955 8998
1899 2485
5641 6026
9160 9342
9263 9840
1042 5990
1724 1856
6273 8623
4155 6510
5822 7499
9366 9761
1172 5596
270 4688
8702 8815
4654 7017
908 3715
6729 9774
5798 8368
7085 8398
5335 5378
992 1864
8899 8955
1053 9607
8190 8369
2507 3799
9017 9345
3110 9099
1 8816
8110 9073
5082 5324
1339 7635
9427 9470
5148 5247
6788 7475
6533 6539
1282 4561
4851 7506
6591 8299
5351 9776
3814 6607
1495 9336
6082 8263
5721 8150
7983 9228
7488 9287
9297 9612
5405 8482
6893 8042
298 8534
9135 9451
8507 9237
7058 9636
596 1603
1963 3203
7484 9072
155 9892
1310 5567
9933 9938
5022 9532
3564 4532
3683 9222
7686 8616
4286 9648
5991 6444
7315 8351
4117 6527
1893 7765
5529 5778
7526 8164
1137 9838
9619 9978
338 9516
6583 7375
4311 5155
889 4092
6816 8186
3438 6391
9 9633
1784 8886
8658 9619
3828 9970
1270 6191
6652 7885
911 9115
640 1518
1889 9818
2394 7205
3891 6970
5200 6152
6932 8899
8778 9047
658 4820
953 1759
2642 6609
9369 9490
8185 9700
6777 7513
5267 7716
8955 9713
309 5383
7279 8746
2556 5016
775 3320
5001 5447
998 2467
8413 9878
8383 8766
4694 6784
2440 3614
8422 9903
4986 8907
1355 2651
8763 9690
1542 3864
1853 7197
3663 3771
400 6217
5155 5463
9016 9130
9852 9872
4791 8398
2492 9212
38 3151
8860 9008
872 9416
6988 7164
6591 8168
3971 8092
7666 9977
3070 8447
7362 7699
1352 3472
9301 9735
1639 2851
9365 9464
1033 7137
6105 9970
3680 7581
3413 3738
4970 5406
6171 7840
2845 7570
6650 8714
4466 7300
2327 4878
184 3079
6970 9425
153 4230
4394 8818
7290 8449
9632 9793
4265 8695
4549 9817
1878 7963
6834 8142
4950 6905
5156 7377
8469 8638
961 3973
8824 9710
3172 4574
5678 6822
3246 9625
2762 4758
324 3482
4101 7321
1076 6532
2043 8745
2660 7559
6290 6314
3470 3588
1552 2032
5384 6659
3134 5987
9305 9981
5982 8313
3667 7893
8968 9032
193 7299
903 9156
8132 9570
3175 6507
9719 9745
1184 9961
5488 5744
4574 9381
5063 7188
3934 9157
2497 9115
3142 7017
1727 3734
6981 8607
3486 7210
2306 6476
4030 9729
6899 8245
4563 9889
7720 8320
1642 4072
3011 5504
2727 6456
8790 9460
3709 7610
939 3834
2494 8203
711 1826
5906 7180
9614 9941
3639 5599
9422 9675
7830 8591
6181 7663
9096 9851
3025 8113
9155 9231
570 3762
9970 9980
2374 7864
8434 9435
2588 7343
95 9739
1500 8851
7340 8144
1743 7659
2087 2271
1350 2115
187 367
5012 5666
4134 6427
2723 9429
6774 7429
1520 2182
5355 8379
3125 4514
6260 9583
7419 9387
1713 2126
8706 8736
2734 5053
2735 8404
4316 7219
1088 1525
670 4650
6488 6530
6838 9448
8090 8600
5206 6582
6705 8201
2558 6985
3404 7132
1893 5228
1523 4838
2444 8843
5362 6454
3379 6637
2701 8709
4883 5091
4900 9751
2590 3726
354 4322
6949 7336
3037 5455
7108 9444
5418 6858
5922 8548
8481 8762
5995 6604
4124 4401
2934 9400
6318 7188
3932 5001
6710 8155
9157 9849
7070 8425
2996 8990
1172 2451
8570 9219
4802 5458
6653 6906
5341 8105
1744 8508
3092 9513
6528 9870
8879 9890
3051 3321
2125 5833
4214 9496
8500 8870
6795 9503
5116 9741
9343 9732
2438 5327
3199 7617
9940 9962
6514 8411
5129 8466
1805 7091
2347 5046
8139 9763
496 2292
6422 7410
7227 7861
4159 5123
357 2805
7646 8808
3447 7960
8112 8955
7604 8933
5826 9974
217 279
9175 9494
597 2879
6268 9062
2014 4381
520 3540
4651 7675
7833 9719
280 2790
3954 6295
9296 9870
6108 8149
4938 6880
4977 9575
4585 5136
84 2032
9493 9666
6497 8981
2940 6143
5736 6512
9874 9936
165 9293
2252 2517
2752 8274
6340 7364
3166 4488
8303 8606
1080 9071
2548 9707
8485 9926
9562 9709
1932 4873
529 9607
5495 8514
7544 7829
1124 7276
188 5387
4644 9386
1989 9430
1321 3723
4099 6811
3019 6806
6464 8610
4696 9978
6506 9275
6143 9954
8099 9299
1473 7319
2854 6070
4798 6038
4548 6612
517 3138
9913 9949
9878 9896
2554 2635
2933 3879
2036 4099
8108 8174
50 1904
3862 8690
2335 4903
5326 8976
4429 8281
1764 7629
116 1192
382 4654
5186 5389
2101 3132
2409 8767
3350 7913
5880 8634
4317 6714
8586 9913
2766 5584
7931 9730
7893 9460
6630 7989
9753 9947
6367 6713
7396 7885
4429 5905
3848 5021
5027 6992
1063 9977
630 2563
5101 7154
3398 6580
776 3246
4545 7030
3321 7203
6519 8630
1795 4344
7135 8121
6909 7657
3063 9072
2687 3319
8433 9572
9808 9826
8835 9709
3597 7537
7985 8401
2325 3307
4466 7797
9717 9994
9344 9869
4188 5853
603 8483
5361 6162
3880 8540
3942 4661
2925 9178
7136 8764
3163 4110
3871 8846
4164 8778
7812 8112
2516 4399
6235 8652
2291 8547
8694 9611
5340 6800
7495 8683
5214 8176
6383 6430
1476 5287
8739 9574
6952 9881
4812 8153
9169 9782
4814 7277
2500 3977
4536 9590
5465 5609
8347 9520
3073 4625
5741 5972
2624 6947
7058 8766
8794 9165
3282 4148
115 2741
7372 8542
597 1786
9884 9896
3568 5641
5801 8045
3675 5260
7434 7936
7458 8564
5950 9229
5524 6162
5293 8610
7630 8379
2336 2694
2141 4207
3044 4927
340 2386
2026 9764
1654 2954
7053 9755
2958 9594
1288 8959
9541 9805
4827 8964
7206 9725
3879 7350
5170 7710
7228 9022
1521 8498
9222 9272
7884 9324
2268 3731
5383 7415
5512 7939
2554 9681
8609 9677
1769 1931
1199 7279
4969 7078
1010 3433
9504 9943
1255 5343
4058 5393
3824 5753
4397 4714
1943 8507
8013 8841
6856 8403
4855 4896
3135 6789
1282 5738
1974 4479
1639 6484
3414 9280
1900 8522
1485 5510
5662 9314
8781 9172
3924 6899
8001 8755
2001 7433
6953 7778
505 9192
9760 9838
2526 6560
9118 9420
4637 6083
9561 9564
615 6183
1938 4969
3749 4372
6621 7451
8864 9192
1833 9004
8005 8333
7459 9184
6128 8474
6369 6724
4570 8548
8342 8452
5375 8583
3606 9472
4902 7167
8990 9777
2491 4793
733 1888
700 8305
2001 4979
5458 9872
2349 4261
18 4987
6170 7587
570 4198
9129 9787
5019 8784
8586 9072
1281 8618
6755 8188
1708 3807
4401 8511
3022 4955
6789 9721
5191 5871
9635 9777
5326 7995
462 1654
8143 9212
4192 9991
5521 6206
6555 6933
7143 8291
931 1631
35 4575
7309 9775
9781 9937
8645 9252
9546 9870
6523 8492
6926 9031
1736 9322
4493 5458
297 5268
1531 5286
4050 5251
513 6828
7590 9504
8449 9482
2429 6092
2558 6618
6577 9096
7798 8204
5140 8834
7006 9262
4783 7210
524 7957
5237 6291
1418 3724
354 7629
2725 5604
6351 9235
7711 9892
7243 9684
5165 8238
4642 9773
2112 6065
6411 6554
2791 9718
9956 9983
5917 7181
2782 4215
3959 7607
7807 9997
9902 9955
4675 4703
5266 5489
8567 9442
7670 7951
9135 9323
