1 10
100 200
201 210
900 1000
86944 28702
88793 19242
45784 121
15902 28799
14666 19315
20040 14641
84711 49557
29893 99441
7149 79981
98317 36872
76492 18949
84792 6824
40965 30945
50121 54356
43597 51669
42696 18280
53650 17888
72110 70342
4725 94249
38361 37919
66613 59765
82175 2299
35565 19746
2752 9189
56947 67652
97044 50485
83841 25593
86403 45019
64048 60074
6291 38309
3232 37024
69436 93837
37461 33889
53048 84098
78076 65094
75990 31506
64651 88410
14573 70385
99398 84657
70733 31624
31421 76802
38418 2525
30355 75363
43634 70074
68985 69663
28246 87293
56793 86263
35973 15676
15247 70002
88251 94386
99121 98114
77912 22282
54800 8917
94965 78951
76982 91348
61138 74798
79279 54588
97835 41873
16741 49270
83753 11609
43939 91221
85396 90447
40859 88844
37190 65127
55011 10857
84699 60329
72793 76370
81573 58205
25640 66715
38075 17523
17891 74529
64753 38828
52014 5989
35427 26248
82044 81224
63596 78349
90130 43488
76275 91472
29098 27412
68932 95300
68789 50074
51133 95004
49528 69098
60351 76606
55223 89055
18532 81095
68271 9738
46736 15125
42844 89586
93983 22676
16123 20140
34334 77416
20010 75730
64726 34164
12812 3843
8355 22149
58632 47096
25092 65919
42641 71678
42827 49570
55713 25173
23091 80727
83134 26020
95409 64829
42494 61782
76098 99722
35623 26933
97860 28480
18415 14753
99970 76975
80418 68653
68519 54976
66690 65015
2932 70725
67529 24354
23500 13307
24874 10130
41292 72057
61333 76515
1752 11352
69977 69158
93329 14910
70915 90360
60130 34696
16069 57441
44122 98292
10674 91814
19988 91816
54854 80268
61809 33763
44515 16938
12456 52286
91510 79689
65300 30975
28695 21371
42219 48602
83727 20085
98350 46723
2068 81514
10716 10132
46192 83365
83586 3447
64832 84098
88557 52370
68376 42506
50048 45133
19748 4970
78369 20192
2345 92527
11821 18301
11145 64799
43180 43191
85989 57303
19935 85326
3902 76221
97430 65880
11572 47521
62366 4206
25231 61717
36343 26768
12700 53510
73252 36950
67983 79157
92092 97396
88391 3479
24285 71496
55983 40933
81408 37860
56608 24225
64583 69746
72772 63270
43507 54537
34741 44074
68435 36459
51076 96083
2646 76344
16150 30866
77730 2131
98952 28033
34653 67022
18036 58581
7784 36308
8556 51936
49835 30643
96418 15846
55563 51077
80682 24313
12696 36889
53207 62803
74724 48515
62402 52143
44526 35772
38538 25285
31548 50359
9141 4832
89479 82242
49748 93982
97104 60053
4388 22211
75697 89850
85585 41626
4014 16601
94773 14058
31369 74270
44958 85744
82229 93001
8526 82911
69859 34514
31036 18897
70200 73879
20792 89480
11616 13796
38795 56645
59419 73886
83996 55812
87605 28428
65999 71090
84756 41826
87657 95788
7594 61355
51854 13014
19626 9490
64683 96213
4696 83149
92912 99210
5305 66823
68213 34667
1290 90633
90749 76095
26284 53060
88568 40757
67708 61309
54978 91394
44161 85205
67849 28117
27359 68276
84236 23161
59464 90610
29502 39270
53106 31842
46826 26628
83460 52475
36721 25278
87178 89955
3598 94431
29480 82522
12923 42091
3722 42273
19501 444
29082 63590
64569 88824
43979 19405
1402 15531
41810 57116
1611 44807
5781 42755
25454 93972
20699 550
32527 72853
95779 65672
74883 78201
47921 86038
6634 92794
26051 32845
45267 91862
80546 82953
14399 51816
46547 36171
62621 87171
98125 16453
6133 23914
93957 18245
29504 66990
58181 1469
54324 72452
66971 46379
60958 6786
27597 75114
95944 69655
10187 65171
66298 10084
66749 2673
7964 31995
72507 96416
33881 8082
82587 81217
16672 89636
73861 8413
13412 96740
56995 45107
81348 10911
51892 20800
70468 42637
76095 10506
23034 36179
98789 40713
91237 97305
97167 38738
32822 3363
30087 26978
99763 65614
36354 18275
45425 10953
72826 58078
55007 29325
83386 93021
93954 37498
26195 9115
77242 94383
64748 70955
6083 5061
54454 19138
6551 28809
57725 31330
12849 64917
66746 27268
80109 87082
42917 26976
43243 77356
67816 36892
7571 40314
47567 2319
77970 87848
1980 72689
96322 94491
74551 81665
33032 98496
17698 44914
25494 87305
61674 20499
9233 81669
80185 93370
70061 51643
67337 31660
37012 97603
7379 19563
68581 48289
83877 12188
98041 1119
36850 73204
17793 2501
27684 48127
8844 44408
26445 15053
13957 60236
72474 18938
50680 73447
26312 42328
50293 29460
17393 50426
58733 58113
15071 18399
45305 51190
68193 63834
32731 74065
78139 75866
85500 42946
17527 53467
20116 90656
58970 49960
13032 94343
89554 23658
12653 27887
84235 65874
53322 26474
8737 47391
77340 80953
21839 51501
88020 45547
93030 66714
98747 10228
84121 30934
64373 99654
89685 77478
53187 2318
54702 70837
36578 69421
75253 63128
52850 12145
36454 88124
69201 5520
31837 10255
42341 25121
47176 94087
87384 82999
96248 49139
53277 71450
14993 32028
89138 75555
35969 59063
80542 26004
23885 65738
1977 51346
44647 95896
15851 41505
40668 16235
70796 98586
75753 45949
44651 5643
54510 32771
39435 58731
14747 69623
18151 57208
35431 40192
1621 14543
43167 480
82472 73736
87931 45818
34000 42283
11020 61021
95901 30354
96658 47858
14945 60829
51818 48766
21971 54092
93733 1076
40143 22749
24467 47194
65754 71810
35966 31894
32964 85054
1940 80406
4326 6556
23100 21049
99979 95691
63401 83772
48715 67354
57612 71557
94003 30188
41443 39398
32288 98808
67024 56270
49481 39425
21733 70706
59485 15628
31355 12787
27265 42051
54146 74220
99964 17573
67571 17083
5518 97703
97857 96649
77786 71084
20174 20248
63269 34428
62073 25512
22871 84644
28980 66373
99518 84329
60084 76145
23249 84330
30595 39050
61074 19922
18543 19575
8909 51223
50085 97108
1373 91282
48152 66615
8078 4475
55163 37727
38941 81760
86191 82297
49147 45121
11925 87534
41200 91244
8325 82828
93 75792
47447 6382
65946 69184
85727 20011
5246 91142
49270 39321
52764 5121
21107 70363
28554 4316
39032 98222
84509 84428
489 72780
89073 1542
3767 57243
49637 87387
65947 68662
19747 17586
68158 59157
68860 5856
11572 93851
78322 9414
56298 84796
36207 72486
80373 94025
40339 355
71273 88090
51339 82229
81611 37174
9276 94374
49150 39554
35360 9644
65177 4292
8135 5923
76026 70994
84766 90182
43444 79388
85197 59274
84580 44755
64186 22104
83970 46324
26540 84068
61746 5941
27818 15342
12057 38347
41153 57941
52205 37078
81380 27251
83238 73482
89454 97881
98577 45498
39555 85319
28547 83458
4084 60008
33737 9041
90178 9928
23070 12529
23929 50675
54903 10453
40798 31692
30904 10911
59684 45638
55433 73227
2583 78179
72035 3323
93723 80486
29829 991
99887 25239
40579 4544
73995 88819
51549 46698
37737 53772
78062 89140
85472 7172
20155 86605
12778 92674
57387 31845
55848 82095
83702 55701
98204 62928
47126 31628
11635 44032
40570 79191
98853 99080
53946 99275
84437 35966
48292 60594
62772 45304
77749 26672
26466 69963
15619 6769
91508 62469
31063 62034
44465 31266
49912 13992
57462 33775
14242 496
32858 48601
81974 37876
33899 42833
85323 21559
36855 14046
76354 30366
72583 30303
24887 85882
12486 12156
34355 30358
86271 30311
26718 92985
65636 24181
44018 79769
94763 43315
69548 3421
2707 27526
91675 65612
11524 16643
33722 23351
56116 48776
29530 13184
94438 98997
59448 34790
63629 33162
40335 80078
89167 50943
2214 46223
72549 39098
94410 94106
36158 70224
2870 58565
27682 20539
11438 47762
80596 36628
38860 62656
39153 72974
40305 47310
918 93711
4573 59143
2462 79851
52314 38511
55912 14238
4723 63400
45591 88486
18306 8545
69971 71611
11142 35580
30188 5484
74579 21851
96095 59608
1540 69382
35410 85701
64107 46171
17497 63072
30121 31922
30843 37169
68378 41420
71630 69498
8007 30840
41886 58413
93567 11105
14093 79879
80223 8599
72245 28909
52142 569
87817 56929
26118 54908
2809 98241
76012 31707
37844 98940
71873 96283
37864 39506
72977 56793
74277 62567
93640 62098
89375 72995
17636 29774
47442 73353
91398 97354
77440 4402
21666 16833
10454 73926
90390 79511
8109 61590
25496 87170
23244 34360
97255 3765
53034 576
66403 7786
48593 74776
12313 31307
49022 76668
71543 60956
59973 97076
65438 81641
54578 6031
11061 3784
13098 78456
52025 10667
19120 46200
32562 36612
71363 58824
77665 20661
59492 45808
93110 17875
10390 9313
54494 15478
54270 76108
21978 93632
97674 68061
49579 89447
17678 13175
30473 31425
75657 60493
86194 10283
77798 23354
60159 41942
5631 31038
40018 87758
58139 67030
77996 99912
10424 15895
4956 69352
36868 98086
79378 5644
44357 16247
3697 25721
46041 19648
11970 41728
48343 57273
55973 74444
96020 11378
29859 59370
3138 21584
43135 13654
6259 75878
41419 81854
28603 89901
2870 76501
44403 76160
92195 92182
14778 95446
98581 38323
36886 92316
6406 25913
54296 42062
99479 5857
83166 76306
10050 97078
21138 69426
33355 57918
54223 14100
74997 12872
6019 15479
2128 272
29744 84108
97168 13553
51853 77167
33530 28392
30762 10368
20791 192
33648 7683
17067 55168
29095 30096
16575 17805
14897 72087
72154 60413
11411 97172
47086 18714
83668 81226
75599 10990
64894 49152
5790 60689
49666 14421
44036 28717
98712 39617
92730 23690
97892 48233
57029 58491
69875 65054
20479 57123
21445 4147
30416 29637
8325 63866
97980 24872
93459 54298
30294 62051
73922 46510
83250 54410
66109 90301
47031 77461
51269 67313
61971 63881
74742 99094
85001 47590
57960 54993
48070 52045
67376 69403
18226 62763
35078 24537
17601 59814
41442 63577
86601 25922
79616 71851
76141 80657
10370 85593
78104 25301
76500 75781
55110 36915
67083 93374
84572 21686
66055 23422
89976 21789
24312 46754
81315 51746
65404 903
14818 26024
59686 73982
33836 95392
63547 46027
99958 61368
38293 63872
48042 90753
47050 7377
5782 99227
31335 9332
94433 57311
44502 82231
53464 91593
90304 38941
36807 26784
84075 62646
65475 20291
83075 18874
17156 30257
58103 14050
95471 22965
86107 77508
58641 12428
92715 35561
53417 42965
39087 52492
72956 30741
79641 48113
70924 99491
86187 15007
20898 18550
70902 57403
70280 34377
62046 72675
68083 72
72057 27300
73822 36955
81206 38329
3250 51372
42010 43648
8289 60949
41797 45082
68498 29419
22035 51487
71734 15329
25055 35484
45017 3067
69922 86635
9652 92368
65657 34412
29920 5050
91493 18085
32389 92734
7659 11091
77520 6674
76443 44268
17155 33680
526 97331
17126 57718
15689 55863
41115 75446
98559 75081
63919 54657
80562 56632
4652 99211
89785 49578
65132 64091
87230 75673
93960 89682
14174 55239
93135 46581
73907 39200
89522 16696
36975 55275
60540 98985
64414 82284
76958 62294
87278 93497
34024 12349
86827 44599
45940 60526
86467 59280
35613 7998
12072 14675
47501 63339
62324 54889
65267 5703
60998 50735
60979 68227
31306 81365
76952 55577
64599 82578
15397 83382
86034 18209
1929 19778
6577 56220
75984 44429
82009 5939
35990 61848
35368 93961
97750 79933
13455 48044
37601 77597
41879 99087
66219 93540
41285 26053
48511 77882
9720 81212
56242 29736
69614 13748
66805 29477
62470 12763
39300 2045
18145 15334
46971 97949
20226 11565
81832 81341
45172 44036
82972 42634
99595 29298
83708 13231
88322 15824
7092 22271
61252 33247
24458 31810
9926 24582
54736 82554
71121 15207
87827 44496
80061 67901
76337 41472
72633 17429
78343 286
49896 38309
88744 23939
8517 18797
20874 46328
10119 50441
67579 47102
73087 52784
60433 78551
29790 57324
34238 50868
75924 21558
68802 60348
47475 97325
3611 50454
62162 51187
99799 24084
66765 35556
36042 44028
53834 19988
7419 53811
98454 14756
74104 70344
49646 4673
84650 68507
42746 34649
11012 36360
59731 48346
69653 93300
1765 94729
61437 13875
34704 32380
28508 12275
46569 17365
63717 11400
91101 65243
76305 11413
89109 17974
13648 1748
26676 50375
72923 5858
65982 90434
29285 85706
84851 38153
10800 5612
36025 7462
36987 24106
96792 73828
84857 46447
29886 85515
58877 56892
85795 23286
3825 42832
84103 29235
46374 49204
81975 77206
36838 30368
46318 36602
70629 13069
65720 373
46422 56504
88466 92535
61018 65552
71821 49311
39027 1244
60146 730
48502 83628
70911 34329
6527 16826
60655 91597
17791 85180
54328 10658
18544 90378
48622 2005
24777 83462
34309 83412
94892 64397
49811 81008
67901 32376
66228 17121
73358 80271
93543 95191
52213 83083
21046 14840
75199 86470
96115 83290
3997 21954
8733 95647
88861 17010
