291187 931732 
694458 638629 
749750 238759 
886105 762141 
517245 642610 
203387 491377 
369473 521161 
899807 515893 
181905 384966 
89476 457039 
5246 595889 
702861 958155 
466118 22391 
723140 665356 
176212 703603 
515030 981603 
635337 723693 
134438 899292 
962452 20545 
175639 479698 
177360 379026 
485280 546833 
414392 899293 
576932 596297 
798464 666408 
567542 803710 
776503 270404 
761867 242622 
806999 999212 
907978 497416 
702816 423009 
479021 338154 
660908 127664 
751651 623361 
662413 927290 
617265 353979 
820521 102546 
900812 234915 
516044 991949 
345417 314510 
172564 427164 
118221 949067 
697568 394293 
705894 504569 
393506 613873 
1986 96324 
551087 995211 
948682 211996 
637081 700335 
349563 299495 
141831 481033 
653474 962353 
97784 68493 
711473 613829 
574647 571095 
928339 261416 
998260 560765 
724688 210034 
955059 430583 
228808 348566 
558661 744999 
959094 109750 
740211 907778 
835950 891497 
122319 699718 
705198 778354 
180752 872877 
254913 278537 
455575 966386 
406571 30224 
51688 334911 
805844 49949 
409881 530534 
259983 364941 
961117 488792 
227713 519780 
747996 701012 
143735 2413 
122996 493890 
893911 245315 
193610 599110 
537875 888566 
471988 792788 
167104 441769 
759176 87880 
471993 325069 
936995 277838 
375018 346878 
322577 149206 
711819 283696 
152203 453737 
317681 900199 
154751 975620 
902613 277747 
469511 796525 
37268 663121 
909840 575143 
65894 896033 
367932 232998 
337803 641313 
320879 324001 
966382 257875 
116045 855605 
118958 438622 
4813 344983 
236523 671220 
798720 68409 
571421 467676 
44030 988239 
259629 513542 
298970 296897 
690868 208811 
386245 756762 
619049 268382 
503966 471058 
909696 339050 
309264 390284 
111130 939513 
760095 230089 
378137 279113 
575072 128865 
950333 887997 
197275 35960 
355675 755509 
24200 615304 
269052 323170 
426406 474126 
46186 812651 
230889 179441 
81034 249060 
650499 504935 
588110 473968 
409425 213446 
413483 169521 
443535 305825 
962838 532812 
434690 913172 
420810 146170 
949133 290690 
901680 487538 
905994 684937 
810709 846605 
159064 371100 
659257 389954 
550541 254497 
153219 715245 
273637 741330 
189215 683062 
954776 116903 
366788 912516 
422728 329627 
445329 857418 
757005 380344 
517794 220344 
671035 419475 
707882 91235 
104413 32797 
452046 263478 
403898 625508 
167637 468644 
880005 320856 
698095 667848 
576391 401515 
865115 45373 
518418 231905 
957889 941146 
75737 917423 
312770 346947 
811973 830564 
567291 997213 
764244 789379 
602653 868658 
822176 54700 
646341 740279 
680209 813978 
208925 74420 
649039 907020 
742268 739636 
308536 607385 
785009 341159 
353495 257105 
282306 943436 
688733 109281 
290385 500707 
939846 371881 
497921 218296 
161261 614780 
86955 983438 
669480 247501 
723718 349690 
575684 446848 
424111 224725 
868073 680584 
964361 690814 
802174 263576 
31974 155670 
520681 828484 
613312 723620 
937766 903697 
224328 391818 
789783 236455 
610114 951045 
851235 211275 
448689 520716 
458776 686612 
384612 34462 
133462 322928 
773391 1536 
517717 251958 
692351 319893 
515534 238530 
475563 550421 
67016 88876 
274042 4783 
506778 12575 
910805 296563 
249030 520920 
761813 614470 
246400 210503 
649392 705177 
897115 34005 
253844 544782 
871137 27236 
60524 388855 
279194 267080 
708748 308933 
505610 698517 
859354 572626 
301598 133397 
91614 808377 
145973 2420 
619145 909207 
37546 895163 
523679 283946 
105667 173072 
503328 516987 
721281 757172 
61771 592419 
298613 636499 
495479 577807 
903579 204229 
886741 409190 
416951 260301 
496022 718549 
393699 587636 
41132 53877 
104262 660277 
963084 656012 
555441 969 
454163 175313 
174041 957492 
692301 409527 
228870 268277 
1947 527484 
904776 497427 
619496 808356 
215861 506238 
731751 632812 
766540 227774 
351362 674444 
329616 392495 
728321 948082 
566977 205611 
604095 636624 
206581 58259 
326142 894826 
529956 532648 
304355 758827 
800925 820506 
800516 219907 
832138 420013 
542468 562204 
440457 788425 
195017 721202 
16200 60585 
909851 860020 
967284 152378 
808103 48467 
357989 926403 
199296 78775 
498868 525439 
487807 28825 
58088 792162 
301857 373219 
126874 102374 
107331 473218 
36593 649800 
35423 991254 
438226 230441 
712457 968630 
805230 622309 
828652 772515 
774687 150961 
335187 646881 
591570 534484 
725657 90439 
59924 213465 
633468 632216 
519832 935326 
5436 160911 
551905 112768 
634129 102703 
276773 669553 
93958 229204 
414199 320620 
197835 219430 
457134 540692 
506150 746026 
205859 355542 
392909 797429 
890026 632771 
402073 464155 
360441 35542 
610577 394478 
485073 616013 
555389 36980 
242986 189520 
653887 33964 
373278 747846 
263168 787477 
582671 975208 
521112 39807 
515901 541467 
785833 235965 
897009 692947 
33395 301242 
325719 435468 
279602 200365 
985215 890179 
594843 470289 
20399 664438 
507269 777589 
368163 675362 
811554 741441 
423209 588927 
43124 520085 
564136 78441 
559892 594243 
134113 345727 
830208 545327 
552879 377809 
846569 878599 
327482 126173 
593169 312698 
530557 188014 
782988 550956 
852452 804462 
328547 734820 
479825 140102 
476262 417239 
729029 33591 
937325 807371 
112032 11423 
401615 760349 
871354 746028 
305677 424235 
123838 666452 
302835 451321 
306830 896004 
278224 837387 
598223 575417 
388345 964880 
379881 716892 
699701 373911 
371199 690168 
305356 614433 
723759 756886 
421805 349996 
768309 337625 
110346 639665 
83655 416024 
63901 721697 
82477 880940 
687223 389307 
291150 965448 
740899 889374 
540866 129245 
368460 434952 
360342 68163 
323069 245746 
272536 628425 
860180 996296 
385312 796190 
346293 153622 
648021 970844 
307492 245881 
901073 371393 
967578 983550 
252334 654803 
887062 57690 
134457 627962 
947064 189528 
271413 829729 
624481 631755 
412097 947550 
877502 684634 
90181 251888 
680931 989697 
562283 541429 
143320 210305 
26479 450813 
456186 927552 
336411 937970 
911103 102951 
592774 312371 
160641 727231 
940334 621910 
916759 211748 
451640 55446 
357708 863738 
517201 749415 
548373 121587 
515508 743509 
111285 77793 
799143 254606 
802302 825623 
219624 772694 
753176 556035 
710665 178486 
173191 817644 
490857 333832 
59081 945396 
955742 490045 
671349 407384 
59697 29059 
785327 576898 
778474 333701 
698486 293984 
591415 323976 
885981 390559 
578582 202489 
216183 312411 
975183 969360 
382652 200054 
147847 555843 
17699 152909 
889676 590984 
98307 359624 
81031 769656 
767008 140728 
798715 552336 
231831 91396 
400242 444522 
899584 991657 
768499 299771 
382218 861286 
502260 112606 
687903 477445 
81967 70556 
191704 744018 
140604 723608 
896928 544485 
314593 509440 
904110 909828 
279097 671119 
564761 592018 
737661 796593 
197619 652108 
755320 97204 
643767 38025 
396975 540190 
899312 899235 
652796 101421 
890885 248969 
171977 82591 
507192 826785 
806199 918325 
371272 634997 
427766 275383 
544827 221069 
460707 109589 
813087 712573 
420387 10707 
364683 689913 
622115 522655 
727938 533295 
62846 141456 
432531 229847 
242877 837622 
993020 929058 
434418 500214 
755845 754822 
418540 127118 
389820 360512 
402501 448852 
581581 377413 
72647 394669 
89988 493034 
919580 454671 
697152 55901 
977326 425092 
589196 554377 
80753 21728 
298429 323631 
373555 291451 
252690 807973 
305870 522740 
562796 238615 
649858 466822 
599127 566564 
915674 180709 
943978 988321 
89583 548171 
995561 523368 
2843 692714 
579269 494374 
632011 168466 
562956 712765 
704399 375590 
550601 77955 
667041 803291 
400134 487116 
840237 477135 
725732 490096 
943957 324860 
570866 373838 
19775 29050 
362160 109358 
577221 357722 
146932 580064 
564642 726201 
588643 196654 
894668 151600 
909419 113273 
41395 974225 
191228 708437 
291723 105567 
709758 131961 
582703 435491 
136262 40866 
274557 707128 
414704 294332 
736178 291070 
917894 313400 
162997 64827 
407669 727639 
305234 996312 
924294 714107 
662117 347919 
827380 703513 
322146 532813 
926155 613869 
638381 150119 
260035 735289 
585611 396297 
776155 374373 
103427 705065 
668705 353810 
996135 100805 
667211 159133 
679837 589085 
400978 985071 
99604 325273 
213384 275926 
187397 40765 
493644 23748 
573578 934004 
151822 211960 
84125 411857 
461454 669736 
322360 237611 
44110 425787 
456881 227020 
293802 453017 
842029 475218 
126355 521867 
64305 527333 
21144 163909 
366811 234528 
954039 68414 
789497 447685 
92162 363077 
381690 758189 
89242 465815 
684251 550697 
649756 6612 
302513 693866 
946603 759394 
435091 240407 
726616 277122 
715625 367176 
313194 294135 
894510 848543 
972248 775526 
597276 926289 
843940 386775 
373975 450308 
264057 269870 
208498 353299 
735686 406954 
418201 385443 
413567 720714 
593515 874375 
994313 28607 
628987 235135 
305729 344614 
602312 133129 
152954 11028 
981672 125204 
786554 578949 
51494 630496 
965724 939673 
80805 229782 
209544 803507 
97287 459435 
210462 515488 
844879 138234 
750408 952599 
12611 258927 
981206 155803 
494063 801141 
500417 610580 
934270 167577 
621608 430148 
292781 922367 
9098 858479 
552864 489028 
312358 147874 
233015 521902 
951381 844506 
495543 676049 
874200 854627 
814283 624609 
807227 341099 
883536 788434 
496903 891804 
103781 511525 
16590 552256 
679102 638198 
982404 486088 
560567 505708 
344568 627636 
994736 656926 
775511 741956 
693034 241098 
100669 702782 
917147 974869 
557410 245637 
599479 364638 
586736 997220 
667277 597844 
403231 771059 
623575 419821 
323316 302678 
572225 305722 
302972 646997 
325635 161745 
274634 834576 
332877 564350 
576533 25912 
805449 677202 
242899 722597 
652072 800309 
968234 765756 
164948 69177 
277183 346430 
667021 680414 
117490 290597 
100236 955011 
107481 186666 
774938 410453 
833663 100574 
86403 108299 
935150 419280 
186854 25889 
959396 992303 
217297 202296 
714902 869369 
2606 197342 
149332 681758 
266519 426515 
28190 447746 
106930 659884 
252548 721370 
614896 874233 
908037 904039 
798891 255906 
4614 885295 
364205 453969 
304576 65265 
479859 263974 
57569 697156 
466270 286676 
80731 983081 
484019 744267 
664840 264743 
170783 207235 
226694 791917 
867120 479243 
513289 996221 
353477 935531 
900262 152370 
191438 419081 
37666 69849 
387256 342242 
135114 867115 
120421 192683 
78477 586692 
993564 673412 
569774 477584 
417681 748819 
256532 588464 
470260 483227 
380383 337381 
962470 407877 
847807 830152 
343409 262275 
982522 49052 
195562 534393 
118901 582818 
390841 254015 
964138 511262 
960903 42616 
97955 954468 
716028 181934 
946257 133710 
444959 202790 
722175 915219 
200222 616763 
766805 676897 
24641 614613 
507051 882254 
391094 3779 
931306 586656 
52378 564413 
683679 443219 
818428 647818 
954481 293537 
690434 566642 
762210 920667 
262781 222673 
568583 707740 
939668 804963 
622960 139891 
421727 389766 
816789 960572 
518585 838045 
842827 423884 
841824 288339 
524745 894202 
852752 208425 
851626 185387 
856243 806109 
993128 60883 
886956 755340 
495755 149738 
978013 64339 
857479 917682 
869302 994644 
571779 805234 
384412 388569 
765807 417202 
226615 122840 
841086 582644 
411180 365832 
991052 263933 
574257 842679 
963524 944705 
162994 956654 
519793 49951 
711995 529753 
713894 204214 
594093 571374 
636102 977600 
566019 207882 
782836 464636 
110656 548644 
881838 851475 
185690 722925 
434120 596870 
602962 939377 
375008 691424 
296263 852738 
636130 459257 
809393 670128 
23414 35594 
199883 737308 
239808 308181 
308683 390115 
799986 388907 
597997 582823 
367749 222858 
645673 249588 
74334 831363 
486719 22660 
942438 603886 
962037 831651 
295312 258301 
684390 931442 
231764 493784 
115777 255178 
43583 829864 
506691 797596 
652250 329579 
187712 452237 
718486 299915 
35062 86236 
522773 194940 
850029 597108 
540508 850953 
619768 482947 
454840 96011 
828803 750152 
354313 513195 
195801 100282 
521184 825782 
869664 564768 
655647 376356 
362365 307898 
705935 64282 
274340 938626 
364197 823606 
24864 886971 
18547 389098 
484080 559055 
754256 103849 
556207 209097 
199860 899216 
473455 68378 
926616 183461 
682864 447801 
9244 552529 
526774 664891 
928885 403344 
486994 634821 
467627 275539 
573449 831824 
99147 112518 
718796 117694 
15821 717081 
190955 770077 
335135 261367 
493379 49201 
674788 966834 
117579 601405 
150296 314649 
563412 673744 
867178 90187 
852840 310270 
7737 339835 
459296 475364 
615375 546950 
821393 228727 
659468 54396 
860625 189494 
771477 51581 
473776 106614 
827153 967156 
155815 501942 
448196 787598 
617553 112698 
616452 180966 
786442 483632 
785357 639284 
308107 793094 
493324 767403 
782663 622904 
314355 604058 
851631 488028 
172659 712258 
191728 458341 
278044 665504 
564955 619402 
632661 234975 
121346 80859 
536779 738899 
707761 667436 
434070 494204 
665273 219428 
647693 973380 
12524 141019 
740785 795187 
278128 569345 
913450 129761 
57374 86110 
356224 249102 
544452 634268 
428812 623612 
253672 61474 
372793 889222 
656537 423777 
142327 364299 
91214 576397 
372709 756488 
795825 20403 
244074 322554 
675626 984859 
631947 953755 
68410 545398 
597721 639989 
145714 953945 
403296 204371 
102419 832108 
342188 870295 
893583 714981 
273723 64326 
652963 416050 
942830 258383 
506652 829744 
529076 816683 
364352 773150 
139238 39980 
272216 771185 
507940 340626 
830789 105662 
980615 976503 
573812 383913 
180875 190436 
216022 523063 
60733 623810 
752250 334456 
202342 919418 
264712 145173 
177802 771364 
489122 706878 
102253 853474 
480030 241492 
407659 266451 
526882 915599 
607077 357672 
535466 587694 
848380 623483 
485812 29256 
813920 701834 
66525 874653 
839850 332980 
723314 42193 
252399 988026 
701570 944406 
273597 190693 
165490 375850 
44168 645520 
131547 451828 
426176 172635 
881632 33255 
530307 417100 
135154 378689 
40584 620966 
922149 368709 
837005 502879 
243363 676856 
835859 480883 
233254 602464 
468910 934824 
546871 256712 
639722 712361 
146768 683891 
872087 792519 
649924 298264 
965154 45762 
845723 495463 
977066 980877 
388357 531856 
601844 310507 
900565 438851 
327592 658134 
629912 163452 
139018 863167 
280121 122133 
797992 341197 
378846 437716 
53560 39819 
635812 439852 
832338 799941 
252321 311699 
845703 98046 
321367 336976 
78924 709724 
868832 194974 
534436 769398 
633825 376233 
427533 263738 
539686 566551 
126906 334012 
688685 439104 
675210 581736 
391025 242975 
135760 26838 
682827 482303 
340984 449353 
794002 700892 
547399 115370 
37869 140529 
339299 906701 
335503 387941 
676101 969328 
764174 617839 
747271 818065 
184392 388383 
152079 387282 
827487 341494 
483223 218513 
584469 618983 
759555 267297 
101287 614744 
716650 409495 
315637 778255 
39070 353507 
918784 892574 
260209 254288 
