309640	977158
68970	123062
631705	503633
347509	760992
561782	989939
196018	300983
946840	882565
892463	723447
7213	325375
860246	151853
850524	732535
723002	336494
66617	286500
818430	5606
977485	248423
415779	438513
983986	816710
410410	418803
654800	111952
233720	76278
603242	594802
954610	142763
169902	744756
37116	587543
615476	315014
325957	112730
85619	620221
566447	367155
461157	563954
26740	160248
291020	941046
618929	245922
25767	691677
741682	112851
446526	490400
962091	514005
502670	340750
580370	438311
232749	746799
180202	754394
313639	845004
953344	615125
344740	416297
33172	817063
775283	538785
302617	966572
486805	380308
322597	460688
278760	127847
712980	782586
717765	683368
705877	416359
110475	664650
767450	171869
372535	592351
376907	886493
683091	343665
878289	236060
443086	947141
40616	782209
869021	286391
724524	838456
740385	992499
148669	323698
332667	721155
357495	451693
378576	631813
934937	980676
243026	479352
997916	311954
123677	575674
391877	113796
514906	527620
541073	381681
931296	171682
962754	92900
774798	334603
311201	428458
561330	796614
389688	114359
576608	231223
661767	864603
502329	568070
853761	417191
2756	565067
605261	860212
564223	789922
271024	106502
677790	372286
774300	641788
405300	984398
366950	332829
394489	494529
665243	819256
947802	583325
941989	147216
6527	553797
296177	46094
106261	352057
562143	954429
426437	872627
241513	181321
931075	315125
835887	528736
777747	307499
816266	5832
546974	584751
753096	360762
176367	118470
818713	720308
120009	737500
552651	290115
211458	762086
217794	738566
539984	907551
105281	138900
461544	670796
377514	35288
876631	619534
178205	817480
906402	437797
474624	511082
735930	78785
602877	177018
427761	883852
669418	958996
58367	350022
712692	777
322104	282867
973728	789436
368861	131417
374108	264345
788932	250613
698643	296423
387515	917993
357486	905181
366623	997248
521723	92844
278483	903929
935570	171054
265555	809317
589446	405823
651211	997738
457851	164767
494475	760719
665356	205580
733918	817518
228189	469187
591104	754665
147856	642096
913637	495308
310901	721909
651775	69929
813814	983670
80282	550309
907138	713027
207447	624745
395142	189880
924109	990107
678702	2318
314700	180489
565193	408723
516663	167216
850584	193739
20385	684811
600366	63693
154606	755159
96350	865510
117374	900204
889464	791221
564116	514006
102067	733137
836400	378988
589368	302475
150357	289631
314881	920584
815263	729527
70312	275643
32237	934195
711389	231427
351720	970998
357514	635873
127071	547228
468850	47131
580170	595335
558141	49745
542936	617340
188852	933747
814771	745016
263571	149601
998400	294048
808423	211126
872930	674130
136640	910346
920001	137334
537664	630375
733136	387731
332034	727238
267238	279468
85829	915650
389899	50739
55216	87971
3022	989307
79395	255425
246096	422717
441257	295795
464432	153694
936008	876287
829320	208628
29659	482671
694298	183711
537287	598890
33853	818207
424737	152395
68531	315532
841317	761020
473682	597906
263371	713403
297311	206180
92300	96877
884531	139356
362877	899413
90126	124002
520111	84499
834136	777129
891514	633276
455348	901784
376704	914855
290052	866099
592596	765429
754413	157364
829063	596506
853088	874980
500407	213025
248886	92246
620084	788800
691957	747688
212109	339311
965541	453172
519062	754466
411053	367932
624529	945055
260318	984717
412591	339031
248309	315001
108233	994797
486366	912937
434530	119845
133850	419986
373463	170403
664618	680727
800284	821630
242725	921728
783556	532922
17179	304992
996004	768280
746262	280573
591126	980941
654542	343867
677414	532257
506668	935519
510819	819601
607022	549159
55824	53295
468229	486715
199638	599202
758958	834836
690478	327205
476071	950181
591846	445757
81185	216812
466770	313423
199672	865547
630152	388126
862893	872420
118907	976568
753390	140037
748377	687293
418452	429921
953508	362606
490053	583275
493022	893111
987897	29000
447209	314325
296188	127519
922136	292295
261730	592680
126655	853689
538760	736685
889612	568686
141318	119196
593441	400213
603340	985113
11492	872768
995615	639311
729341	854882
722395	233284
18134	92164
793073	790228
8815	158227
519943	242724
322031	928288
74526	731632
456097	229004
395091	956170
975811	416610
788524	372596
113318	206576
532043	21565
758425	778877
534960	589987
933905	655368
957914	459729
909761	965475
756036	299657
782167	843962
672257	665680
34894	934475
875507	891137
705270	384158
443481	692235
918896	621235
317824	654719
847953	407007
407391	492173
431639	678334
738179	416694
303149	63121
111853	491480
359213	410380
662674	654224
833313	463680
129145	531233
874578	891690
74671	885700
757576	226437
803825	849490
454809	37094
289137	125621
378976	557565
119006	377079
365724	397040
731132	654946
123840	285603
47692	192455
366968	667977
977789	288524
82026	467818
108405	520886
41558	347391
635063	720619
872045	112169
165579	171932
123648	620153
301147	397744
709229	199653
805260	786807
386733	438804
17907	704869
227913	552179
875455	713449
61743	855086
229837	56802
261	170198
7967	742172
380462	973585
356938	760903
804647	462166
134892	318584
684426	430483
643612	260492
525682	304573
177956	202966
602922	51477
970054	580185
115736	106517
222682	866611
85956	312600
805809	475115
314514	7027
591898	205673
579025	416167
447051	935339
808501	6088
304406	411819
346249	201305
109838	314963
216242	221980
444653	66591
886900	734491
350971	442365
708271	577888
978041	722587
547602	270249
656293	623642
212098	49812
524062	399693
808430	335652
873133	475725
12996	155691
545704	558315
315883	974467
469300	18847
140477	632246
328662	214152
549180	687801
375433	419937
228155	231393
7618	930306
38534	327780
410665	209157
551307	272168
749438	462595
305071	139334
3498	691243
681816	7004
24414	842681
161748	302317
100432	641469
654243	2725
686687	661213
703137	702235
804300	212945
709668	597068
343838	259438
219145	252523
402455	287650
575506	70545
223096	452787
393712	904828
31823	278014
849880	471396
437974	293734
494299	515977
283554	628996
388223	47930
224130	233751
821381	991253
574363	982564
637633	977923
347067	865494
469464	593379
104865	147113
631112	538852
486819	216369
452060	995040
687077	663779
839168	35561
976049	323434
462827	560037
653975	879791
280356	693612
808042	547127
983520	464108
463352	25883
215193	336868
339852	777593
106655	611211
476436	850477
389492	996991
593397	352433
316734	864527
728607	887762
153479	650396
503608	138475
568656	893644
315243	429937
862193	44750
877748	832716
315346	940413
290105	735823
760519	62549
213828	108878
668919	25638
716883	938705
72757	273304
878564	776022
630654	557268
726383	515674
252068	248798
466653	624528
294758	957999
112546	48906
299150	857441
453108	112196
119414	806123
149885	346237
732410	114101
509274	489590
765811	78232
933076	794046
183473	240907
80602	378745
631825	395846
626393	89877
702216	392362
20608	203153
51758	710267
566283	245385
684658	14703
240446	219485
197038	610911
184858	962141
884807	44792
467331	222803
994951	412136
215184	163440
238271	107954
307586	287044
883529	362032
601204	614706
210691	546983
881360	161348
940364	723880
965779	183267
88238	506175
336133	170344
861683	106955
389730	375123
50204	404582
554873	662808
425152	268072
622967	342077
5364	961789
352306	218123
445931	668776
685669	576951
34109	487366
398966	953768
830191	355266
123161	7790
857465	411737
27828	379628
143777	229136
952532	163890
51976	21591
962036	316160
145946	496760
582239	517126
745975	67018
854826	433531
989079	23604
697798	1481
268220	330446
353998	977602
254988	476962
287390	81831
673854	389022
193371	226201
686908	516637
630570	579986
245605	662461
572400	165372
383526	887752
191470	771604
959664	417472
812711	790398
347326	83419
944777	42041
516087	697709
976565	320096
624286	277151
718450	632364
862633	164843
797334	465499
835451	475949
661523	718658
188820	571642
905831	715279
683085	314658
938557	248408
133568	42090
938907	390336
15136	600714
214160	607197
435177	506420
687981	978735
251441	625594
421695	307073
456445	530525
985232	989755
413587	385284
709707	474877
940633	389563
533979	262044
657564	196790
327745	974504
995541	564702
367275	325983
84320	761188
550188	521437
663348	889762
65082	54093
698080	505975
542342	141108
512933	341138
275384	435882
695728	40396
347485	784525
489292	949729
468429	884831
802809	777202
916705	845277
771209	517720
205784	25219
122667	212766
315301	721429
623761	745875
527215	415316
934969	14651
920138	434017
186253	18646
348433	141002
68356	941799
571839	650724
809130	454716
21513	660128
879132	717153
263772	269022
944920	909733
437358	693021
493974	286029
36772	987439
708678	415804
245874	338288
819273	425801
304165	36825
52475	58951
934525	945642
883261	423412
856102	455336
46333	531065
639770	598727
359277	506952
285333	971606
24609	547009
668384	350992
619500	906048
538520	709897
342182	990353
776990	616435
388222	822996
727814	549259
188902	42853
298140	344586
2193	222583
236834	55607
333596	663097
210076	805365
442796	193230
523374	461286
810563	608906
224871	974531
680808	695625
858072	191129
421794	745849
915888	644190
469195	797160
543910	927152
507292	650908
820580	485371
532907	991540
935866	165973
733709	505622
338415	361013
136828	922610
823191	653667
668105	977185
96266	227672
264027	769942
448679	982236
638999	208805
274886	973113
106199	710946
619992	999984
840984	182203
180119	514456
256633	250245
17500	525026
812026	575560
101317	427831
903283	801783
921241	156839
304164	819237
226929	295564
445512	722611
166586	755141
178680	349493
83559	840676
302761	29514
193754	398585
285932	77022
629798	771035
246932	280640
580848	347628
337855	822470
769947	76770
372441	573990
443164	716652
547765	925200
655260	314624
818915	303137
543470	209778
297455	404425
711660	171691
581222	217722
888635	392998
295647	943433
872888	328512
179977	462318
987359	562185
614746	577978
6855	337838
622940	611914
811952	322159
634426	299005
492	900338
963659	285781
844024	516444
280922	827739
414697	552399
858437	703712
389579	140494
30039	587773
36001	383628
836223	549591
623469	333080
939696	384117
35372	973013
528195	726972
566284	471205
494454	503305
797121	272714
854820	29836
408698	793314
279811	871489
802157	677226
137890	408917
278930	843743
458176	549041
239861	993250
293502	389965
698427	368256
691248	200573
281677	471829
669196	295021
589003	96182
545153	258333
177019	479401
714414	231301
781598	119103
525042	294843
528400	768178
518198	344458
532503	319151
714938	637199
267732	658813
311504	584017
577276	511963
546499	490836
989508	769592
313735	198464
745763	649936
486934	794644
399174	216455
804094	365970
123546	580881
421686	702189
706200	466903
18043	773959
175804	475330
211585	975376
831498	258416
407677	586692
148980	122656
327025	687256
307539	188281
962023	84765
433824	851826
603335	459780
727114	746769
659247	323921
410285	857060
21839	10144
542944	699404
717489	442766
600399	201756
226	45981
935405	826578
124537	749986
729717	736046
973695	535009
349399	100083
958726	441367
541007	593951
64944	78836
153965	416155
264501	735411
915853	835522
376391	543470
699491	13418
715723	373568
40454	167553
892197	240720
837454	681650
988367	807058
1327	513320
150410	814963
726364	813598
671398	987024
314805	507517
737231	568923
475176	267081
670639	488184
481104	766910
265719	259900
871682	888433
405188	728426
709416	30456
830350	414523
108454	400880
659344	297727
484910	974500
976726	945458
52697	182694
735320	879531
641648	689374
992285	307560
208906	250068
552920	936178
67388	453072
809263	603864
94511	518385
562132	237215
96867	555916
15237	943375
288727	143137
773050	435389
49590	516976
389410	962987
923638	438016
864759	239862
236324	88705
24458	754944
864047	532742
210801	299640
95390	970666
454035	489126
268945	566987
753562	692459
925510	146371
285205	786050
642477	819292
973410	915336
956421	219177
632874	381785
866069	741160
730612	492719
241562	53868
169911	830147
55929	406540
509068	756650
69120	429920
842004	910327
411414	395734
560597	10588
268343	280662
250409	49755
509806	610254
637022	164483
937470	429416
378542	432321
761811	961494
404475	23482
737763	539397
730074	541214
969657	291076
260377	726051
985063	268541
56421	683431
125939	264551
118237	359584
325958	363618
680707	559681
756391	332658
788898	532493
810034	639878
973099	178704
243598	175642
869104	651566
662895	473160
799007	369161
671128	336160
549197	841780
26492	580790
747016	815079
798931	5107
471528	853050
364021	485787
647488	932460
820819	152219
709613	924325
126030	145772
315668	14986
563693	389618
95298	420190
642537	783673
594668	905884
765680	121473
497160	118610
42913	981711
634130	851
16643	666773
248147	310675
310890	593330
919386	653523
859574	144733
733858	374170
356528	989632
863875	40378
435174	983624
185166	202542
230086	587566
794086	245981
904415	953903
969816	809299
314699	506512
891734	752430
705267	635256
147379	585103
515401	568069
111910	658374
489685	204740
740397	60802
111456	690785
268834	813370
345857	379497
81828	624359
57114	37215
372444	632465
638173	262535
724801	453143
102856	45104
909366	653683
493708	723863
745507	955222
164807	717687
90973	917756
629020	801838
833437	264339
894444	259965
139028	984756
844897	430816
345494	802911
393887	328513
446064	856396
119160	591288
501398	615934
483956	811796
932967	245628
798994	737446
117611	85844
862867	176092
130343	526742
934256	84662
715399	764403
892840	999084
433103	309568
302030	35664
495973	402387
620038	368823
619303	910417
150233	689227
551520	821327
970221	350154
84627	40329
134356	8988
775764	53797
868105	713930
322980	797715
336481	832505
251095	179689
302868	586174
981566	537911
639476	472045
421574	505694
105395	605061
335351	396188
81844	198516
112089	173615
414774	573003
261232	163684
139957	408849
423650	940427
492211	459265
746291	857263
174472	754616
723312	748940
689952	945457
637391	684712
536500	955967
354414	802656
961	511949
730936	185737
56639	440028
318819	171901
702023	337594
412029	127124
836278	326673
27567	490504
158604	28395
881291	246981
425618	637129
279809	53331
884194	402605
555524	178370
606625	922161
912142	594626
440064	240428
494938	836712
101709	796623
61419	215687
723232	55924
695085	228216
600167	125943
703852	337530
621155	566850
785667	28171
534505	837669
71705	180254
911008	625123
101306	388310
47508	527480
706058	115498
649651	926211
230906	261539
568505	194071
280187	301868
137226	840213
12657	80175
363533	571199
922715	295455
843061	200526
520749	890460
339152	627609
583289	828513
456908	847919
887790	31455
263462	876932
15646	669124
471739	158514
823480	150489
420402	179633
204018	413122
416255	683544
425467	770280
534705	727910
528462	216807
35879	396984
332387	764319
594910	881972
653229	854927
370452	884006
441978	957582
960647	472389
29507	83150
795029	108922
308732	648646
867926	98301
29819	97718
677027	175643
945888	147198
142444	835002
76137	917216
358706	736905
85736	437481
596009	617006
687187	762331
698351	420374
999949	813615
214909	383940
152704	979238
396673	820424
748386	786789
851628	866696
543323	740726
796879	253829
210031	737210
702612	650041
984570	666356
777535	595701
453946	675276
394771	875405
561839	628994
756720	99012
930904	86795
12269	643900
880510	359719
694189	156608
607979	166173
