39384 30887 
42778 36916 
47794 38336 
35387 10493 
16650 41422 
2363 40028 
18691 20060 
47764 13927 
30541 33427 
39173 5737 
5212 45369 
2568 6430 
15783 21531 
22863 15124 
24068 3136 
13930 29803 
34023 23059 
33070 48168 
11394 18457 
25012 28043 
26230 27374 
34422 44920 
13785 48538 
25199 44325 
48316 14371 
16414 3527 
26092 18981 
9957 41874 
6863 49171 
6997 47282 
2306 20926 
27085 36328 
10337 26506 
847 21730 
11314 25858 
16125 3896 
19583 546 
48815 33368 
15435 40365 
44044 13751 
21088 26809 
17277 47179 
45789 43585 
5404 2652 
42755 12400 
49933 45061 
49677 43369 
47740 10013 
36227 48587 
48095 47540 
40796 30571 
1435 10379 
47468 16602 
10098 12903 
23318 20493 
26653 10757 
47302 10281 
24287 9442 
3866 29690 
28445 46620 
8441 44730 
8032 8118 
38098 5772 
34482 40676 
20710 48928 
4568 27857 
29498 22354 
4587 26966 
5307 14684 
6220 28625 
1529 32872 
5733 48830 
9504 30020 
8271 13369 
9709 36716 
26341 18150 
47797 724 
42619 2246 
22847 43452 
42922 43556 
42380 47489 
37765 38229 
19842 42351 
15194 41501 
7035 37765 
20125 24915 
36988 25857 
23744 46492 
22228 48366 
9860 31937 
1433 2552 
16438 49229 
3276 25408 
1475 26122 
18859 44396 
36030 11238 
8236 23794 
15819 44429 
16144 31012 
35929 39530 
18777 22405 
14444 5764 
14614 4539 
18607 36841 
2905 44819 
35129 20689 
47370 17918 
19918 16997 
43325 37744 
9471 12184 
48491 45500 
39773 6726 
35645 5591 
17506 18140 
2955 19787 
7670 38083 
8543 38465 
10198 39508 
9356 28805 
26349 28612 
23623 27829 
49300 37344 
45747 35569 
4341 5423 
23312 13811 
17606 21802 
25662 23731 
44879 11306 
29321 28737 
29445 48627 
48523 3466 
36709 23417 
8283 13259 
12925 17638 
42063 5625 
12601 32037 
33453 11900 
19380 45551 
47469 40072 
974 37132 
3882 34931 
8934 45895 
8661 20164 
7200 37982 
48900 2997 
2960 13774 
22814 39669 
37191 31096 
2927 16467 
15085 11341 
22091 27685 
43377 5543 
5937 29108 
17446 19757 
19180 18419 
6888 39413 
3349 32173 
1660 12010 
2337 25211 
16343 17588 
28207 19302 
47714 17373 
25322 1256 
14820 44600 
17722 29905 
5940 39812 
23941 15668 
11706 46229 
11128 29151 
15985 46659 
13921 39225 
2423 17270 
21397 4082 
45631 40085 
29293 11973 
7673 23851 
47626 5386 
41223 39300 
6641 6043 
33899 40714 
2299 6191 
30525 42591 
38210 8582 
38820 49337 
37733 21156 
45995 18005 
10380 14770 
35274 31777 
18851 47256 
21861 48143 
25580 45885 
21994 23206 
17622 29568 
12505 40614 
1962 12755 
31327 4260 
18945 28203 
13203 23507 
36785 2022 
22843 40869 
39529 35190 
8873 49909 
49959 10499 
48037 18809 
7754 36249 
33304 33334 
32134 21649 
22891 49755 
17568 1747 
40369 19530 
14501 38047 
23789 49798 
16250 36991 
23304 3034 
5364 12498 
10254 44893 
47687 19126 
11153 13997 
45976 9189 
49158 3730 
45437 32461 
3415 43922 
20461 26305 
10029 38028 
28051 16749 
7557 8903 
4795 47698 
8700 21044 
1040 32003 
40429 6404 
44501 682 
17648 8539 
36160 45152 
22536 32135 
4340 21693 
2216 16128 
20505 5630 
10050 40965 
48286 36430 
45344 26336 
3178 2901 
35239 7972 
16950 10290 
45368 17989 
42293 35796 
40744 3145 
2830 8391 
11683 5341 
3542 570 
3827 24233 
22262 6043 
40361 9118 
28024 16762 
82 26310 
3191 45426 
18997 6368 
14678 4235 
30691 31627 
14525 26058 
49615 23169 
28206 40359 
26313 47387 
15101 4347 
2727 34995 
4917 6553 
25579 43530 
28947 32291 
2648 6971 
49052 19081 
49632 18594 
30858 18628 
41313 11887 
39215 38356 
43513 20091 
14413 9480 
9611 8970 
16190 2275 
6356 47642 
6621 25434 
48988 27889 
48339 24567 
37771 27285 
6857 40418 
607 22261 
25850 238 
7206 23060 
35218 48519 
34946 40784 
36874 28459 
10874 17638 
4290 20484 
26608 20479 
22758 49315 
34472 45730 
41101 33460 
23619 39439 
8026 11389 
33075 31234 
18158 33682 
3494 10359 
271 10700 
33418 1840 
25570 18364 
42623 28795 
13174 19848 
46432 17463 
6683 39391 
4293 45792 
5058 5116 
41522 46158 
38575 31492 
1948 12952 
9232 35022 
10538 43741 
35055 14031 
4099 35326 
41082 37517 
3517 33003 
22232 46140 
11797 35405 
32339 24581 
19219 39022 
13971 39863 
34813 35380 
44978 42686 
31537 49905 
24177 33484 
29208 49760 
34858 39745 
43500 19912 
20128 13951 
5237 27561 
17819 25106 
10564 40050 
21245 38712 
41806 19935 
13292 27376 
8956 43615 
33590 43769 
28994 44919 
2806 26883 
44823 26983 
26718 24031 
43094 11575 
30127 36594 
31487 254 
544 3075 
27815 34714 
28180 38378 
24763 15776 
27089 32920 
35711 6733 
10295 11018 
347 10236 
21138 45692 
5154 23944 
22574 16329 
926 49292 
6711 44019 
27218 36837 
46964 25056 
37091 13859 
28131 14905 
48572 22662 
19634 39686 
4790 13074 
22605 6852 
19806 49251 
17869 36504 
9486 39007 
32196 14640 
12950 21121 
30968 30227 
36764 37678 
40597 13982 
40866 37561 
39037 27956 
17771 33519 
9212 16343 
22533 45197 
22380 27322 
8271 44985 
34173 44428 
44235 2041 
47284 20073 
7399 45831 
1064 20348 
16951 32031 
574 3715 
36060 7523 
34048 26925 
45083 39436 
21233 29205 
22955 30444 
11899 45487 
25641 34279 
39160 263 
29263 39684 
11042 39849 
41724 8325 
26273 49123 
4155 27336 
35822 37458 
9366 2748 
41172 11777 
10270 25219 
38702 21704 
14654 9934 
908 3960 
6729 12807 
15798 48721 
47085 21309 
15335 42699 
10992 26377 
48899 2716 
1053 25172 
18190 21560 
2507 4011 
9017 28225 
23110 16540 
40001 33379 
8110 45054 
5082 39115 
21339 5990 
9427 28068 
35148 25224 
26788 32232 
46533 42123 
41282 23876 
34851 40180 
26591 2255 
15351 11132 
23814 17858 
31495 49182 
46082 4604 
15721 2434 
37983 40182 
47488 9416 
29297 18826 
15405 38723 
46893 552 
30298 40033 
49135 43182 
48507 40416 
17058 49709 
30596 10000 
1963 12298 
37484 25777 
30155 18978 
41310 42588 
39933 23383 
45022 44267 
13564 8861 
3683 9212 
27686 19087 
14286 40931 
35991 44584 
47315 1477 
4117 45821 
41893 37526 
45529 38840 
47526 47491 
1137 1361 
39619 47644 
20338 30929 
6583 26622 
4311 17956 
20889 34226 
26816 24571 
43438 20854 
10009 7723 
11784 12351 
18658 9098 
13828 39127 
21270 22072 
26652 33150 
10911 40529 
30640 28399 
41889 36611 
42394 28578 
33891 48977 
5200 4553 
16932 26088 
38778 10100 
658 48567 
30953 27018 
22642 42736 
39369 41299 
18185 3196 
46777 5806 
25267 23429 
38955 2529 
30309 19594 
47279 22198 
22556 39673 
775 6446 
5001 22326 
10998 38284 
48413 16128 
48383 15422 
14694 29335 
42440 37335 
38422 48160 
44986 22958 
1355 41762 
28763 42973 
31542 17717 
11853 11851 
3663 25483 
400 26218 
15155 1174 
49016 36507 
39852 26365 
24791 38264 
42492 23173 
20038 23538 
18860 28829 
10872 7281 
26988 5857 
46591 28342 
13971 25353 
37666 45512 
43070 49518 
7362 13084 
41352 24113 
39301 6507 
41639 4668 
9365 31490 
31033 34155 
36105 39876 
23680 6142 
13413 42539 
34970 40637 
16171 11957 
12845 12761 
6650 26815 
4466 44315 
22327 13887 
10184 46040 
26970 1536 
20153 32622 
24394 11791 
37290 110 
9632 34674 
34265 45736 
24549 24296 
1878 4314 
16834 3199 
44950 49356 
15156 7794 
28469 38157 
961 32934 
48824 23287 
13172 25359 
35678 40141 
43246 22182 
22762 33991 
324 10051 
34101 9955 
11076 18365 
22043 35625 
42660 23920 
6290 25845 
43470 1239 
41552 24977 
25384 20020 
13134 26344 
19305 11957 
15982 32476 
3667 18012 
38968 46913 
40193 11730 
30903 6869 
38132 15003 
33175 49208 
49719 5217 
1184 42378 
45488 7473 
34574 38958 
25063 26126 
13934 16798 
12497 43419 
43142 48154 
21727 25475 
46981 25394 
43486 35949 
22306 31 
14030 19560 
6899 2161 
34563 6425 
17720 34281 
11642 18903 
43011 23481 
42727 27584 
28790 34141 
3709 42724 
939 32558 
2494 10432 
30711 24221 
35906 27691 
49614 29392 
13639 38271 
29422 27668 
7830 2672 
46181 8744 
9096 13900 
43025 37089 
49155 2387 
10570 8233 
29970 5711 
42374 31 
48434 9664 
32588 17280 
20095 29650 
41500 22352 
7340 7465 
1743 37331 
12087 47516 
31350 19916 
187 43882 
45012 25635 
24134 4388 
12723 23288 
6774 39644 
31520 36743 
45355 40245 
3125 10140 
16260 2064 
27419 36354 
31713 35270 
8706 5405 
42734 26800 
42735 4820 
24316 40436 
41088 40854 
670 2451 
16488 24803 
6838 45563 
48090 13611 
35206 45961 
16705 46912 
2558 19830 
23404 18817 
21893 822 
21523 3606 
2444 46580 
25362 11529 
23379 34448 
32701 14046 
24883 23788 
4900 25552 
42590 21387 
354 49427 
16949 14795 
13037 18507 
27108 46093 
15418 29665 
15922 38821 
48481 4167 
5995 36355 
24124 8438 
32934 49485 
36318 6313 
33932 19018 
36710 25166 
9157 41609 
17070 1746 
12996 17423 
1172 46296 
48570 30560 
14802 25677 
26653 46572 
5341 8926 
1744 20173 
13092 24090 
6528 3567 
48879 5813 
3051 35197 
12125 3334 
4214 15187 
28500 13371 
6795 45569 
15116 36142 
29343 32640 
32438 44264 
13199 13591 
19940 6203 
26514 41632 
15129 28258 
11805 44572 
2347 34684 
48139 1226 
40496 17541 
36422 18973 
37227 40635 
34159 15726 
20357 40953 
27646 35473 
43447 23340 
18112 25884 
17604 47662 
5826 37543 
20217 32340 
29175 35345 
10597 7331 
46268 29295 
42014 10758 
30520 48861 
44651 33293 
17833 31877 
40280 1991 
13954 10636 
9296 41599 
46108 2742 
14938 30571 
44977 32541 
44585 802 
20084 14801 
49493 15610 
16497 26441 
22940 12764 
5736 31305 
39874 2607 
30165 34524 
2252 14350 
32752 42531 
16340 46705 
3166 41987 
38303 15626 
11080 19592 
12548 22408 
18485 7132 
39562 4920 
21932 39054 
20529 38428 
15495 9820 
17544 37582 
41124 23769 
40188 37640 
24644 42439 
1989 7395 
1321 34681 
4099 4487 
43019 8753 
36464 4099 
44696 49011 
26506 13180 
6143 16067 
18099 44426 
21473 4979 
32854 36967 
14798 16749 
24548 22273 
40517 31087 
9913 15160 
39878 11901 
22554 41198 
12933 43004 
12036 5952 
18108 48499 
10050 29155 
13862 2907 
42335 20004 
35326 26785 
14429 6798 
31764 13634 
10116 46561 
30382 1015 
35186 20898 
32101 45098 
2409 38330 
23350 41314 
45880 2635 
34317 7915 
8586 18776 
22766 34987 
47931 36627 
37893 6617 
6630 39570 
49753 37410 
46367 31516 
17396 22834 
44429 47777 
23848 29614 
35027 22301 
41063 3787 
10630 30764 
45101 6509 
33398 29417 
30776 41983 
14545 3541 
43321 28827 
6519 47566 
1795 29500 
37135 1547 
16909 49854 
33063 34304 
22687 43843 
48433 46535 
39808 49811 
18835 30870 
3597 45816 
27985 48697 
2325 11383 
44466 49452 
19717 25362 
19344 13038 
4188 25862 
10603 5982 
5361 14089 
23880 38621 
13942 23294 
22925 36629 
17136 37709 
33163 6943 
3871 1997 
4164 7467 
47812 48501 
22516 16488 
26235 33333 
32291 45951 
8694 1634 
25340 12881 
27495 2294 
35214 32855 
16383 25445 
21476 30324 
48739 10752 
16952 15874 
14812 16466 
39169 18682 
34814 9684 
42500 48978 
24536 15015 
15465 770 
48347 14108 
13073 23392 
15741 38412 
2624 9588 
7058 37837 
8794 23440 
13282 46621 
20115 28372 
7372 3419 
10597 38535 
19884 49765 
23568 4698 
25801 16068 
3675 336 
47434 35491 
17458 12133 
15950 30530 
35524 31691 
35293 38148 
7630 42350 
42336 16423 
32141 21969 
13044 2256 
340 36767 
22026 10937 
41654 8261 
27053 15221 
12958 19205 
31288 32984 
19541 28722 
34827 36998 
7206 17128 
33879 42729 
15170 19171 
47228 22799 
11521 39564 
39222 43661 
27884 18617 
12268 28224 
5383 34293 
5512 47036 
42554 32564 
28609 21863 
1769 9896 
21199 37661 
4969 22377 
41010 12174 
39504 24888 
21255 4674 
44058 18482 
43824 21930 
24397 33045 
31943 2281 
18013 44210 
46856 39748 
44855 2367 
3135 3760 
1282 31743 
41974 19402 
41639 13172 
23414 12959 
1900 14423 
41485 7756 
5662 29091 
28781 16072 
13924 22604 
38001 38321 
22001 19943 
6953 40013 
30505 3808 
29760 25359 
22526 32895 
29118 40159 
14637 21091 
9561 22627 
615 32974 
1938 18866 
13749 43422 
26621 19410 
38864 5401 
1833 2787 
28005 39834 
7459 16357 
26128 14411 
6369 6632 
34570 36129 
48342 23447 
35375 27459 
13606 11 
14902 23166 
38990 31868 
22491 40927 
733 36239 
700 43706 
22001 39563 
15458 23833 
42349 43462 
30018 49808 
26170 22498 
30570 32539 
29129 15140 
35019 27471 
38586 20393 
21281 18543 
36755 2534 
41708 25744 
34401 30551 
33022 1486 
16789 33721 
45191 5141 
39635 10648 
45326 31984 
20462 41695 
48143 46631 
14192 45064 
45521 43321 
26555 30539 
37143 31493 
931 8423 
35 37686 
27309 8095 
29781 11709 
38645 12803 
29546 21785 
46523 41088 
26926 36158 
1736 38603 
34493 38549 
30297 48987 
1531 10841 
44050 47052 
20513 36957 
27590 7655 
18449 44873 
32429 18483 
32558 26089 
26577 12338 
37798 15221 
25140 33695 
37006 38015 
24783 30283 
40524 42870 
35237 25016 
31418 31885 
40354 49300 
42725 755 
46351 13237 
37711 40293 
37243 6159 
35165 36024 
24642 17722 
12112 17570 
46411 16261 
32791 37903 
49956 36148 
25917 41090 
32782 16440 
33959 18018 
7807 15376 
49902 14512 
14675 8979 
15266 27378 
38567 2977 
17670 42162 
9135 2834 
44537 128 
36907 23000 
17698 33317 
39261 16840 
37571 5568 
2987 13487 
13009 35768 
46278 46967 
20137 20436 
28694 20038 
34947 9720 
45368 213 
37097 33935 
19541 21118 
26096 28675 
23951 20632 
28803 27209 
43631 12852 
10526 49243 
29691 14448 
21162 32677 
27935 34170 
34796 40564 
31136 4932 
27352 26181 
41321 12298 
35901 36689 
28862 22997 
36975 48402 
44115 13070 
43429 34417 
53 38583 
11626 43683 
1434 38503 
9278 31124 
2950 46791 
30152 47236 
30961 14947 
37800 28448 
36230 31503 
4629 27550 
43800 40529 
30590 39014 
29877 17564 
3767 23991 
46985 47195 
24760 47037 
35777 36385 
7072 37210 
41239 32701 
34685 10540 
29491 14836 
7776 10451 
29782 11927 
5251 32363 
43429 9879 
26265 3580 
16759 6854 
8945 46635 
40770 12712 
36978 4106 
26258 11737 
1143 12035 
14473 24566 
15596 5711 
7266 16633 
16250 3108 
31468 40377 
13559 27602 
2303 35161 
9964 12083 
45039 36228 
32015 11797 
9434 40959 
8431 16555 
3670 45408 
20660 29928 
23496 21802 
8314 37968 
12719 40261 
10030 36336 
6893 42632 
39444 4713 
33008 19354 
32314 1663 
4514 8629 
30097 49552 
44857 12111 
27700 20642 
3070 2482 
37196 23091 
47890 7855 
19370 37737 
46009 27683 
25705 8727 
34296 35734 
11415 41188 
28365 858 
12252 27725 
20211 44565 
45739 24724 
3194 25835 
40627 14402 
37946 18326 
1395 7367 
20807 38590 
30457 35048 
12796 49827 
22785 8804 
43861 14841 
33883 28156 
574 11649 
35696 45291 
12506 47947 
39367 49068 
8864 35105 
23791 28409 
27291 30769 
9162 15236 
49094 10556 
22602 36252 
49145 19411 
37652 28292 
35589 10436 
3448 29449 
25276 3682 
23957 42201 
15330 9652 
3843 27835 
23950 9561 
26902 49165 
44665 17044 
27573 21956 
47812 36734 
3543 13257 
13641 42497 
15860 29137 
28259 3511 
7429 13847 
30298 10876 
43295 21925 
14557 17251 
14126 29886 
43254 34320 
24072 33556 
43881 17325 
32720 4897 
34368 26645 
43204 48531 
29730 46747 
11787 43371 
5595 27646 
38859 33853 
47509 46287 
47699 27806 
23514 7345 
49731 4422 
40948 30208 
659 34201 
30879 24730 
34108 24759 
42054 33180 
46008 42773 
26176 39211 
41303 5905 
2309 19441 
15627 7903 
47087 4486 
8107 10947 
17124 5805 
38752 40638 
29502 4834 
11411 20449 
1393 12070 
21001 32272 
3151 5109 
23382 11557 
38288 19389 
4329 14463 
24952 11984 
36719 27260 
31424 2346 
1515 44862 
23183 25973 
5808 6658 
48130 10912 
47295 27631 
15745 25058 
48079 17138 
37127 19079 
15761 6629 
24187 39142 
18185 28826 
24883 38866 
9640 49834 
849 46359 
43445 48624 
15056 11311 
43486 4590 
37284 15645 
