1 10
10 1
100 200
200 100
201 210
210 201
900 1000
1000 900
1 999999
999999 1
930887 289384
636916 692778
238336 747794
760493 885387
641422 516650
490028 202363
520060 368691
513927 897764
383427 180541
455737 89173
595369 5212
956430 702568
21531 465783
665124 722863
703136 174068
979803 513930
723059 634023
898168 133070
18457 961394
478043 175012
377374 176230
544920 484422
898538 413785
594325 575199
664371 798316
803527 566414
268981 776092
241874 759957
999171 806863
497282 906997
420926 702306
336328 477085
126506 660337
621730 750847
925858 661314
353896 616125
100546 819583
233368 898815
990365 515435
313751 344044
426809 171088
947179 117277
393585 695789
502652 705404
612400 392755
95061 999933
993369 549677
210013 947740
698587 636227
297540 348095
480571 140796
960379 651435
66602 97468
612903 710098
570493 573318
260757 926653
560281 997302
209442 724287
429690 953866
346620 228445
744730 558441
108118 958032
905772 738098
890676 834482
698928 120710
777857 704568
872354 179498
276966 254587
964684 455307
28625 406220
332872 51529
48830 805733
530020 409504
363369 258271
486716 959709
518150 226341
700724 747797
2246 142619
493452 122847
243556 892922
597489 192380
888229 537765
792351 469842
441501 165194
87765 757035
324915 470125
275857 936988
346492 373744
148366 322228
281937 709860
9973 8841
2559 4977
445 6629
2597 4807
2030 9911
940 4866
327 2187
6701 374
6249 5971
9521 390
3975 5277
5968 5957
7505 3172
1199 9361
6426 2259
2548 4605
3309 5905
2594 5195
452 6326
7269 3712
2113 5709
4687 2780
4241 7373
5003 2499
1246 5058
922 5032
7078 6840
7349 8195
5404 5505
8822 2577
8386 2575
3283 3584
1768 8653
7397 4319
2132 5668
107 768
8233 6834
8364 7166
9107 1545
6326 2084
972 4753
7082 3868
9309 5376
4637 2242
7864 1637
175 7290
6391 2707
6218 9163
9992 160
7499 7977
5089 688
5593 5681
100 876
6859 3592
1571 9734
8225 412
9675 309
3845 1492
9308 3600
5394 1608
2840 1158
3435 1294
123 8888
4325 8029
2421 5682
8323 2800
7147 5702
8984 5717
3033 1446
6447 417
7235 4278
2308 2485
9035 6660
8988 1484
7878 867
3303 5636
4185 513
8680 9115
4891 6049
9701 7579
8559 5900
2288 2378
946 8178
8475 4838
7507 446
5717 8534
7295 8343
6555 2292
2197 4629
4049 3426
5584 6234
63 7008
1034 2595
9092 7799
4246 5510
5812 1730
262 1585
1725 5625
7446 1342
9544 9185
4039 91848
59549 53785
59798 90625
80611 44856
67094 48098
54976 38073
83135 62447
7738 99379
91964 81759
10825 13582
54550 21890
74399 39038
98060 70031
94145 69501
40255 22953
5971 33123
33962 22414
5715 88773
14799 70972
94299 46791
32108 92960
94121 10751
68268 2396
33084 8712
44537 50740
87221 81439
52016 49718
70557 7870
58125 16420
88997 11475
25285 41023
38151 26556
8691 7281
25996 49761
4554 22454
29447 56749
86921 43368
26719 93834
86508 31462
85163 8633
21791 30433
469 40107
38157 65155
71680 58207
56823 74908
20806 66361
52641 25418
1146 58202
10406 64516
94125 58626
25963 20323
70796 94175
91473 72846
83270 95728
10660 16320
92235 92026
75729 71416
59567 10022
17044 82269
93838 20086
64879 75372
49642 10626
49302 60863
3120 14836
97927 95164
710169 892732
847032 914615
824396 784912
784009 963557
464673 391619
827704 432990
320992 664096
450291 582094
865351 154596
159943 960184
177386 125878
789591 503879
612213 688132
859625 566003
667021 573115
917787 800588
528213 511138
540339 954215
141965 222932
637908 537122
741844 463960
969867 538324
14542 273311
569225 230038
70944 364825
424620 222761
736600 447540
762678 133507
791786 934130
243486 558265
500565 523621
673541 46986
30309 725834
707265 242949
558289 905664
315990 642584
120708 836323
600835 370935
864441 11465
209720 196005
41151 578073
332517 813922
791388 560131
514733 314033
162766 843423
38841 564357
171180 740582
335401 967944
75948 879943
478182 75207
207422 908647
982355 427004
899924 334904
353634 35961
758597 275636
365251 200431
740039 674743
331190 119769
963162 166519
590721 47880
747972 473569
106622 576715
578679 231568
526348 626746
14158 787308
587046 852640
482742 682845
609808 610370
10346 528939
238125 688464
595926 135732
374062 966247
321245 323593
930981 60929
907510 215653
52087 761402
761265 743178
505456 588287
900184 563706
60126 44831
9245 11910
56419 99638
91421 52785
66960 28467
42717 87589
61525 18212
62471 57885
41656 80620
18773 99715
37521 41685
9459 64845
45974 8540
19800 33661
86873 16378
15440 26498
4148 96025
43771 14283
29706 88039
69380 55782
34221 69119
84030 93124
27042 68027
4053 64472
47185 353
59051 45641
18804 77754
18666 60153
26813 27138
41497 11014
14668 12813
299 60692
85247 69897
18410 46982
44700 56312
87352 57099
16609 79228
25260 97804
22167 59856
19898 43421
77919 68239
66898 83144
99046 10749
39218 81771
57662 12944
82138 74490
7420 69110
68483 97042
97250 94658
79168 12093
70074 2811
94913 4764
10827 97739
17726 17463
10167 44369
39402 8796
64201 90484
70245 77060
95479 92444
83255 96795
96663 21798
79590 47195
16906 9113
40014 15806
49552 39150
69761 96657
72474 77190
22008 39469
88995 64071
89821 97614
56513 39823
22754 56710
3726 28181
81210 93742
58394 34483
94554 49661
56758 52335
79324 20836
62530 96336
94022 22285
3973 91266
94598 51443
90477 75442
2187 97877
61503 46002
5525 83897
39254 61116
86822 4352
25722 35100
90949 73423
30894 74751
29520 50901
2991 75681
9480 51995
93334 15851
46799 93720
20878 48199
90864 85342
84367 1247
37154 5523
57331 14525
90783 12448
40729 8701
53306 47587
80345 15670
35394 32082
80710 34172
42670 24193
30390 63970
5855 34737
88421 48955
14306 38655
82454 99947
5592 23093
49605 16083
36714 88499
61517 2454
35735 56353
12234 74383
13022 85263
2910 52143
71981 2258
41876 52815
78580 59816
31129 4109
66302 53167
92317 72087
11325 53768
85435 48380
30703 60151
79372 68013
32936 25348
21508 53029
26177 93173
62567 95914
68630 25151
64490 5905
71481 31849
9542 34499
46334 28998
99343 71992
50440 13226
70553 4288
25987 48955
2457 72055
98452 37742
32227 99204
28862 7470
705895 504570
393507 613874
1987 96325
551088 995212
948683 211997
637082 700336
349564 299496
141832 481034
653475 962354
97785 68494
711474 613830
574648 571096
928340 261417
998261 560766
724689 210035
955060 430584
228809 348567
558662 745000
959095 109751
740212 907779
835951 891498
122320 699719
705199 778355
180753 872878
254914 278538
455576 966387
406572 30225
51689 334912
805845 49950
409882 530535
259984 364942
961118 488793
227714 519781
747997 701013
143736 2414
122997 493891
893912 245316
193611 599111
537876 888567
471989 792789
167105 441770
759177 87881
471994 325070
936996 277839
375019 346879
322578 149207
711820 283697
152204 453738
317682 900200
154752 975621
902614 277748
469512 796526
37269 663122
909841 575144
65895 896034
367933 232999
337804 641314
320880 324002
966383 257876
116046 855606
118959 438623
4814 344984
236524 671221
798721 68410
571422 467677
44031 988240
259630 513543
298971 296898
690869 208812
386246 756763
619050 268383
503967 471059
909697 339051
309265 390285
111131 939514
760096 230090
378138 279114
575073 128866
950334 887998
197276 35961
355676 755510
24201 615305
269053 323171
426407 474127
46187 812652
230890 179442
81035 249061
650500 504936
588111 473969
409426 213447
413484 169522
443536 305826
962839 532813
434691 913173
420811 146171
949134 290691
901681 487539
905995 684938
810710 846606
159065 371101
659258 389955
550542 254498
153220 715246
273638 741331
189216 683063
954777 116904
366789 912517
422729 329628
445330 857419
757006 380345
517795 220345
671036 419476
707883 91236
104414 32798
452047 263479
403899 625509
167638 468645
880006 320857
698096 667849
576392 401516
865116 45374
518419 231906
957890 941147
75738 917424
312771 346948
811974 830565
567292 997214
764245 789380
602654 868659
822177 54701
646342 740280
680210 813979
208926 74421
649040 907021
742269 739637
308537 607386
785010 341160
353496 257106
282307 943437
688734 109282
290386 500708
939847 371882
497922 218297
161262 614781
86956 983439
669481 247502
723719 349691
575685 446849
424112 224726
868074 680585
964362 690815
802175 263577
31975 155671
520682 828485
613313 723621
937767 903698
224329 391819
789784 236456
610115 951046
851236 211276
448690 520717
458777 686613
384613 34463
133463 322929
773392 1537
517718 251959
692352 319894
515535 238531
475564 550422
67017 88877
14392 8101
12538 5190
5706 3352
3988 302
6062 7738
11664 2993
9182 9668
171 5661
3324 6723
5718 12017
4316 9307
10229 6774
3656 6625
4058 5460
8948 3018
4440 11667
4095 6516
4647 6256
5538 1548
14356 12391
3288 8449
4002 4112
7882 9092
9121 5423
12310 1452
7273 8802
3259 2107
12691 1132
4388 10262
8404 8252
3470 4405
7639 11696
6744 11614
6390 8408
15110 7542
11221 1994
10386 5498
6171 7207
11696 2180
14029 7864
348 11325
7881 11071
13890 970
10556 8733
3689 4430
801 12012
3325 8977
374 10931
5367 4128
10204 3448
11755 9349
14155 761
7343 5262
4367 6528
14147 5931
11332 5430
9409 667
1385 10128
13539 960
8612 9749
3531 3596
3058 11829
4530 2674
4745 6152
2769 9880
5228 553
2469 10910
11530 12123
9699 12611
1171 4857
12984 4540
632 9831
13051 11581
6110 9475
12946 4526
9919 3264
11902 7352
4381 9639
6212 9791
10179 5698
632 3014
2458 1672
4648 1419
6309 1223
9058 10752
10202 3178
3427 1280
11966 11380
11965 12335
12827 6711
4388 10420
10784 11376
630 11705
10390 1234
3397 12366
1242 9663
7618 11208
11003 9488
13223 2198
5138 555
13728 2915
15097 9237
4311 9562
14634 2737
6492 12137
13525 7699
2573 10271
1117 1284
10344 12583
5327 5517
234 11972
15040 369
1954 6865
8355 4113
5623 12026
12643 723
10034 3520
8835 6018
10666 9303
4976 2975
3786 7251
5023 12141
11425 11048
1928 8921
486 5467
13855 12165
3462 9135
8427 2209
7276 6650
4068 2967
5067 4737
3630 7526
12747 7514
9708 11830
1197 2009
10307 5428
11101 10325
4333 10910
14707 500
12823 5361
1350 5724
4215 3164
12846 11490
2189 8089
8308 7511
756 10284
12920 9889
13829 874
4222 5303
12585 11718
10455 4287
13273 106
4359 5831
2836 2167
1432 1639
10524 4182
27 6654
3021 3195
246 5340
5947 2104
5998 1632
2887 984
6450 12197
10941 3326
5633 12496
3949 1188
12698 2671
10789 9926
14014 6095
1511 3386
8420 7055
3884 7899
10969 7163
4245 283
1617 8078
3177 6749
13391 10944
8592 7287
1804 1823
14090 2994
1000 6037
3309 5336
12746 4794
12666 2563
1045 9699
9627 3343
8298 8527
7195 7611
2068 781
9761 7362
9748 5009
9803 534
14057 11118
4995 12334
2747 10764
4576 5046
2885 9430
9564 1940
6589 4578
13261 8697
2369 551
14019 10955
2431 9140
7869 4708
13600 1264
3784 11480
6259 3404
2261 8467
2258 3044
6037 4957
6355 1822
6419 3869
5485 8657
12399 6266
14917 12058
10515 5344
8212 2408
14163 4579
13398 4384
2982 8398
82 8934
4731 766
4257 4096
14522 3118
3613 5301
10873 4041
7688 4056
6423 1783
7573 4376
5336 4494
14070 2070
14526 10429
12196 9871
4256 9881
4485 2641
9482 11329
12797 973
6960 589
9203 6647
14704 578
14366 7900
10275 7373
4941 9268
6816 6807
12592 5536
11406 4775
7654 1735
1443 752
4867 3336
8637 7040
11102 6692
10652 8642
3029 7747
9499 9143
9821 10965
5929 53
9737 4855
744 7717
11702 7667
11362 8998
10162 4385
3938 6331
174827	929953
865683	981401
622314	787197
221469	798752
344193	765869
436545	611666
694313	731304
99503	976723
766889	925881
62684	198174
151786	932125
178572	335566
472642	619457
873431	930021
370038	432247
129166	766145
267499	983757
277951	454656
588048	798852
347550	683523
781388	993663
218065	754533
553437	650245
144717	912890
170930	593961
139269	386910
609976	788609
835661	989293
321512	602110
35480	943939
199035	203845
519032	563870
449941	991721
128341	746485
647669	755134
314312	541852
839415	863726
388356	887597
337337	618884
97883	514775
871874	992071
142979	942540
22233	684068
838651	917849
106028	880666
508802	827629
564441	848719
186685	308299
1657	862112
276663	915788
140381	347593
130986	432188
176153	556499
165585	279383
3002	36499
112242	876992
135731	334297
200375	260708
92803	842760
145583	820898
834315	970227
497916	817110
592891	812695
633730	909667
291404	893460
81576	937634
443387	641568
492781	537562
775716	914651
145292	458994
129556	714859
500112	527349
838944	941608
36527	78997
697092	755495
132257	507184

