290974 191287
150454 484200
698086 279232
151041 131538
475978 34160
883020 992366
968485 930281
319912 817988
388028 901441
573585 180987
774000 908403
180960 758827
199285 257211
769929 372283
33025 233524
143176 532347
507354 439609
429520 626782
922576 116333
562572 968151
788527 602930
51120 580342
783999 988554
805663 826244
827540 538476
587296 442225
876098 802890
480065 642460
476603 999306
591501 403727
744627 834424
9099 390635
290092 208846
185468 343097
231862 432550
99985 220013
436417 785691
525840 929732
292489 923766
395730 6113
112826 288236
666636 392081
51819 718440
308880 595817
372997 193737
719689 596905
214181 942587
827824 953950
342172 232980
771579 642536
616957 738934
100372 315729
914019 341395
289646 609252
409662 283982
385342 901186
230554 572836
786832 317740
349143 188964
635075 994520
333799 634659
825064 392196
775677 943411
151323 696817
485510 238355
329643 947114
232676 755635
426958 638852
651312 56613
373234 516066
580499 287370
286960 931562
581504 474294
508558 23056
388597 416325
753543 672779
5581 929880
728615 524137
533376 582474
114225 979543
332444 150678
971794 760328
993616 265516
226872 698067
643543 378860
810757 580017
802813 394790
984104 719914
41162 942346
768448 84874
893426 16306
118548 575192
836042 237524
696683 24647
291565 4557
168070 712565
325981 699935
531884 771733
980133 895979
611916 636951
184754 211893
838715 946931
50184 397958
48847 497869
992172 766399
501891 180630
160046 430886
408751 806866
647102 103026
617174 436415
923786 556031
413562 265061
577449 865967
114362 937532
392959 749811
738944 594913
217555 313995
841535 866007
981469 462114
663390 905654
290590 902275
694056 484177
845977 411116
825550 718846
303886 925516
210507 453800
447723 55086
68248 79074
143266 452384
688395 519821
318712 576184
855978 736606
478737 271864
446403 560594
42572 592328
542215 861953
80920 122397
774292 506340
98864 265454
692767 255638
912937 253317
789116 320793
915842 264018
890147 914455
964303 728327
434309 496982
85572 960593
175199 813296
376365 47961
127700 908651
5737 338581
497216 623972
146880 371553
140296 622786
353582 577366
956815 991838
443907 506865
225419 615095
121896 985748
764545 528019
973781 132678
265396 161545
83329 280229
165622 794958
819172 145276
99 120497
250017 597158
757575 464836
105976 719441
602264 654036
166664 858090
236507 979855
81199 362469
600295 974303
534858 114304
530791 132950
868242 851907
785697 16267
516205 492616
57231 21223
220989 66603
382116 758556
536362 881339
602023 228983
760653 502561
678306 909908
633335 564726
59470 700910
744681 939779
980272 972296
549240 768631
741472 492601
918013 118439
896601 487520
620100 928360
885690 485848
870408 264462
432829 182614
102923 739436
389366 2048
893992 643423
998226 314768
800107 254035
409065 469469
229921 682983
549700 401750
278276 156743
2479 332026
28977 541468
58731 638981
530603 131252
678934 822941
897601 32446
991361 962014
798499 341433
675637 477393
766292 391415
62749 411007
392652 441634
537193 522269
960202 158843
787690 571133
610297 339658
604360 732896
93141 586292
346367 989840
627395 53441
321102 909412
826292 582909
974555 712091
494502 220473
502992 821473
221499 115076
655758 896044
524729 325291
27717 550447
350143 445851
989289 771960
155631 791224
446357 454978
235761 40468
577108 874727
46512 423689
16442 282633
219657 452493
100417 573203
522367 812016
934340 113569
949661 287290
462496 601403
886490 611329
562376 771822
159289 714894
537005 6151
302925 781465
769800 943029
547070 772894
759061 135613
790229 423393
154124 756397
409093 213074
433180 401317
276276 464971
55929 250487
482298 928141
603090 306124
894541 236052
708480 8678
742883 75715
457927 170650
487520 207912
615139 659236
642220 845469
848391 914458
504352 111238
643256 338272
798923 492055
232996 388331
789250 566360
756544 616394
853009 699414
479909 218244
499891 501774
679007 4589
901782 370706
105200 8180
995310 637354
988915 387464
679710 76750
696756 830831
931967 471212
120957 66863
307406 359440
967330 373697
807723 492880
261651 994534
120433 410224
396742 911871
618408 237638
98433 427071
749560 376219
949688 524212
886114 92293
797866 448317
571327 914517
265010 253499
32332 614029
582160 244469
421328 30074
96963 525339
616275 524156
205121 210693
601931 971246
724665 135986
295056 880395
322400 770324
945050 152192
950209 292003
569727 442526
766001 883458
497443 941934
993131 943562
425006 595101
190394 327748
711216 436061
245998 119512
249296 490047
882868 535787
586329 852568
728049 847196
638091 640493
270925 828298
203231 888530
159688 300119
465978 789089
224700 547807
366318 754033
992909 681108
696064 360288
339053 575304
27959 786212
618634 734866
625462 881912
637531 255916
514125 99825
911122 666601
517496 367198
318845 714437
385871 857602
926627 108538
268957 448752
57358 120220
61742 100275
809430 857393
669167 187200
147743 424402
438731 98899
576875 381299
865097 193912
862232 736572
688685 650505
918026 876420
654313 721157
562332 620577
863980 334976
856491 228423
594526 894004
368646 319456
654551 290754
765698 170641
404028 266648
710502 206859
563689 431875
376812 939467
354610 287447
432492 477400
749720 504123
754111 113819
235709 296852
90675 925828
744670 51382
69616 599155
81076 342543
69380 797524
762238 374995
240444 377207
396943 172184
902320 594369
542650 808598
966235 750409
704734 694329
10086 464641
969109 567358
692654 796627
165425 800941
524028 196549
297641 209698
471041 888110
194355 695052
898605 966083
136144 661793
754250 794728
55956 933749
924045 727451
127526 439364
109095 693053
621143 766947
374942 808693
964992 357073
896536 675785
709678 564267
521898 437513
803885 255384
406255 365393
346283 698203
728454 878483
454735 956303
599325 35347
509562 965904
359641 919703
369126 178990
807278 729125
237395 224322
781838 625883
723929 804476
949160 350133
353364 207716
284999 683415
407667 120494
844260 756196
29931 999259
73453 679892
471891 633495
176813 721504
658333 896486
449681 778670
658264 311473
427909 897992
230682 207120
820338 635547
963349 540124
885142 688945
725103 563469
769113 928639
129731 438014
107829 14383
906328 275665
666491 586662
70654 500252
948747 25817
499270 8413
256938 383435
216025 6844
212927 635549
258613 489481
309943 834178
328376 387215
904752 875435
828137 982479
468067 499355
991412 220997
839326 730759
746301 539670
502847 308471
989212 497939
559117 317331
535755 520907
874605 353384
101230 455173
180222 149702
245297 408965
197644 150829
876387 4585
469715 7505
953826 689556
48450 311932
608519 493555
355893 535243
354293 606471
941733 443430
938023 864247
186222 633363
428252 139143
81276 207536
967486 775977
660408 248967
215171 247632
930397 876814
148957 523453
352522 48839
630249 535945
595748 568741
666815 853345
423917 341616
896705 415540
135348 147206
478711 730667
430454 995126
936863 240943
170746 2466
356102 798248
401862 621688
735509 753070
998324 227181
76922 277376
666944 414400
67560 18556
287971 896143
207969 549341
675093 719655
104067 81052
77474 864329
980144 212848
512635 714299
313284 474436
789735 791061
871514 534239
457296 214925
60504 956033
991962 616226
587668 447309
973067 533590
909529 562903
576427 871586
74002 74750
303902 475197
859848 773985
876659 948001
842917 981907
677485 695153
126504 446716
758146 912390
187893 605939
614144 961579
833169 484029
250150 965783
93663 75675
260363 592217
16684 328092
447800 86173
209482 911150
158788 803331
382651 33913
767499 619197
482964 443245
891644 308596
569859 448549
163560 615236
871198 288533
846818 68429
628070 430497
414616 88084
53099 170236
182286 87748
7432 843073
874635 395039
721605 392786
382893 924363
935530 916019
292324 388913
444307 672902
211964 737634
457868 7833
410361 94947
751232 33534
690082 201764
550245 241117
956735 958920
855633 961144
250444 823697
30601 379091
98229 322171
901525 994019
243825 684110
765435 14915
760289 416795
792923 604105
174698 575010
369657 169387
624544 229374
574707 856845
718050 272007
123194 841121
6031 505889
840336 634047
365014 194670
5096 849646
817010 526568
83417 581244
70295 290641
175747 86473
48027 174138
571946 632871
847697 696775
728959 664835
823748 871392
23811 837575
776397 828558
642056 531436
292098 695052
252429 103969
680722 776320
124155 940518
139544 659316
814175 878492
835 837933
664610 943292
740046 87013
792811 580456
58706 907732
431633 211965
521210 836224
789992 189852
922810 463467
771529 767093
788506 111400
576093 740118
308796 374701
535451 882020
391924 649868
43434 434354
521107 912660
33381 665276
258256 521354
308445 46668
524416 567750
579184 72137
679825 499878
558212 105893
118882 57426
322850 900278
680721 855546
578678 464642
577164 51187
33142 502721
487766 150672
936352 594483
153279 71490
852266 973445
383586 194407
748894 783814
134574 76578
680901 650816
569604 573720
144743 626607
379457 424685
378099 164169
868615 17133
225683 556262
648985 577345
19006 117572
719445 425246
902309 454685
601739 214239
666003 527354
144028 13062
915605 582208
552590 196257
50428 495504
135260 224786
281258 644480
667059 631799
335239 412690
946336 309434
483694 414088
426752 422874
170935 211659
523116 418487
543115 149704
408224 208542
258161 500685
148562 521455
120042 663688
727242 607403
847941 707591
146686 815751
570036 63887
176202 221316
479607 69409
301727 403151
603487 683002
685352 426084
138378 266604
946937 540062
645401 966502
311343 705745
507965 697443
941035 133889
759119 451854
655910 231157
342746 28838
723131 947862
742100 212273
314181 316823
849950 821655
825727 846389
955888 600677
957831 550888
871849 918491
132127 570481
846826 905622
696004 475404
246173 18834
955597 155630
373388 582108
695401 500947
469016 619283
851393 988272
558628 697226
59231 708615
165159 503664
528810 938621
812676 735056
897950 985910
950670 39806
262295 904364
989014 800009
682902 144052
415009 395781
933538 996449
719316 339289
344471 556340
780206 679691
802056 252646
560991 138932
14078 372340
509442 632689
198105 977117
550987 960078
546885 661713
310711 563398
458039 828193
106970 647313
469532 791996
251412 51216
355294 107830
117270 140356
998553 107818
906887 220015
264691 73001
82794 234979
137890 107043
188314 742743
931740 386100
276864 690613
921170 254270
196353 504695
17777 872600
162638 651125
44344 744821
610446 325663
254177 107261
574460 672282
114899 915679
913222 63402
823487 582080
895087 710910
514485 643982
904525 445248
617533 536541
902654 764573
464535 857349
894870 395555
655249 574287
681898 166329
186672 208964
435220 442845
731084 734725
242787 639319
574734 563766
439770 516078
220507 635761
954387 727517
819391 394609
636503 633261
159811 667346
273608 722638
660626 209006
884239 38855
237415 548431
456377 534856
213400 824848
920861 377995
147265 61977
380554 281273
301782 520814
498920 236441
458023 591551
585822 952820
866753 291955
481014 243879
32609 342914
583529 200015
477475 778796
392056 358827
96425 121182
480234 845744
519542 553977
577588 788145
184802 84891
849411 768778
131580 480913
869591 761727
426403 568414
224985 218866
176158 246684
161005 730005
249339 736041
89568 760564
615647 1181
258989 836554
941710 321003
918000 472448
192057 496376
25688 518839
864386 534303
826535 456822
111291 761282
224096 338508
631512 670557
51996 442278
864305 280241
330928 991299
944548 613169
787355 706629
919670 249342
101393 173736
444207 112857
98428 439822
599779 627236
335584 573236
486683 849089
249849 746097
207135 905968
433171 697056
371606 123128
939744 582135
650305 66496
584349 967508
178738 574382
864508 712501
212141 692580
103251 772313
397970 376511
123701 553561
949150 427851
103430 912864
667776 168099
409588 252118
82616 107535
872441 487692
754927 242565
434652 727141
413169 651517
492217 98089
890441 333676
717819 337618
325977 822998
99831 781160
903221 470529
212391 822310
944231 581290
850834 193812
893486 729555
764401 388820
784165 440155
625710 523700
357382 587436
212558 202436
990478 780526
886330 613412
888841 724633
208993 912649
285820 122557
736475 787320
766155 6622
35916 260798
516916 253092
721316 792404
115000 21850
486210 587820
183945 437848
864877 372549
687147 378146
624308 670454
49460 830010
297341 447982
797096 428880
330936 827268
545236 798813
366918 131995
599162 957506
217451 61313
547915 285782
937206 278997
112697 521613
2381 507698
146905 537428
166554 857160
30697 912066
110589 785453
129912 82208
200876 224840
78020 852246
850352 254527
420583 358902
425054 70447
284366 349155
589102 162284
478580 690267
149302 556128
940188 307144
741942 302064
753299 738280
100241 626856
833860 944086
95862 808231
393202 850194
850397 614852
51394 643560
974259 665355
938221 866791
561841 396539
541301 940607
703923 570939
750882 273920
619107 808939
434506 763580
280772 559086
469897 925523
304183 670491
315695 222471
379216 872322
629049 646921
791477 520453
252889 901835
763981 671287
816576 539316
298754 457637
962315 485813
201665 190714
733899 248327
566529 566920
11475 823428
526900 18694
907209 995459
396811 360876
423929 164831
70112 809882
861027 154580
999182 491669
40210 497439
430563 947485
753492 756610
676008 780318
669324 590898
20055 101769
991413 337130
669958 83965
569181 546038
861305 660388
548434 156992
852394 573592
603514 891959
372281 840519
522723 358270
18324 212620
594233 927005
665888 150659
853086 668882
465128 696309
800473 276764
123907 272959
266421 377261
838785 312491
190580 765388
208740 142680
369591 476313
545149 797322
703990 301144
928136 192289
177450 823452
395290 788826
258640 291803
407982 842190
187804 879476
730357 270649
516810 212775
241281 189407
992533 629290
5105 602059
866224 473691
177370 815198
859244 107137
921006 519479
702446 376509
343213 834264
906416 485318
739589 94061
214918 361226
