171255 392011
280707 590869
13787 18869
17597 65943
422 87153
222422 352620
57768 737037
114171 330399
692054 881714
893647 923488
491685 960203
124592 159128
132428 212181
65867 997756
713832 860284
162729 893685
124701 389579
549178 759712
83249 715614
541260 921932
149188 285009
167064 633870
941530 947192
313886 716420
553364 829755
76102 520164
35989 386183
461166 710259
709849 930827
716791 989843
277851 704972
256287 568677
10923 397811
51566 394960
721696 981342
343222 625558
634848 866850
127982 397667
24951 996913
173272 486467
520412 747705
653026 770559
318699 396279
31127 979393
20051 547851
131241 678329
538749 555795
118489 302450
85060 840014
516841 586089
451760 664301
136421 776501
612675 638631
398002 778854
752897 806248
60679 116249
736313 889101
82457 705646
107281 431276
302682 563308
466418 956265
90174 566196
547146 641212
50948 417126
380251 956200
888660 999947
101114 140414
205787 748817
234583 966007
15544 31573
579552 988310
450235 662499
648994 679416
596141 991658
31001 171032
542166 944218
9784 761650
31758 562531
100898 434924
426503 947235
377382 871739
3326 398511
352955 641167
101228 361832
7307 807443
101706 987299
308184 489980
86682 396492
364518 460236
734300 872310
28322 716064
188118 238758
169380 328373
261969 847746
850745 929166
698242 959699
67877 763529
529323 917426
297738 423948
558813 791495
568979 984274
903380 929604
223215 657663
600476 647547
99018 386341
243457 611914
466697 519264
145739 758181
775395 907750
138246 145227
32081 762634
334863 777293
95682 949859
43164 742944
20366 723205
29523 768607
19575 529811
102836 985643
139620 202822
258016 259581
873506 995286
180031 851157
528446 883085
614609 867484
333375 808853
902592 973907
399929 473742
447775 972290
432852 441137
397976 452034
265371 297799
271148 600432
119317 436304
235959 387266
483512 948131
63785 757448
677433 951557
452400 747808
329803 497426
305666 924228
160478 996153
712 349743
4210 771126
45576 981136
654267 906200
615383 994734
437198 693430
491218 584959
528807 859840
389919 656790
985767 988666
475586 771340
490704 975374
442882 673210
43291 479630
177611 713310
89278 799570
344933 521508
612971 862611
455553 688803
57799 328376
903650 910420
227600 766055
442696 846543
184605 414821
719904 975848
655825 865258
511099 643222
96690 204773
458332 530800
271721 392336
676706 821016
218681 377190
331912 741208
406759 981539
388557 733482
235539 395197
148137 715206
427292 958083
649285 915228
51064 718906
562967 995619
13116 658228
471478 689843
708133 863726
49557 215438
113502 644003
271499 436819
62669 532984
219504 491997
241923 751496
509198 914560
789489 803307
37430 556729
463187 501827
782981 833466
245792 557299
568577 682337
587837 745814
84669 400234
286016 936295
376201 618744
561047 832577
431717 590828
51110 961458
819999 876015
176494 277518
525733 933491
137679 666034
728261 882109
35686 926235
740708 943814
460517 492743
128229 287221
750608 856683
255029 830682
118035 723583
38659 51876
452397 662313
467360 912018
765016 947983
816913 958616
27059 165365
195851 984879
125066 950397
81015 808942
43137 856073
12296 665659
135324 957149
201411 902458
196097 527587
388055 602670
621699 941318
384315 452873
24253 500017
962565 976061
415009 837270
198322 947908
676847 774912
916199 939812
138964 577200
157356 228628
230267 326914
14077 662956
628923 979001
509563 540894
131459 805625
390966 875690
695952 806484
493166 752874
62505 938945
56084 381187
284592 756740
20402 793933
254844 683921
49075 979367
270908 527268
186215 325773
328470 696792
502266 623072
616967 911194
30056 520114
157137 971311
355741 609504
11857 448231
105087 142713
545968 912086
62714 265222
407517 775344
435174 680756
289461 779848
319631 806484
555691 994677
493574 701907
552214 752458
363417 526436
1843 72283
77253 295884
760360 895169
117509 875100
204848 748664
375066 945933
221952 518668
293729 958047
17487 900714
209664 279780
135934 269262
128369 965286
267912 399687
284092 872483
454901 576410
241999 804304
372715 424556
62666 750647
812018 926402
301698 428818
132018 488993
541187 771717
58669 612031
363108 769368
509296 568338
305575 739414
84949 550422
4864 53394
73370 837843
503484 898406
2895 419328
508471 889960
56487 713424
167462 240025
965784 975248
564704 679837
449111 879082
392547 420784
78995 306418
126440 337724
717955 811853
462835 638399
681995 916400
237883 819575
329643 671361
201598 328215
104458 802965
301624 907402
218021 615547
575027 899210
344879 828755
175139 812981
223123 265467
125098 873985
420899 538265
34010 36382
52929 355104
16598 734141
348895 550859
166737 220013
545088 959612
21669 149250
30997 65586
367187 585876
170168 614705
235929 682633
517097 784062
150085 257862
355296 429016
149523 645480
461085 765654
717230 791717
799474 885660
145018 901229
170452 309770
834684 858025
253549 939024
90800 844627
606175 944364
19936 110334
313068 761420
678224 842400
468305 842640
28893 761894
12450 753811
78053 572933
298843 799536
786985 889803
486373 863649
292596 484186
398580 967070
143738 800533
508452 818770
512048 650687
239907 241154
538399 634512
707818 818802
520251 715600
7539 508394
22108 397547
200005 537233
33659 294519
12843 690798
61075 439893
647620 683502
344556 373568
243099 728166
710531 756651
253673 920428
115813 192253
643741 727968
29496 788523
97911 346602
237809 492288
253327 411682
39834 559153
486015 858475
778495 894702
165350 946092
507507 770121
22578 421880
714 453149
290725 985139
187377 599028
304368 855588
636402 829127
397714 596433
19748 684724
179544 448740
260588 316882
169051 525133
139570 239781
38570 45920
613737 812582
627240 744102
44077 239669
852438 934766
133329 803871
379351 686833
267378 507185
156661 593297
63461 639616
283273 913055
458589 669660
29785 643432
385438 995030
363728 401432
393185 642232
628887 847367
312535 627669
77828 311369
389903 667160
762675 867529
6402 235451
259654 886959
68326 625333
130535 677195
360763 938856
407539 573503
692547 991594
137203 338202
228847 502735
108331 649619
555999 860266
115425 129701
462087 797053
184939 341371
124340 996862
550893 713822
213226 436996
566573 615433
483315 738171
219035 992829
289218 830382
547538 938888
660675 871289
272330 710326
449893 827215
335995 811821
241841 638521
305386 882656
29363 281046
123241 158721
103500 887523
439100 692986
149562 711589
426621 679044
404362 761582
279879 736312
65806 643204
30228 961955
508677 807557
216946 391447
97951 177744
255010 769572
431225 568467
414147 737806
877826 915832
357327 938779
151365 356221
100323 677982
645394 922900
26423 644954
84508 825527
197311 890603
21959 884459
176751 690849
315715 542582
688508 882327
662331 796281
97454 951180
348349 684295
210438 829908
97955 841091
407109 412598
155767 556971
371854 471733
593374 865854
427604 998615
444315 596652
201163 734079
241728 300962
688546 945957
372449 755759
198306 636003
98211 610401
742112 925220
409847 545990
488369 859037
201866 371833
537970 560603
21176 651118
340770 439645
559981 860143
32154 469588
54152 836880
103027 636546
67586 572140
483575 705854
634780 660547
216067 571433
407516 514841
67206 634701
290194 622945
82710 900584
17600 456273
768705 846780
289751 755292
620392 830381
342367 747075
315216 432678
79111 306649
93810 136989
432043 810533
643504 665184
25328 493671
527778 782189
871258 955274
290265 540090
218284 964372
274894 486997
187296 772869
784686 844221
273348 832530
448131 641982
780853 980741
18174 24150
178104 389647
617625 693731
764029 993654
272958 857638
87655 576573
197582 622195
344787 791738
411743 816217
568742 893243
28083 374954
562874 756334
138050 400075
254775 374147
489724 614577
254903 399200
922308 930425
221824 441280
910994 949222
21652 890141
798846 860873
364467 487159
262216 563767
15217 535865
314123 575502
177629 559953
782555 846056
53432 624148
375140 407774
116655 587425
67545 215346
29544 81275
148727 704706
336324 963551
114055 187122
193515 727284
921761 950576
52783 956648
225116 327783
588836 696032
650393 942691
510550 749753
772809 775270
171768 467504
82896 570131
68280 244967
104317 429330
86915 463243
214091 891172
492482 573733
487885 979499
171253 748615
303021 655832
601854 693263
120153 687366
347863 798449
761978 958353
158937 430045
648739 758507
337812 587397
151418 246009
408672 677828
294781 736116
790080 977197
260343 990225
480843 739200
336368 898179
511695 767203
60279 571724
31365 529311
285837 724316
80123 594689
279280 491126
96426 295136
85986 634619
599683 658656
745754 958921
301849 997753
335473 829380
64111 660244
272816 943960
166111 262166
561933 631318
83945 193034
855659 958255
285527 889758
597990 927072
523250 923669
212696 621155
254982 451510
179729 517178
539921 861773
46425 903072
435131 700632
289532 871072
593624 981019
138942 790975
745891 789018
639525 745302
119838 981588
553565 616027
141289 191958
663876 704785
327727 495106
138112 805960
294302 955112
680673 933665
266709 488104
583829 826105
695670 843619
100344 325172
166727 611059
29469 69015
749687 773250
671003 737119
238020 761273
701506 868514
153414 802276
208186 675535
232960 299203
908629 910288
832686 859580
134751 790682
647206 738926
676170 849961
162403 784935
345174 544736
324259 512160
345808 872698
460640 482376
364096 741717
356116 632072
128031 766022
647430 961114
44788 768311
5296 62739
109229 377746
205375 613612
17715 71631
219315 849077
265552 527709
214127 966135
657536 779474
91086 601759
13980 212325
75620 390307
99116 804886
164970 477105
176270 345041
241547 412855
56087 881379
193660 942743
187509 429556
233476 532376
540927 752758
159105 206753
204188 621522
706158 979028
160704 803728
52061 766824
395601 841236
596260 958926
357294 957752
708340 941388
108248 970032
369578 472660
159374 632204
123219 700303
66277 953355
143857 146540
242527 785300
563748 578059
177559 472538
27200 856025
9685 450570
326968 866153
30349 687171
43937 781758
46823 978601
122395 608405
93726 571495
299648 717030
499494 622129
679423 912575
209976 637814
85244 617547
328187 955119
572068 907809
285302 940618
278650 467618
820586 887261
609538 895972
531597 873619
22816 889993
154974 858549
397110 580651
291767 568006
5312 317701
577161 665129
327144 456848
377292 937431
183189 499059
406433 999824
428928 773724
555765 612138
413891 864854
531 786742
352540 598318
251413 604805
258765 298281
327359 858005
683098 694187
760024 928666
148188 342889
625627 958233
651462 781882
830529 946106
616577 732732
444653 633395
306004 595557
6544 188030
643264 776756
321802 395506
216836 227791
45141 903635
536724 554759
292835 768609
47369 198897
37809 753324
375988 702247
623434 725249
631732 790272
95702 570274
280241 632440
259983 567952
230330 913410
653791 870253
744192 927938
106796 744302
70308 477194
170847 313928
570449 627108
640542 882589
481274 580898
827633 934744
78306 140242
518401 899226
156614 916368
246103 535876
350426 654592
22193 589594
81963 150169
134450 885745
343933 877814
359532 927942
191756 368336
506332 554664
43250 245610
147876 563526
269674 393634
744032 752560
618988 739913
891554 989580
318364 387450
116677 684667
113251 467012
233190 534532
141676 736652
162743 240135
78964 344008
250008 267868
360357 457633
215709 440103
40991 991688
473779 665781
350695 895809
369144 883623
241242 276493
251889 791582
358707 656075
63301 215006
737429 833730
565662 605120
324678 389086
401284 733519
418925 912883
319554 944088
270599 362269
433698 763505
371991 372462
611040 890114
178105 796098
126062 918122
420806 957276
77283 764336
158275 841450
685817 972964
148117 556821
157430 967764
31208 661217
779609 787318
825415 934133
777760 968501
348937 866334
155931 173117
532615 933416
664820 842945
454675 561674
136531 250611
134245 847938
108871 807852
338752 953508
280827 868091
521826 897512
60262 340471
286166 626413
447425 534891
511137 660799
290726 363734
92096 683064
368215 535970
250057 601453
53270 165770
64877 886871
368570 766207
120336 961387
150714 346978
119798 697671
32476 364971
71782 390547
309300 325716
368025 890280
584804 888963
136942 274108
275011 551535
474447 552347
82041 926870
116870 357424
746607 955900
307804 402170
89430 430205
74599 143441
687551 963952
497441 800887
695463 964544
552869 614210
380591 615161
154129 683649
219572 677902
369832 603390
29721 791113
13057 470541
64147 446959
49850 898270
390014 907176
336245 395441
78125 701503
10593 630711
328178 739314
289538 747985
282259 330768
726889 824450
269770 588032
417997 438918
251807 690001
859340 896598
460695 460911
27203 891849
173262 512388
179465 949021
46753 395805
130619 469478
484771 842047
135369 734945
259199 686765
481011 976190
221821 394786
463779 875348
41853 428418
58005 183972
74222 296288
432830 732202
243123 814742
492942 674421
343344 420334
412529 658755
38137 313151
453208 572441
108939 258841
498047 827988
423366 762744
742045 888151
172420 552508
44520 263468
468910 583356
233636 713304
361959 718965
57444 369959
12089 576308
106012 992726
141834 327750
446750 866266
417353 420295
209468 270748
807464 859362
268551 468206
518706 897687
138671 978769
227214 911908
30686 457416
20276 493799
624060 931391
63388 484805
421791 846020
178066 597004
283688 514861
149035 223930
752741 765240
422854 609678
260509 830614
810019 998036
352138 727957
34075 910134
694878 777634
154494 866438
22042 964229
143313 349176
119083 842694
443390 671308
119191 283697
816399 946394
201356 265344
406381 571678
455318 920747
523979 809807
153614 299067
749919 923439
535995 572045
630802 904449
754681 850339
423729 990106
136997 604761
627662 762043
120592 951680
466952 906175
68246 607167
783167 957903
464555 928161
399204 631311
407761 683337
63434 370866
83646 438799
221348 829115
584519 852626
721273 789645
450569 740654
468482 945285
34119 548706
