534675 238609
284041 392044
7655 462524
943552 323765
869543 701273
775029 360234
550184 78346
852840 278927
434731 787149
518271 808962
247059 732986
708300 444193
937972 708609
28156 379888
539291 686426
365729 20074
457407 438910
628583 219468
953879 399131
456114 417153
106577 982273
221508 424570
560197 889782
539396 99492
355492 806580
438378 736762
82065 530270
822555 366402
815674 539114
39686 702626
235064 729917
770734 897284
942479 357978
39908 602769
501497 317262
659954 711986
765649 705960
732111 207353
954019 749108
314854 639852
395702 428666
384297 387258
154296 710334
78375 418120
893459 626793
701332 48891
226489 460610
665303 30645
917604 568157
474284 138284
477476 516815
176218 128246
689602 177989
566746 273952
380246 736136
675004 906630
544302 945905
285333 417457
926242 810270
231826 276924
469105 64483
866614 240431
330827 971767
513673 523466
266612 792352
397004 726693
26794 829608
536552 114103
767834 514824
840864 730290
965200 711870
715636 395552
648226 487587
896924 292984
828961 921923
57291 632263
92284 827894
875662 266683
154540 752041
332752 666975
463745 446287
364292 787789
819391 992864
584520 909843
694407 809968
364613 895641
422075 381977
685475 300554
353051 856187
742954 64597
313540 316381
265113 309970
456347 764212
626351 768839
539367 857245
335156 493035
420305 356324
829852 22911
740788 330374
35525 166295
944173 667549
502998 37752
26412 933022
49930 747285
299691 216480
444549 571370
217634 410896
757587 940636
474557 834367
134327 508537
346077 80713
958325 700952
950718 102407
249792 976929
209461 287153
911472 695515
894588 503487
830882 112541
403967 8190
905133 76870
392265 405708
516071 964831
288710 151975
935135 573291
228648 452317
775354 460306
533430 634724
646519 434914
274518 525020
649733 622930
28634 281585
355732 784683
282147 533283
649193 4220
374700 496237
582131 656174
589276 328343
421336 103745
958304 143587
566158 278522
215721 879194
641490 760874
878492 5065
892671 500141
767837 660168
971075 829455
958053 718953
398997 556174
58429 112344
530557 327516
760714 997603
211160 132494
440260 738264
660757 37724
717232 726788
598517 602084
31258 268796
666306 21493
958036 834250
946369 118437
972611 506666
95707 354633
786571 359954
66809 557616
758480 679158
496939 760508
174685 936993
274874 433256
716591 318079
809461 367195
26565 711961
993807 943053
361639 682904
889425 390620
227832 345994
319880 881588
729174 666055
249689 66663
274422 335804
843722 462386
296144 69150
282102 829576
777221 891407
713208 612950
403562 273472
532568 588267
747795 732290
10977 247696
646423 10512
151386 994326
709489 910982
887440 224898
944145 418110
598525 700342
850720 88041
114718 275594
705874 189618
521322 706724
876907 266206
948579 925553
508601 366679
674741 693120
214125 831384
394298 35133
157390 368900
977712 728421
779689 498940
812116 924850
362018 734010
950335 27028
574205 35986
446934 833624
362609 275471
367851 45756
69812 77365
918592 104836
774132 16775
334452 405351
10780 852907
530030 504351
431305 231228
546388 322414
567642 124129
267840 646822
340966 478640
628872 92854
235283 777344
266040 388931
942792 812400
975872 4584
301773 997641
719230 376082
33524 799174
61296 507905
846272 381838
142980 154920
523486 212470
178805 206613
334486 737996
687577 303702
372753 72034
101688 43374
685854 263148
420871 859897
563924 563350
639465 814146
490732 858194
365109 696948
569537 70193
780926 912046
611894 444804
136882 14075
943752 786921
579794 128421
172525 401126
931806 886105
271444 238565
515616 619951
706539 250216
409591 524
677775 631396
684544 777090
407146 881763
928611 327290
402889 909151
570996 503642
506365 251018
838184 320232
739087 611501
18799 442584
587732 528177
903240 742617
315610 741601
846300 836372
426079 812443
330575 402151
187216 777016
306802 824944
446183 526004
36029 566932
180556 780979
560640 522865
494961 954292
104100 70641
204277 829823
513091 827403
382693 208978
912808 86239
606465 762195
213763 401648
860237 206836
616027 225907
850991 519316
922549 619495
131913 822015
328052 159354
68418 882808
455936 691613
740035 777228
424543 901596
466470 326979
420824 661050
764329 340364
377499 179161
318851 643835
72615 263285
155225 744198
18826 702622
396398 943095
436621 267872
104408 870230
425980 345423
783415 137990
201475 451102
834874 314926
780122 642866
589533 218176
592919 618686
210979 404259
255926 196522
977470 544004
561660 854325
911059 224686
349211 765271
360044 30477
268545 82711
219951 283402
418354 71835
685671 91345
230646 789291
456425 264846
717210 382824
999659 842955
83675 594767
656321 790239
997903 472755
641106 883429
815962 323320
835771 707914
827850 603294
775525 830485
720967 76739
901750 323849
450010 645588
922594 514655
864100 993938
904375 759701
218213 830833
329012 106758
372301 238456
689376 968143
766078 37223
27999 564885
914142 169918
640681 196709
94336 176474
249002 952547
985045 957748
223426 829325
750601 97533
825730 980041
920952 677327
466291 467206
794960 804484
377995 686456
677943 528884
387678 571763
864489 907789
151559 811633
423785 275952
731201 552125
91409 707520
607260 579819
357937 162706
622235 136386
369507 261453
870840 694770
83759 416966
832125 680420
590565 269201
696420 653706
99906 679337
300285 361424
269959 640817
565458 380051
183362 845673
638936 626729
241130 525942
966344 528593
32299 845049
5960 252740
17480 644145
512613 914941
303515 864656
646767 249697
618084 83762
471675 660651
296281 403300
456047 287858
371601 693142
815298 173664
987517 252917
858950 544446
580818 135508
936559 426333
580602 932506
743310 742680
129208 316187
988728 801854
608971 17968
812239 642355
689924 141409
929933 873568
378077 673325
488696 566504
448203 379587
161314 313761
301180 715712
842452 157867
751456 615533
721364 777383
506609 44096
245036 708583
931596 86914
97765 530788
556141 58363
821675 925081
545834 351976
810772 312140
477259 153131
172372 304707
274871 905040
925090 499430
704423 790469
463937 572944
881886 526201
751594 667113
600802 580480
107079 257451
186526 798410
558661 727573
176088 220713
980752 440290
170029 468994
299579 548793
505875 333451
231561 341347
198305 618870
337347 756750
637085 931516
495690 292742
717861 21015
548591 759185
285605 739466
938865 733148
750500 727690
405262 513911
588601 893075
900160 119831
938007 118028
140615 100280
478124 345296
823161 764806
304584 450892
138338 593445
213650 332933
438524 808338
72381 139185
833490 47127
528638 849725
679438 541477
315973 977651
739029 789904
816558 700209
75048 903244
506694 380836
608386 125112
244530 588198
756175 941249
976083 701821
409413 85724
853134 23490
357846 303303
228702 789433
42032 7680
394422 147283
735161 716135
859856 789453
330961 844936
85655 386648
396425 525236
209292 582060
707640 521697
288027 989683
310314 204916
480109 199595
483908 535173
902922 566764
736474 552131
385011 346139
990741 361435
957402 508548
335473 804170
851803 562987
846506 601746
353211 462849
255506 505571
995859 646143
185865 413493
904390 365862
950522 198079
852410 447187
879933 865132
448476 288025
120851 811024
168090 763783
799988 568573
570552 363831
56145 760493
794183 821595
470034 816093
313916 720658
129672 319495
995688 795456
805410 114344
712262 738609
920150 780135
599506 612190
637342 511230
325471 965113
398269 878626
426397 444795
393216 849127
791327 714285
141149 779155
110615 811854
347883 523365
63804 169803
68593 372447
653665 850528
294378 408213
185048 286782
678214 400526
533001 378258
934178 87680
941833 826753
843585 108322
515881 403374
434235 824155
862211 936440
15245 20105
495132 757081
300212 602101
29265 798659
727616 151358
312944 813088
963849 887312
616702 618658
4437 156582
79289 151132
913439 759846
598616 881785
785000 679560
750500 607763
313058 407686
644890 221413
97089 166601
289985 499713
127634 627526
981684 917472
403519 346738
115226 959541
917406 606577
887256 183432
489256 906611
747744 995858
704400 736597
357237 954794
180487 72654
896465 550848
588140 225861
960731 269461
343279 503511
921150 711388
674443 867041
772816 967672
427011 474037
430249 895232
205880 637510
493271 951476
638698 816534
814749 886468
972175 895446
615514 381481
917253 374075
189131 44069
845224 132771
447957 480896
394123 509384
330382 364193
663322 439219
712243 336861
890162 827781
814120 743764
311661 229763
648185 174921
435470 613052
221307 295266
30022 328307
116191 496573
570743 251315
652480 370962
288490 8009
670995 600325
645805 112668
820901 747421
680397 420502
359397 83866
364107 971301
688040 350221
491800 542658
722519 707098
337569 776819
422494 241428
505393 277269
844599 534974
440486 309033
978094 961961
862473 766879
357348 395636
687764 557426
273629 688260
654321 588797
531847 750901
60219 383113
89975 489340
171164 522410
155190 128968
985858 147960
924118 405839
531859 7286
377995 945681
444282 711059
921326 941423
838460 331855
309756 811195
31209 363472
222513 544957
981222 281688
602378 585788
717318 20873
922791 163849
970163 256842
327295 442193
190199 35178
620452 329483
939613 605433
18667 398143
569797 460075
769718 871234
762360 317379
465703 56911
189155 890213
309550 71300
8928 953309
115586 368750
763306 594452
587821 546722
182043 732834
210735 449348
139370 986536
154633 5508
116388 446700
8886 651634
993387 954718
655610 571210
521291 68785
900015 519517
896719 246314
214501 926831
219794 593790
829481 807651
982274 20935
445652 565619
486390 474866
225743 55601
919427 259849
699320 973622
905542 402227
760575 788091
706881 11461
884844 69601
535490 19417
82659 237342
749352 612994
292780 423827
605046 87660
643541 876954
882593 330247
53235 663260
595085 725602
742667 413218
376454 713643
488216 164485
488358 182176
170287 407522
678590 542925
574284 859071
600420 771539
150634 779897
249624 752150
82291 944420
37234 586562
612076 803855
743304 654135
194868 794002
228585 177720
873926 150502
926769 926008
505223 355064
788497 383262
896228 873949
750417 643359
929837 486130
356501 917603
220921 368797
970187 786094
344535 730441
342368 463111
551758 223807
241683 146461
117750 186654
440429 965903
984009 80742
577795 44062
491568 51070
227295 732039
351213 361092
282155 20222
692136 592887
298169 755101
180746 785968
849658 937602
53340 833110
628395 255208
239890 107965
562224 746091
93105 956029
631839 362604
309637 61289
714801 652523
933858 378270
451450 611351
450638 684334
924700 176930
756505 905175
939576 376121
880953 806
21746 448856
655652 77451
163174 742751
883399 66750
470630 133297
589820 152502
297559 860161
381120 705003
844267 272682
522642 83061
240883 701267
810853 173834
9019 259747
869927 430074
76212 885086
976801 485113
613454 656913
228593 706479
683501 865737
750040 484422
372996 22640
412054 408018
179794 247196
786453 963338
386398 121321
130810 63895
206819 809767
549514 986349
34176 237651
642156 982482
201058 243503
536194 250791
370456 58170
698275 936224
144380 835092
596299 431357
543489 960543
166131 784445
5672 42777
955836 915940
323219 324967
116622 496019
183554 104902
520317 686857
824182 112735
561741 912072
973939 249318
741074 657064
159621 536244
517124 131724
38254 362925
316916 116173
314759 856221
351008 803016
438606 765772
70203 686291
396296 610338
242361 339309
982980 53679
678250 875802
795559 182295
404614 301419
523912 142886
580480 940703
970749 263822
487879 605808
967295 218349
294918 715767
203271 546955
468693 555366
596762 144073
965685 692338
859719 873531
406635 288077
290052 496701
666882 782801
861542 521267
16771 425979
189762 235765
39184 565447
820692 687908
539106 659722
644752 414993
13569 89289
233139 354343
130102 28784
10063 841129
435048 401947
321449 227592
520713 414514
13087 741169
271269 308768
911781 269560
414811 919764
966792 954861
270735 834730
5711 564298
830530 540316
536464 155364
924312 760674
971379 507674
162071 745032
158602 446171
523186 330633
721490 916859
427656 145392
416750 246042
393324 735245
937434 584442
469118 891565
447828 587903
594837 612152
923872 805587
524907 562632
191158 759085
266201 950580
484679 384349
67740 711139
730848 334556
36772 215293
180804 186558
163913 70011
763670 367765
262949 851333
375142 324275
210575 926364
168961 223835
811702 958483
678095 846621
85937 639720
937593 340316
434878 822516
593558 481019
574977 838978
418122 31811
772556 314712
98167 573024
24508 693260
268835 956890
202343 55160
749442 128005
719976 760726
417135 439871
202640 334632
533067 697705
408057 177298
39364 558104
242015 581148
362742 836665
384174 695678
865275 536621
894794 615156
68596 502718
526018 385787
348574 79835
339063 97187
523952 635565
490468 370830
168657 542403
811113 824119
619931 907766
368438 172160
939738 918836
28042 773814
292232 421629
877932 785338
59556 955894
677686 978147
429510 853691
88751 292478
457893 464695
827447 705361
604105 4116
132770 102836
138042 747976
716484 353703
643504 721931
337072 160843
145231 342270
662040 413589
377457 538309
503564 178574
870723 194120
953218 711654
994485 817644
206137 726741
73894 926174
371360 8749
183951 950801
162954 155991
394387 495162
934860 458533
224647 692095
6247 550992
576423 770021
686822 22944
681324 850015
187612 836383
901491 884848
755184 588354
395265 558274
667401 39252
253186 392212
211560 259949
343323 361621
991034 709155
483833 941407
74588 524091
925382 603862
321102 841427
519039 560074
540601 354382
557792 415330
954586 570251
943203 377209
563012 199625
4954 836022
125613 286415
464767 69551
666047 671726
730753 672505
432053 951921
400429 961896
244460 946126
340199 744388
809967 445273
87737 304992
740315 886550
634310 834298
390514 728927
786521 853855
469996 447715
952125 116969
824755 317091
439425 762928
491607 469621
656067 561013
918818 461396
920152 105022
708951 806418
520967 392273
129124 512181
