1 10
100 200
201 210
900 1000
999999 999999
1 1
5 5
1000 1000
1 999999
999999 1
10 1
999999 999998
330989 611092
396414 388949
868300 929139
274431 702201
402308 568242
991177 471820
873236 866700
981774 891878
745599 180981
250507 168213
224954 130513
5518 29296
212272 288163
707267 334562
273918 735276
390768 119111
346368 301386
508059 728872
230525 296694
945277 147037
864936 936455
133061 252377
803155 114836
144255 62959
810020 908965
231172 34975
39479 236689
64270 765954
39056 285741
100516 827177
21017 5488
946287 881588
306873 454347
610461 51602
751040 69943
198638 130181
6398 845903
382557 323757
960738 41017
386716 284963
949981 132092
319937 503664
882984 384206
269618 922040
184151 884338
263422 205167
404030 209710
600960 710903
178261 725625
276709 443505
795567 475347
87891 801965
835454 984651
639926 310397
25668 540846
595359 489854
672937 915296
993517 70127
813706 777340
992166 997857
661678 769792
717228 65708
493706 318188
290815 671966
43813 567524
629676 839380
557075 717566
155550 392529
216422 795475
702925 242090
850526 298284
731943 523463
727784 239665
107794 541491
531209 614164
53553 192887
383957 770780
772799 877662
88969 63614
63834 132781
145342 207714
486365 216621
439484 641914
609149 655905
951594 826278
897994 802120
638767 144142
839787 366551
898011 947581
422246 429220
75950 475798
622107 459906
246579 909110
851773 849751
486928 915606
496736 146475
637524 983101
363095 77008
139220 972244
732912 605018
312727 145112
921342 465698
803457 275335
346454 701468
737120 768699
130689 813069
758702 267000
272976 5281
690314 638953
369236 177242
554559 865971
323716 706287
363277 686811
783294 16702
173260 30411
621719 191
689726 57267
465889 493184
332601 812342
708856 69721
581041 839544
882789 339743
620748 669969
859227 311062
308922 742667
2509 377685
608639 326224
598176 486120
527239 381470
502821 214703
926085 638745
214894 130016
210216 680782
137404 542816
7329 846260
126741 588369
200009 523734
442317 820757
707908 815748
646023 531034
558416 648531
908719 681259
488960 506895
681583 16199
402570 698609
230902 842859
337354 445795
972874 61774
640781 110279
604589 648109
470743 245534
750682 670751
769267 707203
5713 477175
37157 651736
8210 109777
814471 431133
791035 303431
452232 986822
319630 369006
685431 64736
211865 536989
24735 698944
598762 665515
323427 717555
827828 794169
963088 92715
464920 732356
799918 470633
723735 837074
636573 246149
461055 451044
677281 766294
754475 129514
753116 588309
12724 438548
167249 224589
489741 191983
437737 88504
371702 761163
806058 713734
555332 283352
806448 534456
529912 120571
519293 253647
471849 155866
499796 932903
121115 691281
699197 389794
334999 452314
978102 347723
405066 145351
572311 894806
851537 524252
497514 223239
285415 817777
451177 354951
101129 257625
889406 631040
378196 408700
884686 850044
78770 898686
782948 199884
589968 482145
103882 924966
448663 81984
272689 367933
741538 359204
262740 107280
883455 274458
844722 683074
92235 295899
38025 193363
553524 927431
824402 931719
850335 223294
295968 443309
121980 78916
157398 226152
75266 261279
151119 38133
857467 938011
406066 599005
811420 183010
220490 209080
457467 65212
892154 549702
361111 930178
257269 914634
371814 81672
360558 736353
819169 656525
179663 941148
249646 337060
681505 839115
598338 832623
391452 970009
284839 797517
83220 610463
494731 303709
819543 952198
368920 711697
16105 730030
156080 273373
158869 42099
869248 33631
778451 688417
204361 958113
143771 968210
809377 825275
807325 921920
172103 198777
891929 456941
510499 975148
67405 519434
278857 401152
471632 161982
112849 1941
406216 783132
789518 79290
825230 658766
112920 603682
347184 831484
76000 490954
799694 885377
830433 121224
807297 2536
320001 213431
973680 344704
188580 555289
864137 981640
956440 849974
657826 583493
366119 64043
366626 155637
143332 706060
814403 770455
823946 675791
601940 899946
166745 915838
299528 511382
37063 106825
513917 871267
834459 487597
215971 537243
557091 594312
33089 513531
958490 690914
611229 324610
269161 492059
480246 412492
198119 294649
697152 22066
970439 813296
436216 651388
729134 735743
162770 766196
356772 190891
151668 191231
192693 881842
728474 749783
476155 761562
263314 434645
966680 388747
273459 235842
880805 753705
162538 78925
562558 373894
615194 532998
187190 51410
698590 430529
787152 375565
710929 143924
566455 862597
849358 759147
744439 92037
508930 734798
367803 286449
169444 334484
189400 442902
570325 70206
710811 247067
663334 273370
620961 278528
320572 808150
844141 19162
752883 631293
394726 463813
289421 475386
326410 138779
234533 70849
745020 257668
805647 112823
58321 489295
447306 247720
446401 531835
317925 157213
778902 981258
944786 914067
773990 265358
236422 618131
284519 989305
763628 193450
453118 567253
668835 293732
220237 417572
364580 965256
189444 684431
78079 247764
687930 525385
9689 648536
571424 841817
319953 864530
337281 264739
778597 111271
530096 15020
243607 328819
4325 521439
522268 971646
88693 191103
265378 308929
122880 144162
274185 312323
342798 866467
560087 30728
906056 83980
679263 477481
925796 999215
342011 263077
778158 634813
888552 308254
649832 132159
637073 168361
653597 159341
654211 742289
864648 919588
565422 501732
577954 353811
814054 920751
220279 888345
465684 126335
972324 659151
603815 898121
658367 460031
161198 950729
94844 49750
258984 258880
696112 410261
427240 349710
83806 595655
606203 948453
515243 685830
964389 607401
39641 778444
528153 259919
666789 993836
386254 639114
652987 504273
51440 825558
964303 726841
776288 573351
290796 549476
832230 986907
959736 773674
850821 43542
369329 971229
506200 398776
657059 470589
6178 210904
763237 534330
470823 430027
42371 371281
583345 209562
389758 148989
35121 868266
875829 325613
441617 680829
875088 788052
667737 349029
561726 32763
906774 931055
518196 927178
329831 689459
911972 850212
900363 675209
384542 885390
105236 941116
770875 202785
150679 674837
351773 700003
543103 741807
25616 498925
422636 414908
286977 604577
278141 848702
151545 184915
779757 669740
112094 623793
873404 24066
474005 287972
213479 372752
173362 832919
828072 458441
35704 978750
133278 901681
678753 190586
643488 218573
689510 580328
147685 976486
184906 425825
339393 850654
124945 633355
520394 751242
257148 908002
289512 245357
195974 502990
132313 883539
335909 960385
856184 885817
453340 989462
787498 646298
694252 945190
864870 383762
525518 526760
874452 710423
466789 213845
561077 591733
847199 595676
857179 618551
17883 146691
378113 213857
649681 510425
97396 499794
470810 467785
385611 438355
971451 173109
84653 665703
118299 463727
563669 643817
990486 438121
868444 971480
166170 943726
563213 13370
53607 934597
146125 71489
81288 524237
285345 245173
34663 896945
744967 19677
878934 130578
458031 850385
817891 542683
516088 936189
520615 79757
94211 511101
32082 476860
996785 198251
420586 74204
211620 988396
8801 357745
59885 90088
881981 859434
335261 430848
270584 594432
450525 149518
725009 422760
999902 542900
479648 30195
993294 263
109951 601709
25568 656236
78569 22354
854486 13359
96557 580311
1755 105357
938055 575844
709648 334241
435278 559113
279294 220066
153545 244023
369583 392759
666782 883689
935658 146430
913883 443157
146692 538038
44867 686464
194274 637639
708817 562964
650998 319578
143275 652752
424934 595534
228596 648786
443980 178078
207900 723273
398143 361444
967295 281930
754202 634077
679823 204066
294712 107911
161427 955607
645948 206293
642071 354426
843932 865092
917390 9135
184670 60665
661886 123808
170404 404687
772594 614383
582764 980493
337656 495112
341937 304951
291246 610344
453232 971069
814409 262148
78980 975835
217756 239133
696333 374031
107763 54470
239124 539357
63604 937997
114227 239694
61806 284630
644380 834399
899012 741349
329097 236668
750665 671033
55823 41911
795581 23259
12980 124195
285407 606164
100031 503162
359501 310568
391397 467263
365037 144725
520825 942844
82723 635051
182538 144528
919680 341123
493131 818692
596676 822227
55360 347341
7465 625386
903455 803046
648644 430640
927240 934050
36804 541475
951416 910508
366247 342814
377771 245488
487538 898595
188332 84465
47851 885074
743196 967530
740401 236327
786222 337077
572758 355786
198622 580223
495376 102077
897473 144021
532716 338918
592275 83724
394598 543692
994231 760844
400710 886207
520537 402452
299007 708868
486917 346858
108147 230113
314388 848547
980644 614815
699828 553402
970600 412654
133625 465977
514731 545302
124202 561651
884220 716476
645375 793022
774372 153811
553866 175082
40018 74403
91739 339025
297476 92860
685882 919826
322972 514474
282579 817820
129289 982406
371223 614094
395061 19052
594275 423996
78559 718476
985646 962778
949156 145226
755800 723529
299037 823870
898610 339054
412478 990348
192283 224158
83208 392369
143984 920384
906843 426562
738204 550336
923173 623631
678634 832438
156888 272909
256434 235446
505589 756284
712428 454746
901510 982432
178275 200547
806302 591089
53805 732984
581438 246088
957141 178850
638456 615330
613438 59504
41892 865847
609840 965064
489478 288474
311707 160570
75588 568140
396015 581176
324425 108443
35922 740139
90875 728400
940685 411382
319490 994489
144366 415132
754781 615712
593981 907442
231042 721624
966945 272933
587471 90990
752202 591153
893668 63909
265928 969255
146254 661942
64636 984882
770385 614762
725021 861259
343162 665706
786845 662651
174400 931211
591987 929181
546923 700173
836623 777964
421797 317773
565101 523472
408763 317303
628829 816635
895416 894756
300095 555874
556699 364730
540756 841288
493696 265777
216752 836858
445687 3598
13714 620086
934808 605701
63472 995935
820078 414299
773899 241875
732072 853204
279551 655039
684712 422584
471674 580128
317341 771768
136002 388244
136498 190962
743736 630194
456738 960487
981256 902424
964084 509174
36715 413097
629079 100187
923236 449157
514485 211340
205236 760761
64545 484786
415800 749256
421575 887473
329384 738915
659241 979589
641363 309944
170551 385099
454342 141493
345586 949802
558121 823875
458976 594835
751176 602260
209226 674413
51417 237916
885752 770857
998676 950296
769847 928681
699552 191422
816154 543140
930336 989600
36934 85904
813748 721688
471002 268090
377385 330793
217892 935505
154668 191072
44546 905843
793331 767975
94461 358953
520095 980213
129810 32977
444714 899656
961657 658471
91079 777811
715815 535619
281616 752749
621523 95364
988641 606729
877657 366027
937521 95549
301532 92189
800825 860281
512237 108361
628257 120902
467313 148352
615319 111327
181328 60034
525188 142985
718504 616266
435001 434319
666089 230821
701272 801816
326185 689914
408546 203842
55941 346067
813595 871676
952460 128625
731958 978901
236985 874419
99803 218503
22771 715122
844033 718303
289360 369221
375492 522068
499691 324697
470591 165781
555518 171864
967596 881702
375982 376142
85544 431922
236414 413343
817802 703078
541967 549760
681979 293157
938383 295986
511659 475359
525312 355692
193662 328876
239118 569153
850943 738808
408055 321535
904588 963572
7603 386390
845274 383584
276736 445022
329710 27354
858365 147512
730431 914536
211477 926614
207693 149860
222601 233556
625218 262117
589248 333084
590993 342570
416442 441936
81378 824496
277675 500171
788068 285277
400765 147547
668860 677500
592568 512774
219059 965137
660286 949489
879674 871762
876104 87367
535826 612909
320923 675249
875025 424375
8333 466018
766944 938978
422159 362526
763474 699833
862696 551542
499315 263461
699088 682379
455166 805861
195154 674224
770998 855439
137918 164877
241406 14022
766448 291436
141135 601575
966684 16161
25950 489222
996382 307098
428200 932745
669623 191675
632579 46525
257421 646098
824189 470714
328477 793559
276575 523630
467783 561777
893273 119906
726654 648883
133927 493102
940319 789266
94677 421208
805426 634830
910429 316013
456132 338630
248759 639959
44509 395542
686483 301929
41640 24878
286847 884320
818436 77626
922155 800424
639403 329633
920329 880261
978516 568460
887567 918835
357726 496448
340043 677356
131278 764677
993369 101614
103307 756332
741572 147815
151874 942260
963947 707717
967137 250795
592037 785573
328420 514192
100202 482027
358030 20531
362288 336546
103196 249855
769585 460921
260507 623832
652482 391784
388509 645851
493397 6020
402183 234970
668038 68261
691434 631986
775977 658571
396985 882218
958348 239609
910615 58551
235841 268645
593285 112333
605190 696480
876392 888979
671606 136899
512811 324088
528683 415525
484143 536284
421544 400530
285458 89583
468790 976891
235773 758971
149667 146962
641189 108016
386570 551804
680770 136615
334653 788259
248948 939842
998944 125340
343026 670550
262238 855837
508842 305125
271362 992984
841409 207110
907718 641071
296692 376508
617963 46669
649683 281834
193630 290872
389849 94405
356881 584823
231019 691533
887287 479966
145581 886231
119510 488606
70986 381748
858647 94032
686872 130009
601220 42486
337119 508938
683557 148015
399650 815724
194684 49333
97558 902517
340204 1612
996921 211289
100639 227941
902822 987925
222111 562607
388361 341621
51213 973550
237573 424065
67582 438649
68278 668801
995339 919600
177739 193101
67616 91593
8825 776503
140925 620586
679020 995333
136402 675942
206622 751245
418087 623648
253375 154402
186255 155941
10227 751672
129491 247799
175737 197073
200653 244014
380078 195992
163615 72022
389092 745434
163614 912120
36142 304539
46911 715161
299872 697517
905307 506493
962966 837598
644346 216341
992000 830600
372281 2227
96477 501772
764230 272213
213049 479087
30432 593126
675078 708250
665147 578374
967888 828761
4699 4030
647504 565813
233395 947375
263330 138703
968072 226296
976300 612418
956841 482505
957223 329122
998936 53700
345098 763166
840117 72351
242253 384753
665477 431535
607207 844828
524113 575095
673589 528811

