1 1
1 900
1 10
100 200
201 210
900 1000
1000 900
1000 1100
1100 1200
1200 1300
1300 1400
1400 1500
1500 1600
1600 1700
1700 1800
1800 1899
1900 2000
9000 10000
100 100
12000 14000
200000 201000
300000 301000
400000 401000
500000 501000
600000 601000
701000 701000
800000 801000
900000 901000
1 10000
429870 430870
205823 206823
587389 588389
107821 108821
353391 354391
951714 952714
435350 436350
447539 448539
189818 190818
515908 516908
664968 665968
712139 713139
137166 138166
22163 23163
51944 52944
803793 804793
487647 488647
428678 429678
439961 440961
952109 953109
542875 543875
729380 730380
851855 852855
152757 153757
214445 215445
713187 714187
629072 630072
21252 22252
72159 73159
644330 645330
174653 175653
38771 39771
110887 111887
149648 150648
274388 275388
605287 606287
47151 48151
802867 803867
901431 902431
535077 536077
527786 528786
381257 382257
871612 872612
630603 631603
235558 236558
536608 537608
709800 710800
753041 754041
510435 511435
670387 671387
612142 613142
371148 372148
770232 771232
131981 132981
444631 445631
914916 915916
710632 711632
469293 470293
305357 306357
386470 387470
992143 993143
352618 353618
296013 297013
587799 588799
880324 881324
965472 966472
797574 798574
13515 14515
95661 96661
110252 111252
725798 726798
926431 927431
950751 951751
11881 12881
954045 955045
384846 385846
705037 706037
819254 820254
334147 335147
22523 23523
951015 952015
102101 103101
520400 521400
195968 196968
761038 762038
220001 221001
107484 108484
708214 709214
269966 270966
300673 301673
429966 430966
694370 695370
346568 347568
706191 707191
739269 740269
411385 412385
15314 16314
288709 289709
373346 374346
612982 613982
330242 331242
441302 442302
964994 965994
910410 911410
473888 474888
934960 935960
696675 697675
20673 21673
956799 957799
799307 800307
102800 103800
86072 87072
926926 927926
52498 53498
944956 945956
312463 313463
763259 764259
914852 915852
241125 242125
18236 19236
324320 325320
251145 252145
616884 617884
812107 813107
449718 450718
378005 379005
764805 765805
24994 25994
571699 572699
45850 46850
947556 948556
709692 710692
583716 584716
358757 359757
161016 162016
491891 492891
434299 435299
631114 632114
785495 786495
306913 307913
267064 268064
696444 697444
296454 297454
588916 589916
311477 312477
981671 982671
880363 881363
792686 793686
144034 145034
739206 740206
607198 608198
222903 223903
385806 386806
189540 190540
147798 148798
21759 22759
379833 380833
968683 969683
892620 893620
822996 823996
900650 901650
197631 198631
727760 728760
18950 19950
488256 489256
695074 696074
654775 655775
806852 807852
570126 571126
340057 341057
902813 903813
181713 182713
137426 138426
357724 358724
174659 175659
825213 826213
375345 376345
349296 350296
192727 193727
403643 404643
312529 313529
216409 217409
766762 767762
132520 133520
250870 251870
740370 741370
191814 192814
591609 592609
464455 465455
468452 469452
903309 904309
681219 682219
415262 416262
732197 733197
965423 966423
299154 300154
523236 524236
76842 77842
149591 150591
787426 788426
349647 350647
116263 117263
71973 72973
448822 449822
905208 906208
844505 845505
101796 102796
465588 466588
678188 679188
732779 733779
526934 527934
366075 367075
892789 893789
519894 520894
768761 769761
779801 780801
454397 455397
464494 465494
275193 276193
597445 598445
15778 16778
969031 970031
89037 90037
809472 810472
607153 608153
908268 909268
988160 989160
235588 236588
313084 314084
699194 700194
524656 525656
76929 77929
550378 551378
134635 135635
252079 253079
723883 724883
603817 604817
269360 270360
923053 924053
534671 535671
210242 211242
195441 196441
463883 464883
363254 364254
146593 147593
372602 373602
88507 89507
459921 460921
973810 974810
289775 290775
1072 2072
993840 994840
315999 316999
625571 626571
754509 755509
854095 855095
313069 314069
748299 749299
481959 482959
574209 575209
175134 176134
350230 351230
898516 899516
194896 195896
88178 89178
246166 247166
182732 183732
630724 631724
73085 74085
882984 883984
590410 591410
638645 639645
783911 784911
904661 905661
927703 928703
799768 800768
646290 647290
196387 197387
816147 817147
20546 21546
183177 184177
191750 192750
19192 20192
935446 936446
852677 853677
868545 869545
967963 968963
250494 251494
231486 232486
781644 782644
23402 24402
505435 506435
917476 918476
685415 686415
942548 943548
952130 953130
96341 97341
783603 784603
478747 479747
247642 248642
319626 320626
411117 412117
38600 39600
442774 443774
675390 676390
62 1062
842990 843990
310315 311315
197674 198674
511438 512438
95156 96156
401872 402872
57300 58300
124291 125291
245625 246625
348279 349279
804076 805076
865681 866681
562131 563131
825676 826676
689207 690207
37726 38726
861896 862896
297936 298936
886810 887810
752011 753011
444435 445435
115743 116743
254710 255710
617113 618113
974884 975884
803692 804692
127192 128192
641449 642449
311094 312094
398948 399948
516248 517248
711654 712654
42026 43026
518481 519481
12814 13814
585688 586688
810793 811793
426674 427674
625831 626831
200274 201274
332501 333501
751009 752009
774518 775518
233868 234868
385221 386221
650799 651799
657971 658971
289191 290191
951905 952905
182419 183419
266297 267297
763478 764478
121640 122640
324174 325174
368770 369770
459943 460943
320577 321577
624986 625986
917017 918017
260543 261543
936084 937084
723221 724221
435039 436039
728015 729015
422003 423003
45544 46544
132921 133921
334229 335229
528598 529598
840333 841333
677367 678367
122236 123236
387734 388734
326254 327254
779740 780740
1066 2066
801895 802895
143702 144702
21048 22048
545083 546083
235168 236168
485422 486422
623404 624404
123895 124895
684888 685888
252256 253256
198755 199755
424087 425087
824647 825647
330969 331969
858176 859176
940739 941739
552450 553450
623352 624352
448900 449900
814446 815446
352261 353261
769249 770249
101191 102191
468727 469727
682851 683851
600883 601883
713552 714552
863042 864042
944745 945745
241863 242863
482240 483240
818226 819226
444246 445246
421444 422444
89842 90842
794002 795002
172925 173925
13104 14104
707768 708768
702366 703366
151641 152641
26235 27235
538742 539742
825950 826950
550052 551052
280714 281714
227930 228930
677081 678081
785738 786738
776339 777339
105154 106154
681134 682134
331506 332506
332611 333611
885656 886656
896836 897836
15062 16062
419045 420045
153178 154178
596556 597556
182199 183199
222208 223208
676629 677629
421209 422209
212770 213770
902847 903847
370495 371495
997267 998267
528149 529149
685023 686023
499038 500038
357450 358450
409571 410571
888816 889816
545762 546762
242013 243013
658589 659589
269215 270215
22079 23079
374218 375218
374140 375140
55965 56965
372911 373911
101325 102325
895034 896034
902689 903689
52049 53049
371614 372614
262436 263436
548271 549271
786283 787283
878289 879289
393717 394717
369472 370472
24987 25987
342686 343686
527345 528345
161038 162038
580488 581488
332088 333088
397776 398776
417944 418944
504729 505729
711554 712554
30041 31041
114209 115209
318895 319895
814491 815491
5640 6640
473667 474667
815314 816314
683325 684325
544466 545466
510327 511327
784671 785671
279475 280475
771970 772970
179392 180392
186631 187631
390930 391930
96360 97360
824778 825778
478265 479265
76082 77082
707612 708612
234938 235938
42208 43208
874062 875062
828212 829212
25977 26977
915238 916238
684714 685714
494918 495918
259609 260609
308074 309074
175366 176366
331578 332578
173151 174151
728373 729373
807008 808008
984881 985881
649764 650764
871577 872577
89018 90018
638128 639128
589388 590388
827925 828925
469427 470427
292480 293480
654246 655246
569067 570067
346886 347886
310874 311874
957591 958591
123970 124970
50752 51752
56620 57620
140281 141281
331358 332358
277392 278392
326946 327946
937005 938005
564709 565709
393617 394617
681104 682104
772535 773535
365877 366877
222256 223256
693353 694353
147960 148960
494683 495683
410252 411252
623030 624030
577982 578982
504397 505397
246263 247263
987107 988107
622505 623505
586753 587753
842567 843567
45007 46007
119208 120208
95264 96264
925226 926226
261147 262147
68584 69584
851797 852797
86771 87771
397610 398610
748850 749850
69023 70023
247285 248285
7433 8433
545386 546386
480002 481002
242642 243642
748498 749498
667809 668809
56361 57361
912695 913695
118656 119656
397570 398570
517668 518668
797639 798639
924552 925552
759871 760871
687250 688250
567295 568295
39941 40941
545975 546975
633431 634431
605991 606991
783489 784489
425435 426435
450223 451223
754756 755756
551956 552956
482506 483506
477808 478808
72923 73923
181329 182329
886968 887968
740659 741659
622827 623827
876844 877844
566833 567833
389964 390964
704174 705174
452128 453128
688862 689862
977021 978021
668674 669674
48369 49369
472568 473568
455626 456626
430985 431985
466401 467401
364342 365342
913914 914914
58530 59530
737685 738685
880569 881569
170030 171030
370669 371669
584603 585603
492086 493086
530899 531899
306752 307752
976162 977162
767039 768039
209817 210817
932965 933965
72116 73116
615210 616210
125952 126952
349493 350493
466626 467626
884060 885060
67790 68790
432308 433308
792111 793111
745272 746272
492482 493482
298109 299109
424448 425448
280235 281235
554415 555415
616161 617161
242734 243734
423959 424959
308815 309815
407478 408478
139908 140908
959076 960076
420014 421014
769606 770606
254969 255969
565104 566104
119045 120045
44373 45373
703189 704189
22827 23827
601500 602500
306304 307304
917632 918632
549698 550698
534155 535155
691057 692057
583457 584457
899315 900315
847617 848617
6005 7005
545884 546884
296546 297546
532336 533336
269259 270259
3402 4402
499582 500582
726555 727555
308764 309764
759650 760650
281225 282225
987376 988376
319659 320659
300652 301652
403840 404840
269851 270851
326012 327012
988389 989389
726005 727005
804060 805060
822079 823079
717490 718490
423508 424508
756493 757493
478641 479641
968594 969594
433389 434389
289454 290454
691513 692513
310240 311240
136922 137922
391141 392141
922258 923258
50427 51427
985908 986908
639009 640009
235141 236141
919755 920755
246395 247395
880326 881326
169775 170775
379910 380910
284872 285872
666381 667381
105516 106516
394419 395419
854293 855293
160604 161604
571459 572459
273080 274080
650674 651674
155857 156857
535052 536052
507039 508039
5772 6772
782497 783497
562653 563653
348490 349490
957363 958363
466310 467310
886983 887983
257070 258070
95812 96812
704197 705197
839265 840265
234487 235487
524097 525097
265604 266604
807943 808943
499544 500544
988265 989265
498872 499872
871228 872228
917660 918660
736152 737152
524311 525311
517329 518329
92145 93145
944508 945508
229540 230540
414052 415052
48882 49882
618144 619144
147692 148692
18593 19593
1797 2797
709378 710378
495376 496376
928647 929647
773308 774308
832115 833115
874816 875816
267634 268634
62214 63214
352074 353074
403380 404380
69580 70580
900810 901810
823143 824143
323753 324753
583442 584442
323776 324776
709641 710641
469301 470301
651875 652875
483169 484169
85125 86125
311705 312705
836130 837130
187171 188171
530724 531724
701727 702727
756587 757587
114499 115499
769394 770394
829034 830034
197547 198547
762188 763188
667213 668213
373257 374257
885232 886232
521272 522272
108843 109843
296048 297048
489590 490590
143087 144087
911486 912486
232636 233636
323281 324281
258369 259369
380169 381169
981469 982469
415408 416408
541914 542914
326854 327854
161789 162789
122843 123843
577542 578542
376945 377945
711509 712509
208618 209618
471229 472229
168892 169892
531641 532641
364722 365722
784722 785722
616133 617133
248411 249411
485720 486720
417588 418588
745318 746318
760638 761638
609974 610974
652556 653556
750730 751730
967409 968409
336851 337851
697229 698229
812060 813060
829864 830864
701139 702139
704579 705579
911166 912166
711006 712006
940028 941028
435356 436356
353162 354162
758678 759678
323302 324302
437456 438456
948152 949152
949431 950431
234067 235067
860413 861413
842212 843212
294761 295761
985130 986130
797658 798658
799590 800590
626254 627254
435285 436285
354783 355783
332933 333933
322486 323486
330065 331065
479019 480019
454246 455246
317996 318996
433198 434198
953283 954283
976571 977571
743525 744525
937780 938780
857537 858537
234800 235800
586693 587693
350318 351318
230906 231906
813792 814792
833583 834583
26134 27134
629882 630882
372965 373965
654286 655286
801247 802247
771157 772157
938677 939677
329171 330171
713678 714678
471950 472950
99306 100306
777760 778760
636201 637201
656459 657459
382530 383530
748334 749334
752985 753985
283928 284928
720426 721426
953933 954933
204119 205119

81528 81528
74925 74925
9255 9255
25557 25557
76629 76629
25484 25484
90394 90394
57869 57869
29221 29221
87777 87777
74820 74820
93404 93404
81254 81254
815 815
66043 66043
2710 2710
73615 73615
4507 4507
71648 71648
17278 17278
77494 77494
3569 3569
66041 66041
95560 95560
6091 6091
7776 7776
91323 91323
90934 90934
38771 38771
47743 47743
94665 94665
3032 3032
19971 19971
83807 83807
88558 88558
82621 82621
65924 65924
9687 9687
98909 98909
64628 64628
23778 23778
2300 2300
35220 35220
23847 23847
79613 79613
84465 84465
76912 76912
83636 83636
4687 4687
48156 48156
20386 20386
59079 59079
62362 62362
32539 32539
72473 72473
83004 83004
72296 72296
63287 63287
7752 7752
45820 45820
42820 42820
37452 37452
29444 29444
78201 78201
37783 37783
81626 81626
86733 86733
19491 19491
39821 39821
20255 20255
4852 4852
44017 44017
8504 8504
65612 65612
78564 78564
62614 62614
8816 8816
81332 81332
64569 64569
77219 77219
3151 3151
77308 77308
83742 83742
42713 42713
58255 58255
65373 65373
10367 10367
82070 82070
17514 17514
42386 42386
82138 82138
8403 8403
28506 28506
70160 70160
12164 12164
30606 30606
95940 95940
90154 90154
22109 22109
58118 58118
1 999999
1 1
999999 999999
999999 1
