1 10
100 200
201 210
900 1000
5 5
5 6
1 2
2 5
1 8
5324 5357 
3710 3787 
3875 3886 
2794 2874 
2703 2713 
9307 9403 
25 47 
1469 1481 
6486 6522 
2700 2702 
7743 7757 
1854 1933 
4309 4330 
1608 1623 
8363 8461 
7652 7739 
6783 6845 
5965 5975 
3025 3084 
7790 7819 
7722 7820 
7977 8024 
5720 5766 
9259 9318 
6135 6194 
4561 4591 
9673 9740 
8009 8043 
6741 6811 
601 605 
4020 4074 
8792 8796 
5968 5977 
7814 7860 
6220 6277 
1075 1117 
5407 5411 
1689 1716 
4851 4851 
6038 6124 
9260 9260 
1216 1301 
3367 3445 
5620 5628 
1548 1569 
5213 5233 
827 884 
2724 2772 
7818 7909 
8494 8532 
5200 5221 
4333 4340 
1325 1347 
8086 8114 
9675 9700 
9866 9901 
4725 4760 
4220 4264 
3013 3105 
4553 4566 
2414 2432 
2833 2926 
2827 2837 
9093 9190 
5153 5240 
1035 1088 
9860 9880 
960 998 
4095 4141 
66 136 
9523 9556 
2705 2753 
7368 7445 
5045 5078 
9470 9520 
3998 4034 
2068 2151 
4181 4228 
5093 5168 
8244 8342 
862 893 
6951 7026 
7352 7415 
4613 4712 
3310 3341 
1569 1654 
7316 7342 
9786 9822 
3903 3934 
7769 7794 
781 800 
7961 7962 
1303 1398 
448 496 
1770 1814 
9347 9431 
7027 7077 
6059 6090 
6914 6938 
8530 8606 
8056 8155 
5761 5785 
725 772 
2761 2842 
6730 6760 
706 717 
5002 5022 
3064 3069 
3515 3579 
9053 9090 
4908 4960 
621 657 
7403 7484 
9019 9036 
57 107 
7245 7258 
4001 4007 
9838 9865 
4906 5005 
2060 2096 
9481 9499 
5500 5583 
490 554 
7140 7197 
8429 8475 
1994 2083 
7298 7314 
7977 8030 
5649 5746 
1722 1728 
4547 4614 
172 220 
8326 8336 
9627 9711 
8961 9000 
7572 7666 
7158 7230 
5630 5630 
1637 1659 
4358 4376 
1668 1672 
6107 6126 
5320 5405 
6372 6441 
7434 7481 
3028 3109 
9766 9766 
6881 6925 
3210 3271 
4028 4051 
900 901 
9669 9679 
4673 4724 
4763 4825 
774 795 
9080 9122 
8177 8217 
4113 4211 
1977 2015 
819 830 
1285 1332 
7744 7747 
7047 7124 
1848 1857 
3838 3914 
1484 1575 
7477 7531 
1853 1856 
9157 9173 
7517 7548 
2089 2139 
8726 8793 
4490 4529 
117 136 
9677 9765 
2230 2244 
1136 1162 
4718 4753 
7303 7321 
7497 7591 
8794 8875 
4937 4961 
6487 6577 
7479 7524 
9759 9855 
5576 5576 
4298 4300 
4819 4907 
3494 3530 
7959 7982 
8577 8618 
3190 3255 
2867 2875 
600 623 
826 923 
4017 4089 
3431 3485 
4948 4966 
2096 2123 
5563 5570 
3776 3868 
6408 6482 
8146 8173 
6863 6955 
2516 2590 
7516 7609 
7716 7722 
3510 3593 
4966 4976 
7106 7150 
8560 8635 
8116 8207 
6429 6494 
8261 8339 
5492 5569 
3085 3153 
7669 7762 
3695 3762 
7073 7131 
160 201 
8084 8160 
3386 3386 
4734 4830 
2736 2736 
7358 7400 
1844 1862 
7318 7330 
4261 4360 
9377 9400 
4977 4999 
2700 2715 
6842 6863 
260 297 
8888 8921 
7447 7447 
9626 9658 
9428 9440 
7684 7746 
6260 6280 
214 233 
6615 6673 
5889 5922 
4723 4774 
384 436 
9026 9040 
8026 8104 
6129 6198 
4799 4888 
1758 1797 
75 133 
5440 5441 
7442 7510 
2714 2740 
5383 5409 
1899 1996 
8945 8959 
4008 4043 
2447 2478 
1338 1421 
9183 9247 
897 907 
8442 8468 
8431 8524 
9768 9809 
9632 9675 
2099 2123 
5896 5989 
2645 2707 
7372 7452 
289 360 
9977 10011 
7785 7822 
4069 4153 
9068 9075 
5767 5771 
2123 2140 
8166 8231 
6395 6444 
6510 6573 
9490 9585 
2358 2400 
271 326 
3835 3851 
3217 3276 
3648 3654 
6830 6908 
9093 9160 
315 329 
7551 7635 
1274 1345 
340 437 
2688 2694 
315 398 
1455 1480 
1599 1696 
9320 9377 
5239 5331 
8564 8591 
8860 8942 
2986 2995 
1640 1709 
2487 2520 
7136 7190 
248 336 
8538 8560 
711 741 
4919 5018 
88 174 
8834 8877 
8412 8445 
5193 5277 
743 775 
3676 3683 
2211 2300 
1089 1139 
7750 7832 
7719 7808 
9815 9822 
5743 5806 
2247 2281 
7937 7995 
5864 5873 
2709 2762 
795 839 
3848 3907 
8329 8370 
9644 9716 
5826 5898 
8380 8417 
4913 4934 
5939 6002 
1255 1265 
5604 5675 
1218 1266 
7486 7551 
1982 2006 
2776 2874 
4633 4718 
6503 6583 
3381 3385 
7340 7351 
5745 5781 
783 806 
3008 3023 
2313 2335 
7689 7741 
6937 6981 
8263 8305 
6367 6400 
242 296 
5650 5726 
5630 5656 
2774 2789 
264 294 
8395 8440 
2334 2421 
5356 5387 
5423 5515 
2355 2439 
4359 4427 
2706 2706 
2920 3015 
3697 3732 
8537 8601 
3368 3447 
270 341 
7355 7355 
3797 3879 
2515 2528 
8464 8527 
4059 4157 
9350 9417 
5229 5303 
8259 8343 
9558 9629 
2252 2268 
7371 7396 
4611 4631 
5412 5413 
7485 7566 
4632 4687 
504 544 
8 9 
1174 1197 
4715 4753 
9786 9812 
436 525 
893 910 
263 268 
9602 9675 
4476 4482 
4789 4888 
6083 6135 
5620 5716 
5253 5258 
6629 6667 
7212 7245 
4578 4598 
7786 7790 
6096 6097 
1742 1776 
3979 4009 
7723 7796 
547 585 
378 379 
511 565 
4708 4760 
3053 3096 
7405 7478 
8639 8649 
8130 8198 
5248 5343 
8753 8831 
5267 5307 
8282 8297 
5393 5469 
9950 10023 
4906 4931 
4246 4300 
8364 8440 
1955 1982 
5830 5845 
6880 6915 
6511 6596 
261 311 
3295 3338 
6771 6867 
6438 6462 
7426 7484 
8416 8477 
5773 5783 
8437 8460 
3183 3227 
6101 6182 
5150 5215 
4757 4814 
9692 9731 
6473 6497 
8526 8610 
7209 7248 
4486 4543 
9883 9892 
8105 8178 
9486 9517 
731 733 
3944 3949 
1712 1794 
8580 8627 
2078 2159 
1380 1408 
5498 5535 
685 728 
9428 9438 
4467 4522 
2846 2875 
9446 9531 
1238 1267 
1294 1337 
8355 8435 
1226 1264 
5035 5106 
8295 8394 
7553 7581 
699 782 
7909 7988 
3211 3271 
8217 8265 
7655 7752 
111 185 
8304 8361 
2855 2906 
6642 6735 
7080 7169 
3436 3523 
1421 1436 
7226 7282 
6186 6259 
5908 5999 
5101 5108 
6074 6137 
8686 8723 
5475 5530 
5885 5915 
7253 7349 
7956 8013 
5306 5318 
3308 3308 
4905 4946 
2589 2683 
4880 4943 
5709 5767 
6819 6914 
332 359 
8338 8371 
9334 9346 
4796 4869 
6401 6472 
7628 7666 
9753 9834 
987 997 
6791 6884 
8522 8573 
4593 4672 
3192 3227 
4473 4546 
3898 3980 
2883 2952 
8429 8444 
6149 6216 
8649 8684 
7531 7628 
6208 6292 
6421 6510 
8923 8997 
5070 5080 
236 249 
2555 2613 
4665 4665 
4890 4899 
7035 7098 
8634 8719 
5898 5916 
707 734 
4733 4741 
7447 7481 
5043 5073 
5884 5888 
1615 1620 
7793 7831 
4831 4846 
6800 6868 
3781 3836 
178 224 
2855 2923 
2655 2698 
784 826 
9880 9962 
9160 9247 
7361 7406 
3795 3803 
9980 10071 
6139 6155 
9147 9201 
4521 4613 
4644 4696 
8859 8903 
772 812 
799 850 
7438 7444 
2371 2417 
6249 6304 
4088 4118 
6189 6237 
3069 3120 
3493 3510 
4711 4736 
8408 8458 
2041 2048 
4956 4970 
3551 3603 
8619 8629 
7396 7487 
1403 1450 
6694 6735 
4554 4620 
5287 5342 
8573 8648 
3285 3348 
8975 9030 
8314 8335 
9572 9597 
4998 5030 
228 320 
4591 4627 
6306 6348 
3841 3866 
552 641 
669 724 
2137 2200 
7149 7192 
6429 6465 
198 201 
8164 8248 
6118 6209 
6191 6223 
8664 8679 
3809 3872 
6447 6536 
3407 3497 
8278 8291 
5532 5551 
991 1027 
9708 9720 
744 841 
5375 5468 
1240 1297 
329 420 
9512 9557 
7627 7657 
4689 4707 
6414 6467 
5933 6008 
3368 3400 
3317 3392 
2474 2569 
2841 2847 
66 150 
442 468 
8196 8282 
676 699 
5431 5499 
4432 4493 
6059 6103 
6958 7044 
5926 5973 
3856 3948 
1353 1394 
5268 5289 
1225 1310 
1497 1596 
6532 6622 
8057 8107 
874 874 
5428 5450 
6038 6094 
5345 5415 
725 755 
3583 3667 
6426 6519 
6823 6876 
4893 4972 
1045 1091 
3173 3238 
967 1065 
1250 1266 
8098 8132 
9506 9561 
3436 3516 
1007 1072 
2154 2252 
1321 1373 
1220 1318 
9982 10037 
5183 5191 
8048 8106 
8761 8802 
9037 9096 
9187 9249 
8824 8831 
2961 2988 
5323 5334 
561 591 
3566 3616 
1562 1588 
9215 9284 
676 764 
3921 4017 
5287 5290 
3051 3073 
311 362 
5180 5205 
6745 6814 
1584 1668 
9132 9192 
8791 8836 
3187 3254 
5856 5857 
1649 1723 
451 462 
6700 6718 
9632 9660 
9258 9311 
5624 5721 
7456 7483 
7719 7739 
8831 8882 
9545 9621 
6173 6254 
7860 7917 
593 597 
102 135 
3471 3529 
234 254 
8084 8121 
4683 4720 
9407 9423 
4865 4930 
7869 7911 
9563 9641 
8221 8255 
2150 2202 
2886 2933 
8980 8991 
5528 5621 
7068 7141 
2549 2619 
2606 2626 
9480 9572 
1140 1204 
2581 2656 
8701 8789 
6491 6510 
654 667 
6761 6830 
8743 8825 
203 296 
8387 8428 
8940 8959 
4852 4872 
6912 6932 
3293 3354 
5442 5494 
1833 1907 
1444 1469 
5191 5217 
1501 1545 
2366 2410 
163 235 
5057 5081 
5941 5941 
8259 8356 
1045 1143 
1938 2023 
6717 6760 
805 887 
5063 5114 
5795 5853 
2703 2732 
8132 8231 
3306 3329 
4525 4532 
3568 3612 
5504 5587 
2616 2677 
7008 7018 
714 733 
7407 7418 
4617 4714 
8097 8131 
8840 8842 
7668 7724 
5705 5721 
3466 3474 
7445 7543 
8908 8911 
1274 1359 
1911 2005 
3029 3044 
1277 1323 
4328 4413 
6908 7002 
6256 6323 
9506 9579 
6364 6419 
8560 8617 
9209 9289 
8165 8180 
2396 2427 
3323 3416 
9581 9612 
3297 3352 
8369 8429 
2049 2147 
5327 5406 
3396 3451 
4316 4320 
7402 7475 
7323 7383 
7798 7838 
7215 7273 
1597 1621 
8939 8953 
7691 7778 
7745 7760 
3881 3907 
9598 9676 
4534 4601 
8738 8773 
5718 5783 
2614 2680 
72 103 
2123 2149 
7504 7550 
7086 7088 
9486 9539 
8013 8096 
3430 3434 
7197 7218 
991 1085 
8488 8560 
4973 5012 
8402 8409 
2406 2446 
2442 2518 
7557 7614 
9943 9973 
8340 8406 
1456 1500 
1512 1607 
7498 7597 
1900 1963 
8434 8464 
5167 5251 
2804 2863 
9630 9722 
7383 7386 
2083 2169 
4110 4200 
9278 9283 
5318 5354 
4314 4375 
818 872 
3679 3753 
4850 4942 
3521 3569 
2543 2565 
4212 4241 
7104 7135 
5665 5725 
8242 8338 
3905 3931 
9899 9987 
7764 7826 
6830 6872 
9619 9668 
3878 3911 
3762 3858 
6587 6629 
3323 3360 
2634 2730 
137 166 
4970 4971 
8858 8885 
6433 6509 
4687 4762 
6172 6264 
6653 6676 
933 950 
9137 9200 
7812 7868 
6264 6306 
2689 2716 
9091 9119 
7469 7535 
7065 7120 
1962 2017 
4336 4421 
4256 4350 
1712 1801 
422 473 
1717 1811 
7696 7766 
5370 5399 
9140 9147 
2744 2796 
3264 3273 
1346 1351 
9036 9073 
7934 7991 
9203 9254 
9312 9330 
4906 4954 
803 866 
3194 3261 
6204 6273 
1618 1691 
6563 6629 
2644 2677 
4295 4331 
6441 6533 
1440 1497 
2401 2487 
8362 8451 
3224 3320 
646 673 
7648 7658 
9945 9951 
6310 6310 
4421 4477 
5967 6045 
5825 5863 
1251 1292 
9604 9651 
7026 7026 
8383 8402 
3644 3667 
5876 5921 
8962 9053 
186 272 
6887 6971 
965 1052 
9846 9909 
6146 6154 
4363 4430 
8364 8447 
7545 7587 
621 718 
5635 5660 
9044 9105 
477 557 
2481 2502 
9955 9964 
6518 6535 
5300 5304 
1103 1191 
240 261 
9427 9513 
5684 5757 
2594 2693 
2493 2504 
3082 3120 
4205 4260 
5187 5227 
281 365 
8853 8911 
4364 4398 
1232 1251 
6044 6094 
3237 3281 
807 899 
9884 9931 
5465 5529 
7486 7535 
7589 7669 
3901 3983 
3743 3778 
6473 6521 
3391 3403 
4140 4164 
8596 8690 
7134 7194 
680 746 
3632 3708 
2469 2490 
773 801 
3913 3922 
675 706 
2673 2686 
6880 6895 
4594 4627 
6697 6786 
6821 6843 
8990 9002 
7535 7565 
236 267 
2476 2498 
5444 5501 
2089 2117 
6233 6243 
8649 8655 
538 552 
4016 4081 
4645 4686 
2079 2157 
9656 9681 
5011 5017 
7714 7746 
2228 2232 
8396 8411 
6187 6271 
8599 8662 
8707 8802 
8172 8220 
5823 5881 
8058 8130 
4116 4212 
3386 3470 
2513 2545 
7526 7618 
5910 5944 
7617 7690 
6240 6324 
5458 5479 
4740 4794 
7288 7367 
8839 8926 
5943 6041 
2634 2701 
1046 1103 
1225 1281 
2929 2971 
4052 4120 
9826 9891 
7052 7056 
7510 7524 
7239 7318 
6587 6618 
3163 3208 
4652 4708 
2252 2345 
1535 1578 
532 562 
1341 1408 
4298 4337 
1624 1647 
4195 4201 
865 964 
3574 3618 
7516 7594 
748 774 
