1 10
1 999999
750166 715449
315189 884040
307728 736919
7687 164081
756984 657659
7006 566807
701987 275797
177245 263915
672639 519724
442281 867039
832104 433084
982287 760982
927309 973789
179012 541755
754845 985376
221520 638071
516692 965969
784433 556109
744748 66974
528307 596644
496806 504177
258202 38763
506159 738136
454988 308687
864087 984186
90303 309200
803011 711456
58139 525100
711800 39291
952403 838482
651842 15881
902355 75224
206752 158410
609790 628263
402069 445049
563514 437360
852952 101873
484037 89255
224585 623972
739806 806217
421277 477153
658654 964779
387990 95932
853045 207969
915576 958801
734392 215482
186380 524048
348062 575366
180237 48171
222449 831545
444032 129354
45105 257833
142396 377038
80665 40353
785108 40215
489533 415956
159218 442342
736870 509527
979359 759521
445853 618080
571999 449810
913353 244969
162261 978867
273791 209079
107997 296888
767902 330182
805300 690095
713726 938682
572435 587019
740398 225164
759867 61763
355253 471680
925076 606919
393745 553107
404649 779394
405408 432439
49913 603373
225149 612993
224629 489632
104505 130121
373784 759445
350365 121238
835558 884667
81688 704629
31645 583240
858584 639605
2972 779570
268242 464974
734298 467876
152480 749224
437099 554725
62922 983463
38790 173880
362181 222911
607801 401830
778386 702155
78860 105099
808463 131675
331912 747775
297350 521575
107396 452442
971732 132854
455675 397161
115294 933953
557231 724597
531157 757810
276700 169288
273331 772454
172332 8689
72246 828300
686063 732323
876572 580026
530396 119224
916534 597572
672022 454906
26835 317268
175244 11117
148535 33782
994497 438398
605421 474884
279400 195018
933329 207014
416760 204407
917661 591181
530526 502192
277693 252436
200901 928845
856416 208698
794732 811364
950054 337059
634500 979642
983174 455293
981992 988775
101237 733263
227571 497137
475293 291186
900952 98902
569752 167859
427872 844188
492761 337609
37931 500769
127451 14287
971897 572576
644451 943507
194531 669035
105410 113899
43388 757748
581353 614023
996596 334199
884443 379250
256008 472701
695282 385018
269754 699657
746305 393726
722965 530725
393489 743671
785712 453138
395796 539382
124052 82472
991269 278347
766561 104339
664182 486664
640232 188651
686454 860532
98813 603800
28253 447095
750957 606832
954214 16569
537157 368856
343826 989823
234206 992798
395355 882086
510784 24611
307373 231169
337029 1240
542993 819580
219043 682401
383547 77035
710774 612332
21686 238222
495436 841203
851772 989967
274347 769960
546064 877320
75661 932870
487480 15557
282757 857887
810014 557313
408892 252131
970986 381386
735090 66750
598558 461021
823629 718579
231722 5645
319705 233755
88680 601544
905985 213144
174624 523264
796316 178982
273880 620428
364014 577737
617137 233752
217507 679863
551690 160707
60845 264377
632165 187041
180161 304582
707758 330661
997816 212499
347282 44328
279398 195479
970683 688689
483 528527
558096 578441
470844 938178
795004 346947
440403 534408
164337 774008
18758 188920
436135 457703
199521 437797
640322 983619
855576 762499
640016 870137
975991 549133
559898 961093
183709 766056
369715 716127
12473 72398
153129 858892
44470 983716
437752 281375
865603 861024
477458 167279
980440 260397
634901 58028
405802 39446
40979 680105
597759 905202
855149 451932
355976 841765
375624 647575
196606 500596
37539 324627
446887 285113
729525 603771
808820 815197
424836 410193
246787 487189
69944 378097
438753 115868
625732 27968
926973 880839
647981 807703
150552 810575
943691 409357
79450 209583
133311 128126
366376 658198
267654 56176
521169 540302
108749 806050
881083 138079
596648 604489
906735 486666
120177 824458
437025 200825
263300 864960
605560 311310
976957 692359
317033 309970
939853 176853
508113 386894
337279 871618
898218 856339
12729 13211
38808 398874
881387 554814
157854 280864
804423 471111
94775 856205
337270 430741
789604 667486
579529 747312
95648 168694
440585 867706
619412 977879
179445 76259
294381 80716
799672 57160
417096 405904
697591 564117
822470 517923
263794 227523
364466 202125
280303 289593
738403 354938
429353 583368
139123 178343
12684 728219
342353 545894
153107 825926
251666 623648
836341 710585
92680 111367
422441 566462
476891 604955
971154 759008
27306 771036
275918 427418
5458 423237
227102 378008
242544 502252
396380 383424
879844 261758
999972 456247
867547 755285
105356 581210
782126 391208
145303 597818
857585 669533
315949 485994
218362 994357
701511 487240
847517 942181
281007 958549
609088 772619
341943 875621
357415 793790
979322 228187
81587 777537
820169 148727
176176 123145
332200 497879
522408 8655
344524 192982
827264 953202
806174 509428
223615 883187
509169 392042
264046 184217
356730 548335
885585 363114
808748 809514
206936 23344
856396 993555
105183 635973
166139 141607
973461 296279
691647 913260
855861 811622
941174 291383
996882 680148
170251 949549
833695 767792
12250 89703
397760 123647
803088 381304
2057 484845
91337 977671
228425 526789
512188 984853
108266 941673
562574 125931
656553 236143
333429 251910
842356 517324
357757 996738
736649 623145
75769 548934
393431 274819
162662 361543
448654 54885
327285 474672
936880 966907
3976 310369
367017 57334
348675 339924
417631 24151
970879 73279
488974 999063
333429 961268
385166 984303
706442 329018
429158 14053
646481 155665
373156 409466
335769 7756
838058 75632
813523 34455
34134 100777
326498 102727
513627 855493
783190 106173
791155 783051
543731 554300
402378 1736
211117 850932
922357 486580
381340 818104
991688 516075
455314 351013
31817 880880
797705 501121
756278 859537
885982 42943
178425 730675
662842 221820
986943 883181
935664 242576
732589 488937
798480 326747
950972 673084
265330 709595
559183 388429
19615 564784
2025 72558
714092 21317
947338 869070
243414 656228
631411 651757
536209 502689
94039 19012
247602 471242
827720 141045
127617 837116
69742 169622
262805 410279
772143 865025
167911 788475
621989 806091
396826 267753
379486 716408
652011 449691
883144 439351
324713 796012
311788 953351
331490 325653
963863 651105
853874 798286
765449 255648
604622 322459
112920 143760
894127 992452
687834 108530
381361 928009
35507 634111
145822 961511
727162 816226
865113 532280
852233 305047
188460 261145
853404 256406
939287 955714
111121 926110
848179 959296
562341 843198
643244 180516
111087 140782
100235 492946
642937 352926
322156 496564
125605 663019
76029 968687
691417 655404
667571 672299
674075 623112
828693 126369
619123 248983
22741 271422
671267 861605
890902 39897
975374 311881
803722 399587
585729 447259
783738 175874
623652 629956
657119 319728
558970 947228
627347 891673
924906 929781
444674 480781
795008 456836
488666 655338
483361 370398
286132 755264
985279 777627
729318 94426
164952 567630
372189 445943
777263 460184
974451 657246
605427 858176
30247 367989
480869 897039
84188 851970
890462 768667
740003 412117
382104 178458
344336 984489
843921 29013
526988 410809
979452 621222
544813 976753
311870 966789
596578 27029
92955 461837
43456 968743
91794 356797
527319 219691
648867 414868
537560 404584
410641 996738
713252 363850
565072 554746
653597 616530
415120 392080
659915 290311
251177 685484
265763 881881
524947 559564
426350 432051
528754 957339
694944 530906
341337 173708
149426 560948
265955 761391
58212 738610
860665 637240
101172 552670
94490 687599
441178 971149
936924 403429
36289 746152
437829 300758
530513 73373
481122 453877
306514 696764
364303 392653
963464 96640
553886 471196
563555 70000
899547 126381
75836 91805
683914 727882
738541 403271
546636 175939
235839 668365
626843 250404
976044 258209
438612 304768
206427 355575
410071 309982
645871 685440
188195 4227
579635 865864
590410 884501
690693 932507
57247 118028
666493 601093
563565 35314
111680 421262
56598 567645
155487 531881
532849 515728
964791 731250
575120 615078
725189 543818
837952 1380
466300 444276
472100 348886
18358 475887
539380 715672
576671 687352
701507 298758
491576 249230
577140 700544
753151 816543
891060 937907
320926 316313
218514 621423
882418 264482
867283 649762
727091 744863
412277 71365
284674 179180
899012 918197
58864 728574
826547 852997
215784 714383
744611 789074
98067 555255
733208 702188
136770 677186
446372 225875
487923 503006
743260 335024
8616 601683
643761 703785
261041 78743
711698 685203
328514 772909
453552 375540
429490 259518
299526 51539
534433 589773
238581 777388
752780 779863
616806 445669
790469 327718
248929 352358
331188 283623
663599 577917
715074 815944
375862 139633
424544 779965
933278 222795
775457 265671
602355 117437
556733 40573
419630 860720
538890 912658
98274 121404
336602 970776
937859 287277
501513 101523
892834 440463
385206 8048
853607 946860
886489 468297
54074 57759
800166 621326
925178 207114
877948 713231
70321 429077
966173 168183
932827 444425
855906 67108
897451 377272
747494 167707
93071 389504
58692 299672
401936 377647
746867 59706
557294 806795
560728 686921
84727 318907
159518 75931
497673 221774
112421 3943
521764 955037
579664 96120
319502 975141
529613 541526
646714 6395
222087 674513
594652 583605
999238 31287
862265 71368
344082 415636
621196 813718
592059 804351
948101 37249
971757 612687
674293 344984
391338 56260
899004 670213
917161 449089
831413 697862
126046 670186
837256 792388
352936 845994
299477 72771
70272 867859
732833 556072
217582 924319
808745 973561
903992 951944
197191 289244
110656 63630
239256 113967
220121 865828
812773 211914
487051 952138
337862 879850
916989 567282
608457 791753
893034 18446
76108 780186
380882 911161
64196 972408
962580 654042
15626 356736
737216 876127
811800 958827
399425 261285
84959 612821
39820 203428
202252 642171
722992 604970
304626 916412
775565 3091
582026 152292
864743 428902
405256 298365
177517 423502
851974 43169
982385 805097
230228 453936
54870 388139
483581 261583
534582 320662
181216 800773
709077 144155
362045 8398
60916 844105
748635 742766
675656 599819
217171 364715
872664 783162
300475 577796
922099 955123
980751 903103
637284 981108
666363 839265
842638 105004
387157 427488
17140 684449
150178 261201
497222 870958
806086 145039
98373 725717
944277 922965
587366 681121
492512 615183
293470 153497
669740 521218
85476 94091
133974 973040
311802 451785
915333 38252
679349 760383
35161 590924
212340 422259
92609 311468
341713 143416
896950 53539
347866 636598
856928 745871
179394 151667
115239 739140
998338 575989
237971 682243
69305 139600
977277 343849
148342 479553
885026 743511
417785 846552
122350 179652
692357 808543
571212 996859
957253 324285
991977 975953
617221 606753
914252 565719
47208 567267
662634 481998
394413 322899
958232 276666
739308 450359
508334 257403
374473 475667
823976 533316
335640 39359
722298 254335
575618 157041
878410 472469
417381 473495
692441 66728
997864 262696
682151 640773
833471 272527
111023 751231
528713 806780
300452 470962
523417 679329
68705 32993
791592 801872
38344 864074
706695 643521
863749 663114
567546 212104
614842 363946
940604 830983
952901 471524
704939 729599
27523 732744
252923 252126
630505 789388
759600 703406
689298 699155
104133 669145
369514 430068
149559 272470
370464 691598
186185 572364
36206 109583
773732 321153
954188 91080
702346 773061
620854 663
568265 933213
506003 550026
549597 68073
942135 511344
479726 104290
145445 79017
907460 386122
115689 452054
392323 533613
744075 4596
262045 558955
751287 576447
374540 149172
781821 688828
178873 713470
661643 22509
874494 974731
436488 942284
888539 645174
987407 651980
665776 291128
158275 473474
36876 633564
239690 349537
206862 982837
257589 633304
568173 67404
289723 342882
874709 235137
879823 742461
576416 44561
730913 393096
97 500626
980036 525621
958566 85278
589611 112962
380243 277733
300597 708718
566600 335606
129409 190480
258285 404237
773707 21538
259128 16112
72738 327800
968759 809769
588661 996839
112055 579955
108249 487652
73884 677652
999346 178145
342353 636055
147976 41118
867587 177776
693872 760947
169573 938018
80175 34717
208865 2044
522566 198561
722364 696549
872006 904260
479450 846306
367721 194341
358562 836158
31792 620129
655671 134003
220884 54265
344604 741076
87714 773366
914827 529187
229363 695653
745412 234131
474566 810219
464563 960326
881877 534359
678255 780177
541743 810167
905638 204762
949598 104647
249864 210206
530403 909140
981074 526972
871533 662471
599618 560563
881661 604005
264110 427066
534889 857834
129735 474926
261673 344230
925536 369685
606914 865613
956360 974322
181299 556889
410295 541798
322728 841762
544844 712858
186 941239
882565 194953
661053 468685
179609 271155
148861 548324
636384 342458
301573 85504
764145 753764
624121 146493
266936 893380
542453 834914
235782 893553
874436 212807
550295 670601
174820 636698
761163 338448
746073 153262
967668 203151
388347 612499
856001 25811
189675 388305
723343 372503
313654 222909
687946 103402
463925 237094
392750 87371
630491 85398
65694 723651
133263 118676
929214 405762
977267 62241
785389 302878
970023 511989
913685 403897
800150 346204
17396 259132
109409 239774
47728 334144
639209 939850
124488 131741
16862 587672
433547 40149
592350 741626
497544 775145
949013 595627
350021 777911
87376 971296
481654 103752
800970 559206
926327 27090
696867 139190
953914 659843
316847 310840
692524 937118
772936 827567
893549 734247
183153 190518
932113 130147
62411 476487
87774 374287
907335 520629
271224 137953
130457 781337
1786 649925
95312 323922
358124 904157
146732 259646
71738 66742
3843 490727
963576 161050
963848 50101
908664 474087
970459 400025
139617 995195
36964 586489
761781 283594
659299 29208
796926 204808
808671 798608
68290 489361
891774 739939
975772 280593
590083 287065
457605 205226
460119 535026
667011 331072
543933 462375
494064 638706
158770 738854
935858 642320
390512 524268
902948 133691
972585 33409
124543 598378
