7426 39355
9594 54061
67370 42577
92584 76989
22614 53317
12614 3532
76523 31084
18212 33601
94191 98829
92212 68770
5561 584
5514 73698
69146 30140
25649 67459
95518 7822
24944 97821
47178 29415
46760 9426
71992 39346
81292 94606
87540 93906
93015 64064
19868 6106
92543 14060
99812 84756
77708 5374
80218 83222
79073 49365
8240 99599
16825 98635
7422 41769
96458 54600
66062 38096
58903 38055
72319 40196
27540 54738
28980 20556
18803 48849
21539 6224
57786 21353
85858 30372
26727 66077
13595 678
10320 21836
278 27145
20472 7701
63791 11808
57178 29854
44782 16083
62787 17102
51156 85204
71840 80137
638 85521
23864 22178
86622 76527
43531 67358
6901 65135
28313 15373
65814 38633
32086 66092
60655 47436
68670 24448
59244 25850
49179 98903
36810 6844
10884 82843
92048 77601
57858 92687
58000 81722
9743 44624
53128 53274
6860 60029
13287 35174
75402 79101
73807 7490
40072 34464
49803 3620
53789 3925
24347 97845
2830 61157
4691 13714
38879 91616
91315 96737
84304 44194
78461 88924
88818 26467
37076 95678
86496 50364
25730 56776
29466 99538
59143 64415
28880 8947
68036 77546
12873 92383
75392 15703
48419 80083
24294 87298
66578 10487
84036 50883
54681 57375
39809 38377
83842 76885
28934 65216
22127 54664
21994 46471
49080 76014
10887 72837
84962 73800
50384 92712
61062 25778
3293 9482
739 27587
91657 67317
32951 70571
13079 82510
27948 47765
15765 6668
19528 39576
66762 41656
94241 83633
88127 38199
59648 93891
11038 39488
67693 56299
32201 28756
82077 35494
33115 77694
57958 24773
45012 85787
95344 52968
68298 18170
734 78940
19716 15140
18518 86478
56796 7637
64989 39801
45836 24638
33693 51751
64127 96263
8052 91205
25020 85006
26701 53012
62701 79536
77785 7715
65324 68008
55560 28500
81055 56295
7442 772
71435 20837
82127 23109
28474 47117
62910 74310
66633 91480
20940 25638
87745 28992
16844 7643
13999 38422
55533 76701
17960 28196
79293 78161
96204 34854
1540 72138
86026 3859
67787 52339
24696 49916
75448 53170
91910 33236
22358 53421
19595 43298
79059 2218
67167 90781
4738 81167
29204 60271
52746 42041
88468 32040
20204 79550
61771 21744
51689 42676
25603 19478
95015 45176
64271 65342
98346 51059
93455 15582
4482 13051
58881 78418
15269 20926
69200 14885
2094 98405
75156 49717
40447 63625
76634 55528
43177 38407
72149 89743
81083 92629
4099 70976
37806 68370
36319 31030
14308 24653
46613 18790
37704 372
92085 47851
21298 61287
62736 18270
54570 37893
67987 89894
96396 44623
45424 34451
77907 17574
19072 53868
10205 23172
24845 42888
91542 56042
73919 5851
80695 20533
19518 13277
15782 11605
61128 37080
67769 18742
50227 22340
51513 18216
12235 47910
57716 52536
77238 35624
64988 96310
89492 70070
19483 9215
12959 5904
65257 86878
6632 45953
2289 26151
59231 18071
32633 15237
50029 95279
33980 257
17620 85493
13350 24732
28281 71066
77269 5520
1568 37135
96707 91060
7206 16192
277 20165
16973 60411
1922 23605
6366 4211
44633 60474
17160 77266
75711 62066
72546 4569
57200 85043
90062 70551
9777 13221
36495 81923
18741 38064
19059 15450
24002 26265
26519 24279
41307 43492
84691 43229
67097 85934
42318 11732
46409 54355
83875 16998
16422 51300
21568 73622
31221 6508
39051 35875
19730 75547
17799 33348
8489 31735
43675 32491
52877 65071
51648 89062
8564 31217
32292 70539
12029 69487
77148 53315
23843 55901
70313 35142
2079 86758
3643 33301
88144 42694
69176 7875
13119 81853
36100 21608
8466 74653
48977 61344
39725 95502
50407 48290
26720 77576
13707 38749
47065 90855
92064 65785
41634 57255
95805 43714
44015 99448
77015 32160
37020 41069
34912 50140
22923 65889
66625 31390
40543 10480
87611 80269
5983 32896
23437 27580
10473 37144
61206 52415
22877 48148
13079 59388
5405 8885
3103 44297
3211 74995
71334 40231
10943 1124
85248 33866
67013 51875
60133 7558
57232 42622
82704 63216
75518 6142
85673 80869
38163 46881
33285 55917
95029 41241
15306 95311
50126 13287
39609 53337
83159 5821
88446 94102
6945 73695
22847 68836
25571 77857
71271 77681
20481 53976
40898 90876
54995 21449
71746 88035
68330 99909
38830 63361
41151 49013
53550 86155
62300 93160
34370 45461
93858 22817
34441 805
96513 57288
69641 16962
35147 35790
94643 55628
89766 30419
46505 39639
51869 13130
27675 15077
13040 61382
73315 49068
10396 26867
35224 67574
20028 69595
7913 13887
87289 42354
9569 78680
99643 74087
95643 34791
9878 85164
85296 94521
10462 26679
34161 57208
39809 56713
72285 47726
18096 45602
96795 28493
72469 26897
96067 87374
91369 3981
96138 78660
41212 5709
57341 40856
74673 47862
70524 84552
27905 50698
73951 38367
77378 8114
95575 12065
64827 67861
54669 77801
8341 46342
1172 80810
73239 97239
68185 64610
96097 59202
38148 37310
64911 90366
73044 34462
38230 43569
13892 66135
94268 87844
99379 66524
95958 89832
73466 55663
57694 28136
28342 66036
74478 29514
41724 42596
26754 4788
7207 17729
63990 45355
55040 23779
35722 28085
58241 68829
66531 72134
29842 55677
59979 24099
17079 50815
13932 90546
1356 71627
13560 29699
32541 82916
59213 74265
25513 80845
73930 27597
98574 37921
67829 48492
61700 98428
71454 19943
62136 37987
86954 91978
93664 46934
16079 10745
92626 24888
96168 93982
96515 4606
23682 23934
87522 82896
93077 7913
63742 67008
35510 57194
4931 98216
5688 61508
96646 77142
81451 58783
15130 68406
45639 3673
10218 56595
9295 2845
81484 341
96828 72877
4947 15388
91689 92470
98284 84767
95260 56904
46653 25649
14100 46461
23866 14665
7971 15390
91807 89422
69050 1816
52707 14691
366 57802
66163 9661
60648 42525
10002 52354
15404 14949
67742 1971
2297 60905
86738 97558
12687 28269
23208 21664
74731 41951
36329 82702
57342 23015
67002 26393
24831 14587
35961 25197
72390 97002
29735 27916
39528 34614
80270 49809
49563 42890
51780 46738
98672 33396
39174 11361
61666 57259
33025 36398
99210 64232
19101 51430
87247 80980
72701 12079
95568 8663
32153 67959
543 56765
95875 40072
91379 71023
84758 40943
8791 36540
82558 7465
69936 21733
13703 26480
78992 41605
62878 73081
5838 76856
24512 93085
57838 97213
42 48284
755 27072
16244 1298
83837 6997
36247 75217
72897 21007
11039 76565
52424 93597
84030 22361
10209 92610
43719 84078
34217 6598
57160 40055
78332 76550
28019 31048
73764 28061
79332 74519
50011 95576
70695 33849
97450 6943
9068 70348
27950 14984
41791 75251
8582 25823
92490 13668
13311 36210
97747 47528
37685 49785
82461 16018
26336 10481
47066 94978
33419 26399
64375 83430
16853 35071
12158 14304
42015 16103
79529 64842
31087 21322
40095 34546
42022 32586
48215 50210
63673 40840
97739 1359
90625 75078
17378 11840
85559 59321
6819 13856
85721 71194
92164 97451
1144 4323
6634 43159
15303 81040
2879 46390
97239 37851
80936 34139
65314 29152
84350 28988
64869 82090
25225 55496
57169 42603
62213 37606
96801 69032
46339 77400
35104 38504
74853 36248
37704 81487
74284 53007
57405 72041
94274 54646
9893 75212
88785 70085
99241 73136
93950 64112
50104 19176
14486 7274
56656 76699
39757 53459
40609 86097
30860 70590
19479 591
6840 52061
76955 76001
99945 34362
48043 94221
89008 52814
64311 72671
22900 63553
45809 11728
22543 95913
30905 37029
98065 82438
8606 37823
30775 44092
23921 61636
14684 38278
57104 16401
90339 34061
92402 90285
68423 40447
84507 52309
93261 48819
24981 11039
7251 65667
22767 29794
61582 48549
61701 54525
30989 65184
92348 56641
9278 11148
18278 18839
49426 70260
35240 34643
4322 22520
24929 67622
62967 4315
14809 51106
48011 39790
62145 50139
336 79790
74811 56795
28340 36513
11321 54206
1698 3670
10849 5853
9695 24004
19569 53998
94264 54809
88641 93463
77330 8449
61086 35175
12764 75895
86282 55652
10564 43305
670 5777
23096 75481
62572 46314
11995 73893
521 8570
72440 6247
9301 82136
25129 28870
36135 19394
78557 24778
7736 50765
28104 63699
85940 35745
34473 67100
91397 45037
10407 92067
45691 33503
67549 8264
79817 74421
82157 75216
77869 49475
81463 87170
31612 6593
16041 62625
20865 89475
82280 28601
40241 10385
87177 26183
46130 21651
88160 32405
61565 98567
19351 7257
32072 86900
15521 6767
56200 92555
81983 34070
42032 58325
21241 68521
59795 32159
31147 75537
21636 8305
99015 56754
18690 86194
82937 59697
7846 65976
92103 69412
64544 11455
76669 91493
93232 87068
98261 44310
79624 75122
78380 16534
28325 94498
85056 88121
26659 11081
63659 43172
19387 62676
99926 32954
48871 77742
87529 56717
43719 79633
21007 8264
85965 97677
94635 74075
84746 92897
18387 59248
62897 96767
70660 91223
91267 55717
79345 12804
61675 37882
55976 75939
559 50780
3772 44307
28523 91301
95902 72242
65812 16910
75384 51778
14588 70020
25854 94211
57795 44241
48338 20693
41010 18999
6794 27155
69593 81016
39959 31269
18900 90812
2087 14336
41593 5859
53521 64994
92037 49424
37237 57850
66334 7499
9629 75800
72396 30360
64889 25069
69479 13228
40640 5367
32227 47434
32522 1821
28452 67358
27968 42229
58171 24932
56565 94641
25668 10087
59636 17706
54388 91751
75556 20724
94127 80062
91401 66525
5300 56291
91594 74779
69520 32235
80146 96624
74547 7546
98446 3000
74904 21292
45229 27953
46224 96671
22596 71892
1637 82232
89598 56025
68861 60032
71626 62990
34972 63028
29516 35149
14198 15988
9930 83718
43101 84953
80343 17649
92500 73667
15526 67405
94959 55632
90236 41184
52304 12833
7954 48818
89942 92429
99721 53682
52462 71348
16673 82311
29255 41066
17462 43453
57054 22269
27172 95032
2100 2393
12682 94600
70938 23085
56884 65898
78717 47121
1961 25900
54831 4792
74718 39651
97222 74440
93333 49685
40667 10007
26875 69922
45950 39214
8253 97882
56360 30302
92915 58460
32695 476
53062 3634
23561 4824
64410 2280
46822 61248
28180 1654
66040 97775
36182 63263
72217 29517
7827 7762
34401 29579
72561 80352
68793 80814
78235 25154
11117 66028
78491 38689
66504 26431
42324 90066
31255 1612
92346 78077
57737 20527
74608 23778
18303 5669
81919 85397
30063 84623
88036 64464
14203 60598
39694 82996
41413 12807
3028 52530
78836 76396
91220 45341
2829 28422
35408 34084
24911 22632
7040 82648
38036 76525
1304 51217
77071 83223
36615 7135
67847 19530
66477 76927
80128 6172
54801 16420
13857 57829
63827 92693
34227 49925
32912 31933
78347 63198
60894 98135
85830 67934
75661 23868
39338 76966
75085 16410
55067 6578
18423 17793
20985 84900
94720 1115
85949 49523
12412 99806
2230 76239
87377 31334
26166 20291
63267 99390
78366 24163
92404 59074
86974 68066
82942 21190
45033 52905
37601 102
54361 56024
12772 70223
35802 7493
66215 21752
51893 78627
21560 54124
54868 8938
80335 75911
24106 43604
75302 2473
62644 67707
61548 49619
30652 39368
70810 75685
87151 3289
70664 36390
54190 83436
6614 89992
85807 72830
11745 37701
46335 28182
86702 1204
31998 67039
71992 56104
5521 42173
53455 68165
4758 9881
12662 35410
44126 78349
11097 31278
76515 76638
62545 30706
54953 64037
15576 35638
31745 22199
68216 78080
50381 54920
74162 82379
16837 46155
33362 22358
88328 86817
85400 93087
96698 92939
28498 40825
71290 34472
66981 47806
5989 24404
73390 60942
88441 88966
91457 20187
6043 59674
98268 56425
9472 67308
33682 26309
13464 67044
43544 1794
48739 23822
89758 45438
16763 18257
81141 88053
47607 43000
30737 53596
67404 4128
9416 50724
87972 874
65788 94015
60548 64057
45318 70021
26243 73878
91207 39708
40923 34753
36379 89663
58575 26138
29979 70215
39272 5998
58269 86879
48998 83884
35353 11281
88012 44769
62005 70862
40520 27794
59756 1070
86729 99951
65968 12973
73830 52053
47558 14755
81683 83937
99295 35137
10076 29275
5353 49349
30151 58500
31106 79149
42385 66460
85307 25275
11230 42190
96138 51751
69985 50772
47698 51592
50724 8544
59442 19433
60597 7002
29065 37159
90939 28361
72296 95893
52513 77649
45243 77541
36150 76349
56692 78535
42810 36877
3812 48918
79068 94827
95546 43931
40477 43245
95523 86078
46666 49843
5512 2141
56845 34577
39300 42663
57815 11597
38557 5207
89247 83800
82748 20275
55027 34318
98811 92715
71196 97500
41634 45142
87205 37181
89073 27683
75303 84597
13762 16847
34441 14152
18988 86164
43606 58289
28828 96299
69886 67385
