8455 4008
7825 9441
1130 4757
2843 483
9242 2340
4874 643
1545 3898
7820 1711
2356 1843
5609 6123
2360 456
5050 8882
2624 49
5895 4181
2409 8259
7527 8309
4441 8080
1835 8762
991 1364
3519 1838
289 4681
2328 7502
5640 1688
6546 783
8893 2422
3408 3557
5873 5327
80 9224
3831 2225
8336 5484
9995 9941
7128 7165
5931 4831
9867 1935
4535 8086
7429 6566
5255 344
3657 412
8365 3884
7427 5765
1007 9492
4241 1842
6098 2907
739 280
179 2735
7531 5244
7814 7657
9301 513
8252 5839
6287 9223
4695 3535
7896 9363
7783 3077
7498 9567
2635 2664
7245 5243
3182 1657
3115 4700
8398 5469
3376 8528
2520 3538
8096 3244
5397 2381
3453 1926
9665 3250
2189 450
8652 554
754 7783
2587 2853
4422 2765
1016 2984
4019 7844
6140 7681
1716 2272
5219 9896
8835 3451
145 8977
5593 5288
8822 4803
1267 6716
6097 2085
3413 1852
1629 98
6435 5648
8310 1304
3078 5376
7644 9584
7214 8765
7821 5050
2666 4221
6137 7809
779 7189
9889 7460
8920 9430
8891 8587
3164 4728
8379 5064
1060 5415
3193 7607
4545 8957
2884 9664
8837 2815
2653 6490
442 8814
6879 1043
6300 5321
410 8190
6528 6701
7747 5656
5205 4688
1800 6121
7250 5612
1980 9914
4513 726
6053 1889
947 4292
1395 9206
4931 5510
9095 9012
6667 5934
8661 6289
9930 3558
2023 2512
381 8419
2984 5180
7196 2266
2313 6766
775 6614
9247 9185
6953 9320
7358 6492
7337 9729
6441 4186
6098 6372
2367 8252
5915 9243
3696 837
9609 724
7238 2367
9452 5413
4748 1785
3158 9279
9441 7612
4088 2858
4139 2564
3377 1519
2498 3580
3329 8243
994 7277
4726 772
2133 8100
5474 5566
8681 2718
4406 5512
4647 9591
2000 7044
1177 7051
9260 4968
4606 6728
7093 125
9462 1692
1114 5785
1400 316
1031 3619
3765 7512
9492 9004
6747 4741
2599 8463
9969 9009
3167 9111
7714 8888
8252 1121
1016 2572
4473 9424
2327 8912
8201 142
6610 7474
2844 561
7330 7733
2126 8860
7058 720
6507 1260
180 8653
9721 9770
9551 9399
3785 3305
9829 2966
3744 8566
7723 6650
7959 4808
3383 3948
5787 8360
7797 9898
2118 8617
8189 2114
7456 7092
7140 2471
2957 5100
1442 9111
2151 3628
3547 2252
4971 1064
1855 153
5141 565
6085 3481
8966 9071
493 7355
2146 4242
794 347
1369 3900
313 8868
9096 4977
7094 3511
3249 5422
6504 1189
8280 3015
3191 3174
513 9645
2176 4531
8573 8229
1325 4844
9216 2176
6488 3635
9947 4042
6168 6413
2437 873
4772 8906
4938 8616
2187 7701
7648 6933
2724 5261
2291 8783
8314 6074
6053 6183
9246 8563
465 4754
718 4295
7806 4818
4985 2034
1187 6091
7013 9215
9580 6368
6167 7522
5768 1962
7728 2460
3425 9122
5773 9003
9362 1187
3336 6730
8350 5788
6641 8214
862 77
7696 3850
8591 9644
3562 4787
8648 8578
1194 3207
4999 3925
3934 5764
4852 7725
9429 1702
8496 3725
9053 1896
3367 3921
5748 8854
7045 2144
604 586
9266 8033
8468 3180
82 4975
9429 7870
9850 9835
6077 8498
6846 643
6136 4315
9 783
6268 1276
7565 4701
5625 2228
7087 652
7100 2656
8936 601
94 4039
2960 6018
1122 1297
7840 1026
7603 4256
3510 1120
5766 5667
9751 6522
5767 9870
8195 4087
5849 6906
771 702
2633 6595
4912 4050
6487 5908
4737 3770
9337 820
7844 7142
7242 746
9364 8626
1585 9665
8493 1901
843 3071
7835 6309
9547 4010
2583 7071
2266 4628
4822 41
8226 1901
8045 7323
6535 7511
8353 9623
2876 2190
1758 4889
6021 4292
1485 441
6529 814
5267 7634
601 6667
225 3848
9225 4583
2142 6560
6460 3734
6647 8166
983 9865
2210 8250
1888 3553
8643 2085
3113 6050
320 276
865 4110
262 4693
4919 6172
9861 55
7781 2321
9079 8919
5374 9576
3716 178
9083 2207
9532 7627
1835 4020
7854 5717
194 5883
3688 4130
367 7071
5248 1513
8512 3478
3371 1380
4740 9210
319 9955
5811 625
95 6591
3692 3498
6609 2256
5859 4662
1764 550
8493 9213
2857 8743
5592 3167
7561 3379
5415 9317
5196 6156
639 960
4996 997
157 4154
5655 2468
8536 4212
5536 9061
3800 6251
9658 2242
5446 2788
7776 3608
2365 3611
7730 8022
4697 4456
9593 193
4547 1374
9083 5769
7973 7101
3228 5760
4682 4237
7306 4853
2462 7569
9743 3
541 4512
819 5607
9795 8283
1786 5486
7988 3200
3325 9949
5087 5251
6138 8273
7109 3976
1922 3082
6906 3613
9951 3322
6854 2449
3090 6777
1487 9352
7153 1415
7779 5604
9244 7253
7015 8296
3945 6860
4945 8789
1041 3157
6289 6066
4848 7748
5557 133
3148 1647
8602 5068
3239 2995
8409 4791
3661 3096
4139 7198
2819 2961
4698 3881
9861 7424
6730 3367
8971 2862
2292 5510
5524 7551
3268 3493
1431 779
8002 7759
7454 8000
613 3083
2244 4474
4953 6028
1461 9145
3314 5045
5427 3820
4601 9598
458 110
7945 7865
7301 8053
5483 4820
9876 5835
2407 3768
8927 9649
3263 4796
8114 6315
985 3013
4594 9053
9142 7937
2179 8513
8507 2943
2809 7029
6206 290
1255 3960
9402 2928
8727 3890
5791 9007
3362 7556
1 8832
9469 7363
8411 6842
2819 5566
4874 3139
6283 3349
6347 62
8703 3330
556 9366
9968 6334
7450 4651
6994 5685
2447 1901
8540 8704
2232 8185
1608 5626
3237 4898
8557 740
8820 7279
2003 9182
3654 6358
4062 5521
2837 2967
7576 7051
8872 6031
9590 5526
1784 8908
1512 5973
6387 8280
6176 164
5992 9802
9312 5362
3685 3516
1818 6009
718 9901
9677 7206
6530 4371
334 3991
6445 3984
7953 9739
1179 5212
5064 298
6972 5700
4823 7889
6352 6145
6354 250
7347 640
5448 6017
3282 5134
4281 6909
6231 4036
6754 956
4650 4375
546 8666
9746 5468
3053 5846
5747 9551
5998 2581
6391 5455
2698 7789
3660 3106
2721 2725
5089 1314
970 4814
2817 5168
2140 5279
937 2178
6884 178
7715 8250
3081 4656
5730 5549
4116 4499
6133 4374
6239 7397
2831 265
8748 8728
8672 5737
3994 3104
8450 3280
9019 3479
2920 2560
7022 4158
3911 113
4780 2711
3089 4250
1650 8498
5977 1380
6857 2280
8413 2508
4388 2201
4791 265
8998 6365
6160 7519
2602 1124
1524 8332
7623 7272
7549 849
2758 3377
276 9545
7053 6637
7413 1192
187 6875
1326 4896
423 8512
919 1592
6819 8726
5279 2508
8973 7373
3163 9276
5830 5717
192 604
4909 6526
9972 1728
4644 7659
6251 3221
5535 4947
718 5145
238 7835
5057 1060
8845 3043
6479 3894
3197 7331
3112 2345
3274 348
9352 2120
9462 2481
1548 1076
6804 672
1257 1117
1217 7211
6699 2561
3117 2695
3029 8620
858 4516
8557 8617
4997 6524
7148 8623
4494 3846
6712 7298
7661 9216
9889 2884
3920 3647
5818 4572
7240 4779
1257 7720
8515 821
5177 7787
2074 6656
3485 2259
1000 1361
9498 3345
7047 3198
1448 6746
3507 8917
409 3440
3632 9142
789 2066
2910 553
788 9263
860 8584
2097 4094
6849 1456
6487 543
4894 7485
1944 9026
4408 2846
2510 3810
7414 6182
4104 8301
7878 9852
3236 4271
5502 4937
6782 4267
4564 8613
8726 8672
8226 8027
4161 211
70 4352
1718 9027
7615 4378
3097 893
7012 4692
2356 9614
4225 5245
8279 2210
5608 4968
229 2095
9983 1967
1673 1130
5082 4790
5805 6169
3516 9283
4574 9524
7333 7616
5804 5618
5646 2224
3079 8034
6817 7594
9601 2149
5266 7099
310 8597
3076 435
6228 1896
8268 9563
1206 6780
4873 7565
4030 1980
4738 5293
8196 7531
7372 5318
7563 7002
2105 1270
8581 510
6300 3436
8793 7851
4441 8178
6947 3601
5558 9622
2172 7718
605 6926
8422 5763
7203 9405
5659 2687
6430 4803
1100 2839
5258 3087
2256 6796
8643 9274
8461 2463
7296 4015
9132 3945
724 9920
5087 6689
242 4942
3900 1536
3383 1535
1521 3487
9330 1740
126 3226
4866 3892
6565 729
1676 6209
6627 681
8778 6166
7853 8800
8400 2259
7644 6706
9615 6552
4009 471
1748 2202
3452 4640
8706 61
4226 9159
6152 2428
3469 1395
5763 6
3558 9220
4685 220
6456 4024
3725 1204
4781 4389
4850 5950
4858 2205
7097 5376
116 3016
144 7441
2861 1508
6479 1766
8641 1227
6348 5730
249 4850
4482 8495
7722 7634
3991 4002
6610 2007
722 2637
9272 5741
926 3943
2974 9561
6088 9545
4164 2665
1464 6283
460 6182
8985 4420
615 5315
1021 4777
7978 615
8738 1640
4863 7659
7712 5381
3585 2254
3866 9856
4962 5206
4838 4888
6546 6697
5400 3354
1004 5345
725 5780
9677 1149
7964 2704
7601 4670
4840 6542
4040 7073
3802 193
6935 6916
1644 9219
563 9956
7438 8058
3211 7659
6124 8451
5645 8587
1188 18
1815 4387
7448 8755
331 8713
4197 9120
9019 3093
9682 9313
5116 8477
204 7405
527 5022
1033 8016
4955 5502
1735 5403
9714 9692
5538 9033
1542 8013
912 1957
8843 2834
3669 654
2437 4877
9582 7398
9117 386
776 2659
9108 1950
3945 5560
7850 2153
4839 4996
8451 4602
1402 2669
3612 1298
7444 1992
4875 8812
9788 3581
2635 8263
4463 8884
2500 5716
1715 8406
2331 286
5345 9907
9560 6984
9196 5012
222 113
2504 9713
9571 915
6258 5414
9103 67
4709 2363
6328 1632
9743 6567
1775 93
957 4665
2315 6255
973 8557
1150 906
3748 3106
2588 7442
3504 5712
4053 5891
3222 6139
8712 1176
4631 8634
9554 7873
6095 6078
9802 2180
871 7651
5124 9403
5853 7373
267 1847
91 717
6471 7677
3124 503
6298 6066
5499 1248
9337 7733
7703 3264
5696 2826
9184 3918
4111 62
6153 3690
8090 1979
5389 8905
6553 1246
1438 1384
5129 2050
6241 7614
467 8782
3531 6510
2711 1472
5099 5373
632 3703
2443 8190
9820 4134
5245 9109
6812 7141
7611 6589
1048 1615
4092 521
2179 9462
108 5426
2361 7001
5618 7746
1945 3103
6596 4178
2190 7654
6213 1039
548 2747
6492 1728
2408 6826
1641 462
8198 8973
6275 5728
6275 6492
5304 6096
103 3994
7382 4417
2909 6298
512 3789
4205 652
6647 163
359 5989
1947 1934
5737 8259
720 6491
1852 1213
4025 7301
9423 1458
8414 2838
2280 5083
6340 415
2648 703
7423 3813
4503 373
8895 3505
5409 5517
4366 2203
7533 9734
2311 6510
5374 4143
9584 7493
1168 3817
707 9178
8866 5730
653 4154
4159 9682
7456 9733
1090 3679
1052 6460
5456 4368
6498 3150
1433 1300
2926 9084
634 1031
4420 4520
2149 3382
5398 5242
8044 7499
982 5531
1243 9842
2372 6631
1770 9655
8303 4557
2899 61
6266 1929
963 4518
1390 3383
1235 9053
6632 3112
7622 411
5203 6049
5745 9096
5099 1338
7382 4083
5964 7842
9220 2957
592 6667
404 7194
6889 4934
1474 7345
1258 8371
1902 7022
1061 7676
4713 7722
2068 5084
4414 8790
6608 3049
8835 8113
9515 6567
6358 9487
1912 4297
7517 2039
7369 1327
3962 5567
1027 8230
8380 3204
9933 6856
6130 9420
1999 3216
3067 7083
1739 1758
4312 1976
3303 3369
5560 7029
5132 1498
1960 1346
6066 6940
9530 1037
9690 2055
626 9873
2292 9412
8081 7799
9926 8225
2280 4476
1772 4320
1664 3185
210 5825
9922 7668
2884 7295
2517 775
8362 9576
1044 9142
4968 1337
6434 2581
1861 906
1034 289
2478 3837
5181 8596
3119 2429
6068 6547
3609 8340
5391 6285
2752 8378
7582 4962
8582 6573
