203189 15228
7980 504345
628501 830179
492765 267694
589603 350091
718039 489136
632081 563309
255862 188535
399757 945240
117452 779198
960441 727355
897264 617024
754674 784836
763536 796843
693211 246535
981597 896399
261762 505928
400743 890262
336106 409859
674307 442060
759949 392346
447547 908381
472006 703409
96915 388115
165000 730718
167312 125440
458073 64575
742463 729098
849410 22351
42293 58972
268885 23889
955370 46998
529816 872464
937259 382274
282322 611565
340685 42270
520262 788232
950650 508620
7992 47565
896734 172991
778282 64045
814782 752706
128619 73596
998156 494380
95946 40448
553352 881182
580688 508721
444531 626855
381185 381789
9128 663506
509706 866165
222128 546319
170748 172777
54938 178739
736693 468023
868081 31327
532067 199214
784032 660685
272809 298539
155065 885107
338986 224768
282640 919673
733488 727171
62880 631024
625311 588359
810882 651368
454523 33009
197687 141622
722137 768976
836712 458830
236999 704792
6508 285417
904005 790539
462454 693166
605430 133870
578272 944415
358637 860911
380440 608476
588081 443319
239500 213392
31677 566733
864759 2552
116093 578797
144173 838229
864125 980885
813410 617475
202028 819917
902891 622385
126808 365344
315550 732237
499213 893821
193003 374201
754731 573442
982677 859164
533112 222176
72555 81141
305260 453665
83692 421352
32462 744216
259580 412938
241452 589342
30412 443480
925610 449654
582216 52417
814998 897765
301005 830562
791585 494008
204763 62667
583801 187439
921830 633265
925966 510736
714405 231225
964401 314448
652576 513214
58663 428507
926151 816467
534200 472914
776298 459810
922567 358513
28578 253916
256277 329583
84478 564213
339942 805592
143231 923742
509382 581413
557006 435347
92148 787762
182923 572900
102209 351850
602465 677224
780356 44967
493690 830908
517880 269987
290717 440447
144851 319294
210714 401127
165228 295191
481691 505169
617134 624921
428911 126515
206333 502268
561861 814833
290030 261135
387732 908590
612984 506549
585813 909692
551515 595854
740599 585747
865840 547667
542545 527042
383312 753258
928168 548540
564801 926210
53708 181934
551131 998970
308449 757463
17590 386661
88647 307619
647796 476379
732560 260779
499279 318373
686822 50793
914226 427420
636539 296418
491438 695435
823459 874750
448693 267979
423289 13493
194188 993348
195426 261670
992318 20226
535485 526259
406887 624131
350229 54682
616861 82788
831812 116139
401160 34986
683284 831738
978757 836174
644507 470195
531609 984317
344944 980301
768647 284584
510145 479187
277931 705570
740856 786600
725796 276340
312858 649034
416823 663086
220067 33683
262226 568230
149822 179737
603215 349457
527826 581972
185630 172332
52166 717238
673001 913461
213890 441647
198044 724034
920833 992326
945956 661689
295278 188103
454380 124487
837136 871202
303925 57202
421237 566150
625431 87410
745886 228646
436866 273712
326969 622495
962395 895486
856085 635395
325298 69974
77042 39693
794008 514226
32018 256315
692266 327295
444417 662998
968134 281552
534199 272058
855105 955435
838207 480535
559196 100444
225532 996061
374155 68852
134908 336550
964337 990992
488296 289634
577317 81689
329326 887676
595915 877696
143990 804532
721342 588406
467529 689475
386309 518080
961532 241413
989866 799738
721948 549062
416534 463831
545122 790688
532683 196381
643589 13371
187372 648237
303005 764689
729925 148682
168716 842191
26377 312706
646723 747719
901111 630603
437193 287420
148682 915077
528832 138548
231166 767131
687609 647699
747314 749082
438387 796348
945463 598327
809718 649186
246563 112722
930226 492840
777756 98942
335030 804132
411647 498104
68202 829109
128707 21747
116528 277388
936823 161712
415935 167988
445194 619895
815687 192507
368977 770425
988854 830791
885103 314924
479976 648018
943997 926554
657209 721752
25495 992238
525884 953493
6694 110437
782601 651752
132183 415481
929139 69005
577192 861426
753345 22385
997672 85383
731244 366648
372159 236449
713790 773613
551372 710118
421630 495369
636671 78838
217120 662165
587428 259355
132009 110473
369792 914609
762224 18326
330089 691362
603683 423632
69139 357027
446017 66811
958761 693612
949810 330919
930060 663600
104531 481432
373717 42513
976800 10387
637702 710271
188903 225129
485978 320911
851953 372121
751871 614176
390446 81960
305538 994128
21943 891028
867506 467959
957838 342618
161570 907648
189888 607982
87599 294419
89413 461315
853283 582564
988053 490984
809186 693307
232465 295163
530569 84417
667283 798791
698593 574081
397102 520482
84560 419045
927861 952066
887003 885699
811035 564925
309698 923
689258 913648
811693 778670
891314 664975
877585 395718
672310 203122
89024 421126
498285 135944
21895 681919
934734 236839
255999 331836
757320 340559
750880 201532
808976 154234
87230 620010
235510 913279
620932 924767
826926 432624
219788 234591
613950 97372
630308 802612
300494 719331
223737 315130
371626 245631
997048 306360
482469 769399
154547 756140
626309 905426
957672 951636
576011 561253
571645 811521
990884 708929
252639 334161
657904 472427
568752 788206
86150 199059
590817 902995
434742 330905
218124 806367
92888 731524
112726 91708
17274 267272
847848 643582
689049 321871
595217 781412
399475 683213
592932 390358
908493 845570
240871 82749
834348 809622
870954 920498
8680 978122
823492 443421
309026 557968
249788 401913
289491 878865
493621 823116
662489 857820
466697 867889
696042 578265
649300 95516
261477 758583
2226 686322
120505 243096
769070 954852
569069 640023
875349 577748
618144 215193
537521 443521
773160 787308
845434 579002
182524 855406
402117 361364
713225 868813
229253 925618
963429 394904
537485 224905
153487 56062
427578 273991
815509 196647
228842 384577
836669 620543
962325 971164
835735 16197
414685 125246
319856 776470
704247 502379
631875 106363
863743 861451
491527 609347
303420 454955
4250 840904
196211 157736
896966 623789
948078 712474
820435 693272
97051 173456
313814 575727
144619 665900
591923 75655
791145 911778
852124 495391
930508 350
118105 310602
861800 609631
919948 165219
64585 440550
522475 260795
114637 419440
884583 62715
648265 221370
755986 745315
394825 586151
837393 55795
768402 945667
131450 559546
373796 983573
571288 304304
500275 689392
614905 362074
815374 51205
43645 879958
491754 566119
657104 606390
501910 58039
669104 150174
279408 941441
411841 190584
43943 249233
246378 812344
711252 894179
888241 85047
394104 975880
389350 894378
181623 520607
256451 996996
571811 816447
393305 63564
898917 50409
669953 400826
624799 855409
551000 420558
796849 479192
127493 357144
244776 373870
169487 956027
784401 574080
41074 178504
66311 946775
72881 247934
467381 845683
761281 39191
178482 154586
619106 77398
721346 289059
478224 862496
144467 545575
283053 457667
24766 410545
814810 269541
300766 500649
741920 601518
591080 782993
780021 657390
246119 852901
421675 713500
214936 182956
269042 393417
853893 888148
470814 575238
693558 465389
437733 354376
10963 237137
812042 552080
164033 143204
821621 981150
160204 563540
582668 267635
862884 362688
925024 109002
731941 346699
338853 946876
46006 124247
856644 899898
12394 327457
475135 222303
792846 429219
576678 320160
182707 905071
872240 346739
564626 210212
327888 241181
290103 910555
508815 669338
789595 433839
294691 521535
296889 633544
984762 859246
274142 841405
759143 802887
685213 750629
25189 994410
696199 118218
830922 878905
539640 703161
225643 104266
429724 69882
345446 236178
496789 854261
421867 286383
804451 716557
324269 617691
866452 825382
476936 140593
666786 752430
943479 868350
19410 968667
862760 715608
603236 693681
594512 142876
913193 336506
247141 859268
922739 108938
611797 419527
479550 33663
222261 800352
750219 546529
418042 616671
371910 411329
273615 555047
680110 217094
423397 699519
702112 802508
415126 305348
12540 525989
448223 442084
378846 211715
301351 301585
320652 429499
721111 800202
463161 459724
116905 213379
522604 534947
346401 894514
462627 620016
965912 142737
353461 905660
358607 55572
708167 773733
877271 237058
816073 325493
679141 194919
537207 496843
496503 374211
926341 733965
690764 389501
193688 807668
119232 716292
858966 465632
127157 837945
601999 609420
497033 955459
515080 855639
527383 739598
145723 404653
976656 961796
730146 655796
156714 783704
668991 653216
674266 595331
903532 881381
501184 613572
689049 620415
329863 64366
602398 973371
902310 204397
582790 399342
676207 614221
771333 203589
353819 917055
608242 330474
878850 854739
502621 35563
154794 171611
205130 829060
283294 625014
710440 300829
238585 915840
921243 84799
980206 39992
58169 398867
760740 157310
314561 436947
771531 85893
640535 125349
2947 765128
972174 881797
619866 474794
433711 774660
162757 155193
120071 962402
780206 830510
263230 18790
262702 700824
103588 759259
740815 678108
158125 501555
835417 472685
454853 123299
74929 611739
248647 77876
376867 737172
476024 513084
211966 909734
287743 891074
64926 924165
853475 361483
271027 116704
380272 533728
817527 211
292986 74693
678318 967462
92599 30087
956499 547451
153385 31427
159190 918384
109302 52408
655555 585325
565491 383872
11411 369586
274945 76336
293750 128419
437819 564776
245122 334442
614855 62648
334653 424192
653693 529322
391654 746291
559408 348152
293742 229145
379578 969283
147528 5232
538042 319434
590556 103532
703306 601966
989469 978250
194654 799571
106669 148824
880698 868142
999617 495553
447142 334269
919744 100834
379943 311397
847124 455702
175900 140865
684846 71830
626499 832373
77061 164540
151807 183968
784424 855112
785934 773892
349713 496939
89814 456381
645762 970512
324523 161730
466064 288016
12351 385807
388849 392293
213556 235972
847994 389455
893189 532840
977636 36039
881564 54696
200579 549722
238664 985002
921185 540949
275245 270898
37887 365059
243630 200000
335570 84504
361729 317985
372519 374079
220143 761367
766371 433698
513691 130717
339505 406879
663556 317140
442917 61471
888188 159847
611193 126851
661200 532377
667799 452797
803274 705685
334207 563256
422036 186128
647759 783764
504112 20278
674195 724254
297996 956917
674304 811686
87633 530160
734916 267540
363651 694185
329011 251838
370383 456555
378688 31583
988931 562838
484379 308557
268522 334937
871812 206909
521064 35922
507025 25175
572551 181219
265780 870547
654487 940083
198584 258472
986594 449852
526011 350245
144036 371373
602082 514418
827927 497122
62352 816858
59959 63082
641766 844833
398018 29929
51741 919081
65850 558765
944255 638401
256335 726387
25299 910822
666469 223882
169293 653063
673733 211655
519659 334120
583028 121740
364890 927306
618861 427241
260515 678820
490323 902280
523652 404692
932208 575392
323773 514410
650509 784379
669162 423195
510765 694460
334016 693586
918341 19660
863000 108426
747667 382658
958897 330694
20749 323786
257999 639610
267379 518514
318429 274053
937145 358432
678744 385705
450175 518868
900114 100683
819599 569275
40230 330363
780086 890597
540300 698426
910257 919651
323203 174275
302308 798452
21320 323057
122237 279318
479018 389615
314183 313798
180019 767680
672229 858763
153384 638755
893982 569849
255790 713580
655475 296019
43943 435560
186615 100594
650337 613223
20245 973540
787497 838904
771991 808816
678312 410579
604486 157329
316546 918668
471126 496564
202699 659706
871678 356082
298461 765660
442282 554250
479239 97756
850268 39533
533315 36882
656479 183652
650105 676723
673543 437601
31978 961885
246417 710290
888815 850902
867618 205360
285921 338744
218276 488620
998449 89953
361053 296909
371964 319687
367510 367555
417442 217777
407087 467109
254659 63565
167112 421115
256639 357006
858715 288617
318890 621483
998906 724056
472384 382875
929416 274657
237970 664043
279628 236419
270347 157032
49679 642311
476718 933541
9865 410512
151317 933303
393972 922327
513220 561083
343441 769858
918088 202156
574826 753329
339990 90083
477384 812374
472958 406799
603382 710927
587193 883009
463697 857540
556392 29728
16202 549462
963268 542418
959973 630936
475720 870296
553263 505291
431378 896703
791501 349465
615210 366326
102793 955200
456409 96528
283925 445718
19679 887306
672996 606871
286666 136693
980762 359409
682772 996963
908870 646039
539380 385194
793326 531452
255489 346588
553094 686866
243291 344594
552682 374852
710920 171826
330051 683680
268354 613975
129397 288032
17632 802392
894902 304297
455436 875664
663706 138207
388978 88927
300597 444710
474121 93923
492513 729609
956862 45606
932827 200152
390200 485508
91356 617471
173686 421406
301150 442039
551733 946898
246422 569364
749289 141323
390013 721077
533338 570070
859283 438668
658996 676232
883377 649468
770154 375889
379077 727015
421494 828255
443519 328045
313762 534874
945515 487447
472631 246664
445837 24363
193561 692258
593727 459202
349933 500091
180278 399622
70160 39560
838289 245507
232143 721665
894975 518648
97553 790403
245663 35399
618657 205533
363443 932418
256758 825310
936217 729388
71973 898405
270103 781886
107015 863829
241087 456947
880271 421364
856568 466782
977275 694857
712288 725770
932873 607262
244417 546778
914016 490079
98528 532672
211963 978322
981442 985072
803631 434010
714460 391956
332414 984562
173841 439428
364742 931279
412726 761364
868994 269294
228145 362620
480502 940432
88389 929726
64046 332806
476503 978061
339236 575030
510733 551199
553352 492174
536270 873334
442535 767081
265289 774948
267994 439129
730728 149087
886759 143453
910450 755752
929098 138594
118372 925951
79026 206760
855677 659423
55917 848531
637483 395153
423561 664567
462703 493264
673092 515324
882949 115626
282405 148238
406926 550398
103718 137653
215837 990477
797457 126286
746228 726555
264880 380951
652505 860257
104063 24533
519679 159979
873064 673513
555131 812976
854432 17833
822591 527523
533157 705539
159501 331913
853776 82778
