83 19
41 1
91 79
18 76
2 44
56 25
72 91
71 99
27 28
26 98
52 71
34 28
32 52
82 1
99 71
3 74
62 48
42 42
74 89
9 70
62 98
59 75
15 49
75 19
64 79
91 36
24 2
40 9
46 51
50 63
88 61
3 39
57 55
13 15
5 94
75 70
56 69
49 6
62 84
28 13
46 26
53 52
58 59
79 73
55 49
92 43
11 53
37 72
23 14
86 39
52 59
97 23
18 55
63 89
31 7
57 22
86 23
68 81
27 21
76 9
15 3
76 69
74 67
94 82
25 6
43 58
71 15
37 98
72 59
61 16
48 34
90 10
3 43
7 31
17 40
98 16
77 21
77 54
67 60
29 24
47 71
90 48
26 39
81 55
79 16
83 99
83 53
23 88
34 2
44 46
10 5
41 71
46 19
20 21
4 20
78 23
28 45
44 73
65 98
1 78
95 51
52 94
99 17
45 65
46 72
49 67
36 59
29 6
58 69
73 61
16 73
25 95
80 88
25 14
36 68
7 34
31 13
54 5
47 6
99 4
64 93
15 16
41 31
83 28
67 82
39 72
86 1
27 27
76 52
93 29
59 14
81 95
23 40
71 85
45 23
33 82
59 13
49 99
47 56
22 70
16 20
12 97
40 68
87 32
52 17
11 76
14 27
54 87
65 21
23 53
84 40
96 47
52 19
77 63
20 14
14 68
55 54
10 1
9 9
29 58
99 23
45 42
1 52
6 32
66 16
96 60
67 6
63 23
22 13
25 80
3 18
36 21
96 3
82 10
16 76
45 100
62 33
37 63
84 4
6 50
52 33
48 80
36 24
18 9
22 66
58 90
3 56
14 34
20 60
40 30
91 6
56 43
80 45
20 11
16 23
89 82
47 68
60 41
74 58
65 46
580 609
311 57
166 174
966 330
215 506
575 479
533 426
729 3
582 689
605 19
115 690
63 424
806 696
272 677
853 317
841 361
871 539
858 346
483 98
256 567
864 415
933 143
318 693
536 35
475 242
454 669
810 993
153 196
734 367
108 837
53 292
993 128
839 320
673 411
598 264
219 951
815 620
528 957
310 382
538 948
832 888
933 979
377 586
382 197
663 920
144 158
966 188
493 712
761 565
905 642
834 947
954 814
769 565
724 998
9 481
146 490
384 120
751 888
213 699
474 776
427 886
143 19
140 120
746 480
769 972
14 146
597 551
908 906
74 390
903 308
395 659
652 192
400 611
167 504
240 616
17 569
769 630
814 704
795 428
762 346
690 426
180 71
418 401
602 508
789 434
932 140
176 479
61 219
980 120
155 199
687 572
432 947
403 605
169 417
535 973
179 475
905 266
894 166
381 484
762 851
983 919
742 67
68 538
223 783
983 762
765 745
799 907
642 203
645 957
843 306
580 447
449 990
745 970
393 473
410 996
695 993
267 16
850 564
731 751
472 783
413 261
194 131
802 818
979 124
780 459
850 407
694 564
182 8
783 485
33 86
5 62
597 835
790 192
628 763
849 506
260 384
899 877
278 599
38 380
511 828
500 267
712 429
633 218
840 501
846 142
674 271
474 918
697 829
595 613
631 492
754 728
109 926
573 61
165 611
877 470
419 460
440 817
90 511
585 269
995 888
979 227
487 786
797 142
94 586
551 569
217 851
490 748
353 180
398 34
362 546
45 699
146 515
564 960
252 233
538 592
105 294
185 6
182 602
818 61
88 303
757 673
916 5
533 387
587 887
250 145
594 216
360 799
544 587
869 310
865 191
640 63
408 827
5 885
537 947
461 372
188 191
242 25
565 804
952 600
376 282
6038 1796
8641 8178
2844 3895
9442 9057
8527 5694
8342 413
3672 4615
2483 1450
1634 9202
877 2298
4642 5417
6508 8799
8065 6605
4671 8110
4757 7983
3802 258
4334 4808
7915 5498
172 278
3147 5088
4701 8227
1968 919
2084 6243
4766 5008
4821 2618
9389 5369
1853 7911
2134 8563
8543 417
9592 8574
7513 733
5735 6163
3285 345
5076 9918
9083 1144
4711 1606
1748 2107
8760 2842
281 2424
5502 9785
714 5145
9791 9374
2314 4019
870 2135
5288 1729
5058 3840
25 3869
5995 3937
3504 3035
2751 3872
3439 4226
5627 6420
6087 2520
2773 5912
2876 5721
5286 6792
2020 4947
3781 8796
1038 6304
5726 3998
6719 3953
8642 6968
1687 4324
3656 7887
7362 9842
1169 9670
4987 104
4969 5393
8571 4351
8345 7639
1535 986
698 370
6231 6956
8084 6839
9051 8851
4436 2156
8040 8325
444 4091
2568 9237
2484 1042
3488 242
4302 659
6019 6653
1271 7151
7411 484
1162 5370
2103 2624
6286 8923
2104 2551
7264 3059
294 5375
4123 2759
8280 6576
7603 5419
4449 4709
6146 2605
9613 4447
2106 1660
7034 2565
8969 3139
8308 2347
3434 1637
4073 6574
359 6374
5963 5242
1788 9412
915 9208
8760 1905
7203 1352
9389 9246
5940 8166
1798 1637
1694 6524
8920 9795
3814 2020
5153 2112
6433 4776
1645 2332
4103 5880
3576 2648
8147 7687
3982 7615
2407 2515
6893 5519
1340 2671
5756 9943
7975 8191
7509 6078
182 8143
6077 1069
2330 2079
6437 6187
3727 8655
5849 9924
7175 1923
7013 4869
3877 5796
984 3158
9972 2787
3232 5332
1784 3082
9189 8954
2556 5249
6290 7995
8234 6522
4317 8159
3066 154
5176 5112
3586 1268
5984 7744
3675 7475
3971 4752
8596 3219
7487 9567
1088 6813
3077 3061
7450 7918
6364 6139
6345 4354
7489 4994
4366 1938
5004 4892
346 4328
7695 6554
9917 90
2455 6483
601 9883
4645 4142
7989 9146
5478 6733
3757 980
8846 694
9159 7885
7684 7758
7504 9702
3031 3380
8677 5787
206 7352
4846 4701
8092 8262
3588 6055
1026 9187
3027 1615
4799 3907
7755 2155
8227 5844
496 4460
4049 5194
2834 3116
9346 7512
215 3808
2902 6552
3651 9274
1574 1799
8282 2861
1477 4480
6892 4717
1973 5619
9823 4451
7173 4626
99003 30891
81400 96376
88366 43322
42865 86742
60816 81439
75978 68812
68672 69572
56309 22432
30413 15233
4441 24493
29522 57101
18190 93163
3513 37026
98147 22423
76928 61164
84188 66176
13528 43502
45594 40877
47433 32114
66355 97742
82292 18922
90400 22813
21585 22375
33013 77073
71191 74229
82603 91167
95578 48465
18265 77708
66638 79752
65410 5364
15689 6254
97031 18032
15399 96728
55997 93448
54343 69078
11577 48885
76307 94640
12072 97681
83325 74972
13052 73534
40068 42969
19136 26639
56726 71468
50668 17463
64335 3636
38324 31948
3360 42284
47802 66840
72555 97276
32645 9660
38091 35068
1801 15168
60368 64199
55493 45371
12999 58904
13932 80700
48185 24163
22491 25715
84746 11314
86282 22751
53889 11322
1054 93429
99592 81754
58170 61865
10249 40144
3221 83005
45240 54456
32327 68963
87984 40993
25405 22480
96405 13166
90796 21023
10745 4230
34978 58942
64346 80248
41207 78809
10824 11118
70691 44354
10500 89037
27306 70426
88836 96647
64562 6303
85716 25149
88469 22097
91670 77172
92754 1314
96842 63986
14877 50778
56712 71509
81111 34116
90410 45809
21112 41401
24999 36900
90376 62439
50490 45144
25518 44029
48129 56436
98592 26934
69794 89663
84441 35935
55015 45042
24072 72199
97994 921
32229 89378
86668 97734
82814 9946
49374 36465
77520 89586
16803 72080
44850 56120
40013 16207
2570 51655
81508 93005
11555 12566
16485 67059
59926 75873
22919 17360
36901 46129
37305 98646
91687 84843
36998 59179
9085 1810
41019 64557
58115 91929
76895 74182
58499 37705
26369 51143
38051 87403
74704 99524
23902 25172
56899 29708
81200 35722
89945 78883
74027 97718
37082 67773
4039 91848
59549 53785
59798 90625
80611 44856
67094 48098
54976 38073
83135 62447
7738 99379
91964 81759
10825 13582
54550 21890
74399 39038
98060 70031
94145 69501
40255 22953
5971 33123
33962 22414
5715 88773
14799 70972
94299 46791
32108 92960
94121 10751
68268 2396
33084 8712
44537 50740
87221 81439
52016 49718
70557 7870
58125 16420
88997 11475
25285 41023
38151 26556
8691 7281
25996 49761
4554 22454
29447 56749
86921 43368
26719 93834
86508 31462
85163 8633
21791 30433
469 40107
38157 65155
71680 58207
56823 74908
20806 66361
52641 25418
1146 58202
10406 64516
94125 58626
25963 20323
70796 94175
91473 72846
83270 95728
10660 16320
92235 92026
75729 71416
59567 10022
17044 82269
93838 20086
64879 75372
49642 10626
49302 60863
3120 14836
97927 95164
710169 892732
847032 914615
824396 784912
784009 963557
464673 391619
827704 432990
320992 664096
450291 582094
865351 154596
159943 960184
177386 125878
789591 503879
612213 688132
859625 566003
667021 573115
917787 800588
528213 511138
540339 954215
141965 222932
637908 537122
741844 463960
969867 538324
14542 273311
569225 230038
70944 364825
424620 222761
736600 447540
762678 133507
791786 934130
243486 558265
500565 523621
673541 46986
30309 725834
707265 242949
558289 905664
315990 642584
120708 836323
600835 370935
864441 11465
209720 196005
41151 578073
332517 813922
791388 560131
514733 314033
162766 843423
38841 564357
171180 740582
335401 967944
75948 879943
478182 75207
207422 908647
982355 427004
899924 334904
353634 35961
758597 275636
365251 200431
740039 674743
331190 119769
963162 166519
590721 47880
747972 473569
106622 576715
578679 231568
526348 626746
14158 787308
587046 852640
482742 682845
609808 610370
10346 528939
238125 688464
595926 135732
374062 966247
321245 323593
930981 60929
907510 215653
52087 761402
761265 743178
505456 588287
900184 563706
713969 671445
501936 28111
923844 964035
108511 405751
342928 212318
498151 364176
800168 100655
546064 229340
524285 437826
128228 686689
226932 951694
389012 45536
305427 976892
846520 301743
968852 904086
779956 57269
662428 780493
121782 207746
494149 546279
940827 577161
260503 797635
307953 93499
901334 542218
441239 78528
624693 303540
979009 925844
862248 209268
112984 674492
914007 628993
873022 574436
226670 734850
777007 17431
139217 152086
605571 437146
338285 443069
945488 732261
475370 557222
754860 482367
17597 748245
845904 217589
864665 956208
280984 801398
175109 33575
383014 629710
355977 251007
258023 494781
494466 847353
975853 902580
683925 367715
988348 227307
308544 626490
454304 530210
699020 260666
583931 344114
223967 363781
676765 226382
959917 757164
77387 137884
172559 937180
228002 342314
314476 321959
460182 281486
159955 431406
116691 916319
697195 946601
852100 187017
224258 365395
16561 214737
45505 789556
234947 121126
214465 959628
115043 574624
587446 123737
407489 316632
236809 474694
642417 563362
947140 130736
353007 935851
735463 441749
692483 314028
140759 979995
819583 102088
499382 176763
496230 581064
365518 862536
825383 639280
877222 426656
487366 953534
720695 985774
983964 217022
691320 978904
328757 346381
203862 637452
252823 332392
458432 222050
500066 387824
910494 299758
301651 203324
664289 171046
927842 798491
787061 890154
175180 679333
650196 39476
889835 771260
639476 614621
347520 504804
517536 790728
651347 599868
91237 368240
892146 95449
157922 701898
387093 198782
435011 497878
494626 12217
680199 696840
970955 673884
302652 505101
713237 237911
137677 833212
944244 201071
389170 304794
