1 10
100 200
201 210
900 1000
1 999999
3951 461
4470 9781
4560 9345
3085 9186
6705 6993
5409 7331
4452 3195
5227 2584
6375 5143
6676 1790
4630 3851
281 6394
2233 3708
3863 7470
4827 813
6756 3844
694 9208
912 5003
8152 8019
482 3148
2547 6619
2210 6863
6034 9427
2627 2217
2105 6694
4412 5798
3367 2761
3538 8177
5478 8634
843 5604
2347 1449
6539 2363
7703 9434
3829 6131
5962 7303
8265 3949
967 3660
2812 6951
4613 8977
4639 7883
8630 9964
8600 6604
1861 3739
4105 5289
2295 3125
6592 6819
7744 2594
2198 6995
1638 2900
4356 3639
675 1314
4073 3360
9231 3474
1378 9870
1373 2383
4080 6057
5075 9803
1364 5739
4813 5434
3994 9983
8092 9636
9926 7215
8676 6178
3998 5946
4271 2507
3012 3867
9262 6401
3025 7318
3722 9479
3933 708
8359 37
7555 6287
1348 9938
9332 913
7030 2876
473 7897
8375 4228
6953 8843
4805 5942
4083 2531
4445 3399
562 5275
5249 5067
3895 9997
2527 9875
9858 9259
1387 1726
2263 890
1348 5332
5749 3527
6951 2644
3495 3382
2586 4551
3826 2837
1948 8230
4534 6119
2543 6567
1389 7205
3497 2381
7799 379
529 6881
5885 4406
5439 8678
5301 7152
8680 7032
5103 8680
2677 527
5632 7321
443 319
1980 5047
8728 5285
7920 5587
7447 4954
9362 1143
7473 4897
9372 1328
6989 8453
2590 1001
2566 8095
5478 2026
4867 9527
239 7683
487 1696
4504 7452
775 6291
5880 4177
5722 1033
360 5262
6000 2059
6208 4476
9030 2066
452 1163
5640 2522
3390 9257
2285 200
7611 9325
65 599
1980 3065
5874 3364
7713 1192
2862 7751
3266 2417
7116 9378
7077 3369
4973 3036
2377 6752
678 157
6263 7728
7269 3716
6031 6628
4484 7776
9343 9422
6274 3678
1247 6083
7064 9957
273 956
273 8480
7893 8579
4849 4993
456 2979
5523 8303
414 8440
365 8669
4094 4964
4810 2594
6590 2192
4819 8208
441 1449
3052 2694
3676 6734
1040 778
4545 1982
7203 1243
4780 3735
5268 6608
599 5457
162 9642
828 2193
8746 9250
4482 1987
929 7369
5963 3544
2616 8022
4605 7991
5726 9432
6739 6263
2075 172
2662 2652
7310 762
7950 9345
8278 2805
8383 6408
2211 8804
458 6601
8962 7110
4892 4651
8112 8139
8862 6172
1271 9928
3778 2284
6107 3386
9362 2174
2749 195
1468 7313
5057 9193
676 7895
8990 307
1016 4124
7773 8611
3347 2457
8916 4939
5903 9628
1255 3618
5307 5345
1149 2358
4949 7915
5702 4108
4047 5737
7478 5775
9945 1603
9544 4113
8227 6036
1876 4770
95 534
189 6563
4107 1514
6045 9324
9883 976
2748 361
4625 499
4987 1513
9460 1014
1427 6067
1485 2003
8543 2385
9145 271
849 8987
3108 211
7412 4070
2159 4648
7003 936
3793 7745
4601 9661
2178 9215
68 4492
1938 2122
5792 5897
4814 4957
3820 6002
7682 2309
4607 6202
4625 7498
8867 6157
2807 4795
1236 4102
1751 8504
9425 9392
8264 1103
5419 9577
4786 2894
5862 5936
7160 1136
7244 3363
8980 7559
7753 2772
3573 9288
1748 6776
1373 9722
4647 2313
40 2730
5794 7063
6970 5619
4292 77
9062 3782
8199 839
2546 2668
539 5145
6491 782
6592 652
7203 775
5647 9710
7144 4381
6981 2200
1247 956
4228 6476
5490 8655
4491 2246
7529 1934
8536 5226
6773 8972
6277 9776
1815 7868
7353 2329
6414 1010
61 5435
1304 2893
3183 9482
8052 7848
4283 6768
2899 617
4979 475
3059 4547
8343 9333
5315 9260
6140 7271
6900 2126
3905 6193
1650 5574
9997 9180
183 5355
746 850
1496 3234
7514 1432
4740 1272
3122 1147
4211 3842
4436 1925
7604 7850
5126 4185
7439 1228
7608 7436
8234 4715
6019 4786
7491 2187
2686 3104
6822 330
9015 2551
682 9349
7981 1444
4059 2575
9476 5041
7227 4314
1641 9704
5189 2115
1025 7129
1798 1732
1920 6849
3717 487
524 9057
7342 7501
2748 3950
2617 7306
5410 8241
1266 6717
9324 4289
3388 3524
9365 2357
5583 9580
978 1938
5822 131
4790 3756
5131 5884
1003 139
3818 4230
3060 7735
454 1275
5707 3237
5111 6900
6047 9718
4459 939
7395 8480
5251 9743
4872 8872
4438 8881
8513 6471
8703 9560
4378 8206
3573 3452
6688 1544
2397 3031
4284 3686
8504 2307
2880 5880
9598 5854
515 7414
2085 2440
7370 3631
4438 3221
2671 2398
2908 3465
829 3850
9970 1075
6110 8962
5714 4813
176 3512
5077 34
9643 5333
9279 5
1453 4425
8116 6427
2280 7435
889 3661
4464 302
7622 7322
5049 5447
8996 9415
6369 2799
2936 8990
6321 7142
8154 9400
3997 7807
112 702
1648 571
2855 8459
7081 5773
945 8276
1581 1107
9343 8762
7143 2357
5480 4296
3437 399
7023 2973
9267 8201
841 4400
5504 7285
3562 6646
6481 9107
1756 1573
4652 3183
282 3013
8966 407
596 2840
831 7008
6950 5814
2835 1819
7311 5287
4429 7168
7562 8354
5692 1576
2094 811
4969 649
1231 9436
8710 1116
6134 1525
2125 1753
4764 9338
7451 4126
8307 227
2522 5520
6055 1499
6147 6220
8156 2845
8312 3368
9869 8078
2682 4056
8011 2277
5989 996
133 51
3990 5160
9607 5532
6427 1089
5339 5006
4104 2267
3039 8596
9621 5861
6150 8308
9573 8457
8417 5935
91 6976
6810 5785
9484 1867
3070 4037
1449 2887
4479 8613
9810 1293
9648 925
1087 6133
3065 3558
4310 6441
2968 6046
8469 5631
678 4237
6711 9144
5975 7444
3010 1502
2302 1562
1391 4309
7646 5643
9999 2470
1775 4040
2304 1902
8202 6153
5573 8377
9696 1080
2356 3754
9480 4997
4188 2850
6345 4982
7973 1466
812 4194
4583 3652
1236 9761
6080 4228
3258 6604
2704 773
3376 7485
3215 7811
7564 2039
2574 4784
8867 5274
90183 85394
36667 90750
85743 5024
49219 86425
88019 85342
21257 94528
51165 34978
19115 93270
24511 10036
3168 45124
21944 94966
75453 82882
93615 68795
87427 55453
77727 92003
97782 70296
16520 65873
53142 24991
5024 35742
75516 29109
3769 32355
79521 79388
87353 71381
9695 66130
19617 60175
83616 56829
43144 92995
50090 24223
45919 51116
23307 60262
21168 62694
33692 44964
67795 18710
44040 19647
88256 85974
15588 47764
28347 5904
72842 33356
69081 18682
8232 7084
24689 6404
88117 82876
22752 5951
70153 34407
42557 2569
18751 39949
66008 78533
10081 96580
51765 57763
51031 10283
77753 56890
97540 27188
9778 26039
46900 82993
44726 38446
95895 12586
45652 67062
2062 79893
33039 68397
58893 59242
21624 79144
97453 23790
95379 19454
56691 74024
94613 88300
22591 69927
48618 30925
22409 14067
24883 56199
74326 69693
81612 82515
35205 87874
4162 94917
59497 60765
77940 3245
80898 14286
451 1361
55026 2816
63360 40870
56151 70950
41816 49283
3944 2913
12745 42191
7229 88946
86409 1745
50887 99771
76263 19662
19355 75198
50992 31948
45559 989
9560 4660
97666 69315
95234 65307
67691 92407
17732 12831
5795 66506
84036 80657
52001 63732
47826 71886
53098 63203
75157 33495
16682 19572
89654 87257
46524 7036
4406 89133
23919 70013
69677 45974
48162 57800
65661 78665
25970 19891
47732 84189
4479 91060
7987 15628
75304 878
51352 68704
38246 1022
97114 36259
2330 15557
7471 67923
19194 84323
13543 51231
89226 87590
56248 12596
54394 11379
84547 21756
93380 37141
56804 71756
64391 16918
72322 97955
98967 25698
19618 94244
36097 66361
65575 82378
165 39412
25358 91200
68469 79671
46790 6571
44543 5120
14907 59918
51974 19328
32455 33572
90118 58176
60358 74464
47877 74051
8510 24231
54615 6236
51727 93424
58342 94931
8281 30252
60423 58136
59176 60201
3386 65590
5164 1834
3793 12004
55477 96234
45684 13035
17331 22809
1759 21754
8519 12524
29248 90817
46713 11171
95329 86085
78596 89885
22998 91166
99541 47882
12439 29145
80255 3278
85238 67714
60693 21837
19200 66988
93467 90639
90045 75471
19130 3903
12943 78971
33885 91589
81603 59680
66665 87896
35585 28229
16955 6408
47481 50194
17361 61400
10833 366
75649 50674
26885 43020
19790 94324
33728 54508
16582 5949
94884 75666
59445 58069
66068 5861
24278 91912
88644 27938
73555 13215
16196 83897
48354 10320
66669 4814
25580 28610
6703 35338
33386 36191
17071 83055
11636 19746
58524 66046
76219 56605
55895 28179
96138 19330
44981 40990
20498 82507
81490 13440
98901 17917
94254 86406
23169 83904
75966 97462
80989 37515
43819 63306
52727 23845
69746 42155
1556 26048
75360 6468
3981 91586
10213 77570
42965 85557
83673 48058
39081 60309
495 45315
26431 72049
58070 70012
89601 19811
99376 77190
65467 29861
79811 54321
79419 59530
98373 90669
29401 48452
64072 25378
53170 2317
16974 7874
14210 54502
99963 3493
20045 14333
82065 29689
42961 77207
67116 13752
47684 41469
82562 21637
43110 49665
32364 19339
65944 47673
15255 93182
72925 34246
55004 73464
65301 55581
62885 77076
94310 84833
54195 9049
99653 14836
70474 40410
14278 83816
16969 10301
28286 48494
10916 83999
42352 16754
50404 35313
56779 52901
55841 11736
36162 72567
6449 83844
61598 51430
92789 76577
32484 82169
32928 29406
8159 27477
54681 34773
86011 33420
29247 59809
97116 87100
52623 65004
63106 25301
10296 95297
98649 26695
28050 34057
62810 49186
7087 78416
59504 6091
65232 15675
62364 10118
57629 54766
92568 52475
30142 94236
9517 25964
66555 88759
83725 45508
26731 9884
8881 67355
37030 83541
75775 59052
86586 26770
74605 26293
3434 99206
14181 59883
33029 31031
46624 26308
18361 88450
64387 88772
85635 90150
92758 12079
72426 93805
35510 74356
96214 30348
43920 81383
50414 75587
70137 55149
32251 13631
34702 47282
52273 64711
85012 10118
48831 21144
46606 43425
32475 59497
72377 23193
15068 74479
76178 10370
36259 10626
96721 32113
86042 51556
75323 25800
36269 63371
46719 36997
36263 78741
36055 66539
98106 51254
27114 69020
95690 5826
16951 15249
28306 60263
313 44601
54300 95520
33583 49699
83264 7773
12463 55484
26242 84088
60180 77505
42614 5316
63770 70105
89577 94775
14792 4223
75587 99325
7830 46630
42628 10670
25229 47683
53859 9013
89730 83065
42957 38630
98022 36468
89402 5515
57697 54824
19970 20919
37697 55419
862 1432
8055 15140
77193 76202
88601 26054
36968 44932
48242 58717
25201 76527
96564 34796
10502 37527
87683 74014
11245 91944
12661 46911
21327 19685
91250 34544
36574 59392
86326 69018
72010 93415
55106 4584
77480 57506
20099 48096
4540 75949
89672 59691
51065 93976
83269 19856
11658 3689
19499 47402
91772 37103
6668 44371
1325 30533
34814 38527
29662 48191
5894 91865
17832 89739
54483 44400
86487 96412
5221 66545
48073 13461
85182 507
30546 62797
59468 81359
66498 29091
86531 41863
56360 64973
96087 21590
97261 76568
76951 20533
80167 59311
24732 60154
97066 15762
40020 40686
67263 2108
86591 12512
87256 18114
16086 11583
32202 76444
40731 44075
88629 61630
88911 43876
77863 16366
9718 67995
37512 73409
2098 39611
64414 85034
31803 96235
86610 88818
65084 51338
24172 88465
91907 31808
19145 21462
33446 10704
63392 31518
28697 15072
29787 63100
73304 51920
16985 47768
39999 61978
50917 57633
44571 80510
47188 59899
33833 57156
27713 18314
62829 62713
2210 52263
97316 89730
70595 82315
24581 35934
75843 62241
80709 44760
38529 21798
5663 65639
34091 22059
18882 88188
31712 55620
67567 99089
99799 7676
37438 8196
97163 30833
31446 91283
11318 76410
15791 848
75710 68087
4568 3527
96213 99926
4438 12920
43923 90114
68984 2
26030 24234
18710 79810
29477 77403
67170 92725
43147 13339
56253 21400
3481 20225
44421 10299
75706 58169
10519 83784
78278 61141
32749 90838
81661 57448
77516 39745
64242 47135
86055 24458
87949 2128
78101 85854
64071 35513
1353 95725
15791 20036
43061 99112
8112 22710
85787 1451
8160 62378
33268 41007
59217 90139
54230 44230
414 38724
92161 21868
40652 86238
67217 27102
106 32136
52823 63437
65579 88831
43985 99737
67013 51067
