1 10
100 200
201 210
900 1000
1 1000000
1 999999
1000000 1000000
999999 999999
355993 975557
463143 730035
421919 564769
370218 815169
599734 744367
690902 704711
734925 760656
712734 940632
810037 838221
362550 891158
208438 419495
706326 967044
531777 613641
99753 236487
864917 912935
908608 937856
916804 943194
469632 530444
42946 222470
395360 768582
314471 459475
119501 549465
794489 825794
203510 983522
767930 818253
349677 865415
706796 755626
618888 836480
613773 760318
577371 581178
499140 866111
329962 695648
990617 993659
239004 444148
344998 703155
455417 460121
350996 438604
782292 892166
940689 945209
21486 767833
203339 848216
489024 908627
654932 663982
99079 661954
367136 554496
638426 993099
420717 505640
269505 984565
215397 519895
876730 995038
467251 921586
504488 810238
781964 981167
560475 623171
302741 730562
691242 796655
445219 719238
297092 904823
159780 591927
671169 692008
513839 982351
419073 616061
792588 947334
901033 967916
661892 812723
788629 869784
293567 342360
759271 829798
716731 922231
344209 914070
584122 602691
181786 477507
354737 421532
806581 821776
19558 929438
581046 849356
646168 709977
21841 588739
451644 453714
932947 963837
655211 936447
349186 662438
419912 912627
198347 349349
10025 564054
511868 720001
585895 825091
37538 497065
758037 919602
534900 839468
337851 922484
694240 743493
464790 542871
20222 428626
714433 777812
321636 651809
197723 750615
850156 942405
31624 918612
308912 611398
195602 723121
703039 838032
563728 793567
986441 986944
917814 922412
492517 858558
942400 957798
139405 691368
106795 457872
899646 907936
587331 877072
297799 464930
919386 968749
126193 243921
556129 673597
824864 966666
30598 238368
886051 957093
755088 957833
366730 817485
68222 249268
302586 858259
546506 750543
840488 962428
514084 603678
822237 921975
570344 972746
774725 952562
454257 702574
718181 756842
413339 576439
819699 927435
330503 560332
747133 977258
831406 992009
550118 706815
646095 947955
613029 756574
636868 880539
232594 948930
873363 943050
603170 790527
926943 982252
58013 880936
101773 848539
324230 969567
327856 942817
617681 779648
264326 730695
726214 802521
220899 896715
668106 697444
677631 730766
862281 920293
131222 331141
285183 971804
479869 771101
816011 937101
804375 982187
535732 733449
166644 620288
430892 932689
678009 907377
659550 830549
238517 944732
318704 718386
232184 657422
137317 808520
681120 925286
316679 386092
423824 989050
66783 467444
438090 744791
206702 652167
866251 967966
890684 937735
782842 845651
997003 997740
491679 811939
648838 819694
995921 996405
193450 493261
305305 388954
826838 906856
447924 873101
474217 753679
947038 968515
721895 880571
818995 946060
95612 481476
942464 974736
247768 813626
363690 590957
941779 976773
49828 891064
71482 420502
588239 737234
381025 448657
996430 998733
803781 984845
581041 715304
612001 843489
463716 773368
372378 846572
85588 584054
548747 957804
314744 922501
366209 560626
452297 583864
389928 568910
202857 815233
553754 783898
530536 859622
405774 414324
222546 491362
998377 998647
928664 963289
212204 454187
504814 915083
696699 982249
686585 800063
90515 504492
821168 920910
389805 409542
694358 917590
154036 714861
321903 560267
255625 581433
170707 221224
93931 296472
203472 296868
500585 521429
341054 928201
472673 583777
740164 778811
114033 624227
360243 801091
845451 970526
97562 565274
267393 635927
426213 466017
154585 204527
183416 599137
193551 489638
66668 777327
746153 940624
201940 532052
564850 849495
410300 947056
491926 832803
577906 986296
884769 917726
692053 695052
438206 755157
771015 896576
237437 268248
491462 603283
194900 540520
66691 203177
889675 912602
259548 598665
743452 941808
290717 810376
636860 728922
81884 924226
491697 776520
629611 711447
189448 383399
496047 680909
986682 999377
96032 816556
680285 934417
136084 950678
78222 350403
141411 631981
939500 987162
408115 991871
190009 856121
362990 991920
327978 668526
446267 511617
92213 698450
76713 533095
492245 538402
675394 870552
848209 885331
6842 525551
211051 340581
512712 848803
219072 991637
211792 835967
880317 932599
424625 966343
619 452593
574907 699068
529306 624353
707664 944951
979898 986853
190948 812392
499564 661194
718635 834453
872986 971554
642306 736873
75137 732603
233122 546949
719455 940421
359340 735371
266884 454005
617688 899982
804458 881776
80131 866353
600998 729906
535640 701459
694297 794968
489111 738065
664290 933404
973871 991306
124109 945806
433608 714314
562506 805155
282602 544517
737226 773970
345251 985004
992907 997309
851400 880988
933535 981988
445771 790348
239655 858258
291439 414454
813311 990616
239886 589479
972604 974884
389619 555288
786511 845644
321171 975285
278097 645071
100584 428909
865148 954491
639985 789194
467813 703507
794968 806425
589066 977122
368796 623787
186687 243240
525628 725833
601495 607222
107332 763559
412877 540150
4546 828443
760008 787026
177746 200959
155821 801532
387645 694044
561124 913272
77909 641886
930535 991401
604367 660868
664252 937227
496469 931177
464723 832114
810624 888099
889655 921806
989288 991675
539032 768915
394005 867043
886951 970978
402409 479005
941441 973901
708951 762308
988817 999122
713949 798732
414117 517078
57472 304684
949425 965166
502158 679361
396073 470185
478092 504437
511521 809120
460945 574138
687123 830880
938271 947828
888068 982496
436633 600484
378478 514441
213554 416122
824471 977392
844862 923639
557388 811680
852447 947852
695827 726503
106974 976697
1376 159139
4326 610935
454213 927965
168322 739644
20768 195887
862982 942224
1519 445170
805396 895718
901443 915853
840123 892549
841498 891536
896875 968784
345748 824839
137106 564482
674225 943815
447054 670266
461685 892223
992013 994320
742831 778211
595840 729317
505005 555843
863791 915004
20296 41529
468331 931250
287566 798238
4789 851230
343498 472456
918129 996475
956839 964585
925551 952726
382834 830470
11952 252154
42187 114041
528556 785351
461736 702874
712971 765623
623 33116
165767 691936
763359 813563
999316 999617
772585 988910
995818 997364
974590 991437
619756 952901
57353 703090
674715 703117
255402 426596
839822 934478
536846 720066
91528 948354
525414 561990
51901 970489
534993 563362
487473 910509
554799 863409
128503 326670
54475 347972
98424 481070
704145 725280
776120 910575
436677 487010
773172 984089
943891 944144
788878 899930
11923 739862
742952 841375
580171 735255
519682 890836
899857 978516
271143 703816
767393 992796
244024 560095
624957 855383
976376 998904
461000 806520
983924 998407
704922 983520
750995 901305
663640 968007
611156 742385
621499 828654
713134 880249
625976 905018
895779 945188
537399 609566
773841 808142
505676 647133
434117 604174
558988 971119
730612 979996
534346 756196
89986 925691
599544 761047
237429 291740
783074 903599
476253 929141
447371 526615
890812 966617
23252 31888
17314 506454
871714 889404
293950 839423
306198 651631
826629 943321
403452 931435
701881 823402
407687 981532
752543 939653
991114 992495
350207 891738
395946 797993
593618 722032
91502 488242
609792 647947
549445 623465
830903 838865
70302 150571
451366 615789
677162 987904
496846 980398
847052 892696
161396 665620
628395 883427
757121 797286
42663 628188
79998 161178
181204 993291
607707 951791
252338 699987
448636 812039
504605 973434
170224 234178
856861 867165
866431 922320
547101 799438
7097 839097
232040 252996
809616 933450
344152 439994
359235 482958
470614 737937
546410 777723
128398 862199
301171 967494
94238 134980
347233 830970
792251 909037
353453 997991
348339 735927
894748 993727
864324 999500
231119 791750
34274 87391
614484 938516
817780 914103
343433 703403
823139 958627
916470 997548
980886 999939
820686 918418
509206 669101
834888 843731
487283 994021
528439 715276
540747 901592
320418 385659
798682 823547
667494 671574
461001 964029
669122 958238
963967 999012
854164 978108
373139 733118
801654 922307
367363 600986
173113 507067
321892 744912
282454 563150
31987 82235
738704 985407
445368 691046
358545 694838
492700 615881
271705 952893
206045 525300
954223 963958
321586 914053
256779 438923
603518 760814
348429 562650
840316 977967
291958 554355
423334 983003
429251 634523
992054 996936
565620 914565
337783 380100
887363 912560
303583 417154
955057 987093
307786 643026
365036 804930
369666 878323
886901 960926
575280 940696
815060 887163
472713 669026
623172 897528
71178 635641
205314 809843
278667 965023
18025 206591
507506 781870
448202 906379
348605 895444
805400 889070
136982 960247
772623 938320
901213 903342
435589 938914
927200 930890
237135 891753
757602 913466
549320 731045
808909 875856
526873 529190
656828 956827
818164 866460
96419 573392
793659 817614
817613 860179
247430 951798
107575 572690
822868 928893
644075 744265
102072 117253
562428 610519
360520 948231
573637 582709
440096 634121
672452 750107
177780 999329
951869 995850
669763 833610
860438 994037
604702 945186
111289 167129
555704 988160
631711 730771
85788 159982
403222 918903
304114 849506
768547 865621
997307 997625
442030 920811
53049 885736
295331 514642
791177 868753
871785 977026
612596 936786
725306 735534
648573 693916
567367 654707
614726 651408
364323 583398
56449 606137
968502 974080
233231 991907
458015 724527
72203 649131
517801 847674
860558 995400
941857 998813
131964 207306
994212 998096
980828 985916
11683 436437
500660 875577
917580 949423
757293 938452
673423 996259
823941 916222
694308 906197
511725 933645
541460 808144
149963 499340
972522 990984
425059 606108
792205 997916
729460 743661
297456 505699
313212 859914
921907 984960
715586 736128
107419 241454
473816 755722
719627 812593
393348 546684
86295 398331
292563 589271
594198 910835
621016 663950
958031 970939
989326 989792
712525 938155
934429 984038
806547 922131
79852 692547
595519 881464
867026 877205
789777 861442
281113 942883
457646 973659
54753 688234
936216 944772
379724 914339
338329 526441
182665 229920
740646 813606
555489 736984
271251 791736
812390 891365
969018 976130
513849 614099
242135 851925
495987 617285
215923 829773
631277 845146
565009 568706
24392 442981
42908 321250
481982 887772
822519 861255
616718 652560
541476 992421
220639 677357
543007 675825
653487 745592
26942 656374
304851 864543
138355 192623
203413 204698
570229 820130
644418 925525
620772 851937
876170 881428
745936 745970
884291 949383
88988 705615
285864 928403
163821 919299
888181 917601
449307 581408
128485 193443
747789 980422
69613 123759
834908 978656
822105 878369
645911 918503
90195 162298
884161 935742
787555 821171
855148 967927
832856 860430
867242 966901
183371 963661
290147 619652
453364 877103
314566 375380
143808 525923
413637 978348
737166 779416
83089 175613
929692 999379
787503 891110
447662 707247
674471 960764
802401 978013
508552 735927
331495 698775
185850 599582
905732 975697
190609 725460
732444 965006
508848 875406
745600 955915
7273 334168
146737 290365
294931 949137
869224 927150
894127 921947
511242 624859
101207 357214
327386 728128
313128 334658
62295 459864
625022 873577
925352 947396
116314 769404
465148 794940
601154 702360
403501 747183
946839 961294
36769 673710
807756 985357
919840 921665
154036 358493
640838 749955
606868 742212
445717 923923
565508 817197
831042 847353
115704 301857
668379 932690
539077 892083
807534 834380
132303 772124
796449 853983
613645 869998
573352 646078
679471 900442
863231 903134
644243 785059
248087 612762
780278 963493
912581 978478
852270 955758
395271 715501
482581 927767
396939 594027
300073 354729
799362 913050
570943 693328
365293 605908
931767 966417
518896 900142
440231 448540
566279 744121
71511 597708
325227 816741
593607 685738
941730 954537
199736 218137
574118 628906
94008 958425
749006 912246
190406 677517
384962 392710
822569 977425
430236 441965
961086 962157
454877 668914
132393 249420
717212 763055
624424 803136
76471 344117
296913 881158
465023 678893
572817 972222
543351 620967
792770 878699
306378 930802
528980 791270
825892 890526
728574 745070
821575 955486
119628 230790
362363 848201
801983 989145
842962 989919
741478 822404
275555 897162
635889 689931
21430 522590
327707 901057
241889 283193
20684 472678
645555 868884
274660 656524
582976 956956
824094 900673
813239 890591
71068 328611
838113 878604
497518 819933
401193 825224
720989 906770
443198 863725
267291 535262
764397 885700
12879 94419
710924 733867
253852 335691
508243 885962
606013 635150
792731 912997
453556 946085
632950 681513
150699 702293
262109 545141
516915 650291
254438 267316
304560 763266
517535 558411
615308 960724
737673 984362
412521 617311
553767 815176
704465 947551
593636 765957
980818 994256
368743 529195
746439 843004
409764 810084
270743 970191
619103 813154
784000 970493
85242 563507
144522 237372
657002 797749
519169 817074
982764 984528
460067 977994
475198 604667
4268 422897
440383 473111
190685 948139
790777 917481
918285 967669
716335 768773
386029 611038
962640 995394
875672 923775
854770 873650
726374 839751
914560 988455
73179 542633
719883 925038
638151 805631
491634 576803
618637 880490
603800 781092
22820 353962
470964 553906
663374 832787
335552 499222
641854 997928
478498 693223
65779 518199
184856 642581
653187 762732
374096 846437
785551 833752
313177 671549
882061 883725
637219 796151
245146 650278
558883 619241
13066 860785
863650 972709
907656 983262
332641 922429
228407 499270
997663 999803
818504 975819
608883 751655
580039 758310
747607 811705
867990 940448
645564 694732
73840 384562
656939 675664
617572 930344
861397 874582
835333 953034
913994 983158
782016 877760
382508 736932
160476 315945
928947 947971
289625 345521
549711 973775
172572 294598
593618 702754
381987 587071
982955 985801
814288 856335
994390 997980
419186 503675
675265 784069
624363 739777
417992 433674
115269 807368
650486 916616
4297 468155
55260 451199
19185 403995
984841 998650
873422 910737
826572 964166
180760 865663
845216 882678
979734 998084
261850 774748
883740 973090
743726 995446
393222 785409
327758 719480
141627 346633
