60126 44831
9245 11910
56419 99638
91421 52785
66960 28467
42717 87589
61525 18212
62471 57885
41656 80620
18773 99715
37521 41685
9459 64845
45974 8540
19800 33661
86873 16378
15440 26498
4148 96025
43771 14283
29706 88039
69380 55782
34221 69119
84030 93124
27042 68027
4053 64472
47185 353
59051 45641
18804 77754
18666 60153
26813 27138
41497 11014
14668 12813
299 60692
85247 69897
18410 46982
44700 56312
87352 57099
16609 79228
25260 97804
22167 59856
19898 43421
77919 68239
66898 83144
99046 10749
39218 81771
57662 12944
82138 74490
7420 69110
68483 97042
97250 94658
79168 12093
70074 2811
94913 4764
10827 97739
17726 17463
10167 44369
39402 8796
64201 90484
70245 77060
95479 92444
83255 96795
96663 21798
79590 47195
16906 9113
40014 15806
49552 39150
69761 96657
72474 77190
22008 39469
88995 64071
89821 97614
56513 39823
22754 56710
3726 28181
81210 93742
58394 34483
94554 49661
56758 52335
79324 20836
62530 96336
94022 22285
3973 91266
94598 51443
90477 75442
2187 97877
61503 46002
5525 83897
39254 61116
86822 4352
25722 35100
90949 73423
30894 74751
29520 50901
2991 75681
9480 51995
93334 15851
46799 93720
20878 48199
90864 85342
84367 1247
37154 5523
57331 14525
90783 12448
40729 8701
53306 47587
80345 15670
35394 32082
80710 34172
42670 24193
30390 63970
5855 34737
88421 48955
14306 38655
82454 99947
5592 23093
49605 16083
36714 88499
61517 2454
35735 56353
12234 74383
13022 85263
2910 52143
71981 2258
41876 52815
78580 59816
31129 4109
66302 53167
92317 72087
11325 53768
85435 48380
30703 60151
79372 68013
32936 25348
21508 53029
26177 93173
62567 95914
68630 25151
64490 5905
71481 31849
9542 34499
46334 28998
99343 71992
50440 13226
70553 4288
25987 48955
2457 72055
98452 37742
32227 99204
28862 7470
17192 47733
78470 18037
67144 79610
48806 60402
23562 99298
37652 48485
35150 78196
52829 44305
87077 73569
52974 45847
43189 82059
65599 93035
27836 48296
43466 13921
58956 91628
49758 4455
80986 22027
15393 82083
55758 82065
41508 36060
86259 20890
17213 94767
10585 85898
350 3458
36050 61403
54026 63562
30099 77189
93262 35732
64948 92615
36493 85121
79561 88380
73201 93978
37753 43117
7238 44913
17710 6173
28801 7027
8435 80747
51402 81138
43888 54174
38264 10024
61346 7896
50326 48737
99336 98146
99787 44231
12269 6103
26929 5868
30640 12314
42036 63348
56847 64499
25788 16262
9405 79836
1110 75581
4663 36320
38941 71586
67597 28411
53749 50402
67944 7938
18714 55067
89977 22386
99847 77696
59218 12644
91495 21080
35031 24820
85859 61935
14021 21350
44657 69538
82393 68117
97233 42825
57629 38290
5956 58576
20742 63839
13206 24332
9738 41701
78438 11060
43935 96725
83133 80541
64868 23740
32952 82127
50148 67908
46993 34905
86505 39333
5398 11670
86147 96600
93712 91828
35497 14150
46102 52186
30438 39190
65310 6378
6805 78601
34160 65513
47520 71483
4610 17942
69534 63901
39461 51442
47725 59945
69988 48488
35947 48400
25428 77993
35153 92789
12415 55731
71853 32068
80483 46510
29317 38298
3520 78375
49328 78171
34832 86411
84175 15248
91878 91721
22913 97423
84564 38014
58310 95578
3397 18152
38022 42388
5775 84920
29511 12976
88453 5884
58636 72485
99776 62360
55673 17583
50288 60446
39373 28463
88334 97110
73335 81582
70692 58558
6089 45247
88595 71652
37097 43031
74126 44905
25910 93253
94250 74438
25779 59888
26098 44788
85450 37851
34341 40593
41857 81253
74296 34008
71682 56689
49154 68537
55504 4834
15094 55876
14190 88201
77297 49873
15079 67726
30013 37968
44083 96750
75694 10126
18605 21909
85769 39000
40394 471
47663 78006
9805 45433
57717 16359
51427 62646
28186 29406
3063 18638
15390 70415
62670 25886
49579 4946
84884 69845
66062 55258
81303 71118
12084 73888
91768 35254
99194 69977
34547 49273
93371 8725
19327 28540
50250 29244
38530 17359
44036 18039
38892 56333
5062 26133
36002 68135
72416 24743
14364 16688
58469 48335
19221 68959
8778 32154
3054 3262
68694 23414
76088 70608
18457 49795
50033 99225
92252 80764
70989 79816
47461 57310
15210 95097
2025 37491
49425 48652
62432 49319
78428 15293
21937 33218
33712 80607
88926 4503
55860 27409
50015 62736
15644 84745
60959 81591
71667 27837
54257 56447
57469 52340
79342 81474
2166 85426
75210 41362
75946 9614
72913 91712
23403 6207
39343 18084
64920 38832
94350 94278
32781 32049
38414 28148
2302 34121
971 36374
36057 42411
54543 77781
67494 95825
30367 88310
7705 84459
2303 73487
87743 61340
68019 42166
70906 7967
24949 86774
12586 53029
28916 37188
5183 8372
1665 96904
22900 42235
75111 64651
33236 79332
60920 84758
99445 44290
60464 43305
16557 127
60634 95041
69756 17261
91479 90907
71467 79297
42971 4340
89927 19663
32973 31264
32694 54851
33117 40636
94836 55526
75505 45900
17566 46692
83142 39431
48359 53610
37812 89338
29751 88493
62853 65051
6267 85073
54086 99093
15830 31096
56294 47616
61293 69102
22031 64710
26542 98553
60935 81946
63417 80101
43082 98583
11349 15641
58150 92655
40785 28866
65022 99578
64677 86195
72783 14439
33000 9242
16649 58699
5271 49689
13052 35991
30150 81898
74756 6213
50810 56837
57299 76797
11580 96463
31373 54903
14081 59278
89414 30586
41078 61020
25407 69981
33273 42361
45101 87567
61040 44384
59956 31546
63409 39693
54090 46112
38829 35223
50413 24852
93362 5812
37558 79121
33434 68823
5348 46106
60274 80987
70283 8466
20351 78528
13491 48127
54946 6024
93528 78492
54648 15429
9472 72679
66818 34543
12691 57249
41612 15370
62687 35423
48340 71586
91942 65750
84326 78475
33595 86875
60846 40370
96131 94392
72763 30973
58640 43644
97818 56385
2771 34688
49485 73926
78173 84856
72314 22961
80026 20193
39666 54844
44748 98074
49588 97288
12100 2256
49043 93957
89406 9912
98271 97737
53443 94189
47275 2542
67394 2482
53659 44024
14010 42104
28913 99573
32938 97188
95297 67239
13793 15996
49352 75979
60281 79126
9521 29831
59135 52168
47999 44349
80362 32139
31579 30380
32741 4003
50773 65496
84221 16999
56 84159
36668 49927
83672 13347
35050 40807
37180 90750
13331 91172
67300 64742
68519 6992
61953 78772
17841 85181
49513 57235
28242 94115
16655 4320
77241 75120
57841 39586
19893 84525
45669 13541
40638 70603
77511 70400
94267 86139
62781 28955
79852 78402
98725 42074
15224 10238
7855 32918
70622 83088
45813 80581
55973 77331
38868 55877
16894 52355
80893 1971
58821 8775
13886 5068
97543 18527
39856 1128
56976 77751
47775 26258
69614 86858
17727 71914
66324 42863
29458 87563
49275 43207
90078 63108
49779 28714
36310 50790
92970 75997
69593 18821
19670 77974
77390 82887
41520 13587
76246 68104
81467 3178
64279 61973
78746 94759
86544 61213
97480 28727
40896 38010
47766 32471
6093 76307
9737 34960
97653 47620
40834 5818
93023 34142
69440 56536
82250 53081
30547 36612
60811 8184
78601 62327
27754 90253
71045 92459
81912 68476
91004 16914
6891 5646
16503 14828
29063 65093
70748 97467
75511 42660
22694 12431
60139 57353
75107 46892
16442 42757
74606 47865
61557 57681
77926 30525
80603 77059
90137 16574
13993 27479
97703 90224
63230 52759
7133 85143
74651 61728
92941 89596
69237 14290
8341 56594
68417 4557
86962 98054
51184 72469
57687 76085
14021 71680
99445 82329
12932 42463
68661 79686
29902 39061
16226 71204
10875 72142
12678 38168
1014 56233
14094 62201
33887 89955
3629 53100
77165 65988
68305 35340
4645 11298
16253 1349
98656 38359
46033 50920
9304 80506
43658 8981
87642 58799
15870 41611
39017 43450
60166 84305
60465 77198
64159 1934
50758 16159
72303 81059
58449 99918
8878 9248
30620 39549
5464 9412
44801 68253
21135 56019
16575 19556
41905 25854
33397 34840
63126 21630
17171 24904
79288 64547
20155 40025
36377 20730
59461 20254
13384 60796
32431 64704
69923 25744
57543 76628
78563 19636
3378 72825
27558 40856
43231 96603
34302 31416
93430 99735
90405 85233
2344 3575
87954 86765
28771 88279
51344 57462
89200 17220
90504 40545
16992 19633
96062 49215
71356 98449
96685 41489
10418 69922
10232 93543
59650 29926
68888 19588
2386 68093
88799 18225
10143 21666
73805 42185
10741 17185
52423 34622
59525 85886
19134 66087
62399 63335
75501 86343
52461 25484
40697 39314
43505 74342
29234 59591
72193 99745
28538 72192
51902 70593
78664 46513
3490 87961
24205 62830
64702 51068
45371 67462
8060 2007
10862 69804
20819 46443
62241 73127
14969 15445
79680 26065
12779 54811
33907 11718
5365 36889
82321 87635
92291 77852
98522 33554
5235 43145
80028 91041
71652 84210
68876 56864
78184 73140
58640 95705
28038 75025
9505 21854
76170 27885
80757 78135
17143 70167
26885 67974
40006 41782
60408 38935
58651 82278
84018 34177
81745 93108
58334 85382
66851 18271
72656 71792
14035 58496
15729 13215
38761 41386
99241 13193
6796 71485
58407 2463
21932 87223
47584 22719
99733 78065
25199 28990
45282 89120
16148 57232
22000 44435
15500 90577
25939 46199
73210 34730
87967 93677
6064 27930
90805 6719
66852 18001
73162 86244
29427 83096
69594 54245
91347 4532
32486 86816
33622 59249
6333 9579
78025 92992
13169 96490
66538 63038
91064 89601
33343 16991
51665 52588
81360 58493
43977 94633
4531 63960
75953 77326
1137 51857
77664 2011
38664 95451
50229 51358
43537 73627
42956 67101
77783 38846
62093 6427
68257 71031
94635 25592
57318 67555
72858 73573
74623 67171
78004 37572
34292 39401
54793 25370
94223 77508
45208 66536
78801 37081
66387 45631
98686 50376
68141 76943
31918 6032
36270 94713
75716 69118
86502 12715
10592 66469
31218 48111
85385 55838
79483 49149
51322 60857
79894 54633
38524 57615
39747 34459
74935 34740
40628 99543
70174 42151
45124 99511
11004 60069
83997 47991
99111 70311
86972 70905
48124 48792
77405 60617
96415 94610
81512 86382
44957 1133
59096 37443
75404 18141
71370 24212
72824 7302
85919 23424
19014 64996
34889 27381
22682 50816
4927 50113
30865 7454
7740 54975
70213 49950
98816 51817
39417 12899
83003 71604
77607 77116
15015 17146
66657 69643
61989 12343
3000 82280
74302 82317
45592 35154
13857 71061
3697 56871
36526 66110
54338 52895
56161 31760
80225 58557
29708 5797
23288 75088
64033 22449
82505 15025
13977 43488
81699 10012
62705 75495
24509 81653
99172 85215
34872 23287
20801 78047
51278 91025
94785 40363
63371 42191
91211 47306
98680 27928
50854 66676
69229 15704
14192 78346
77985 33513
26326 60139
6732 50999
35182 76198
16948 47699
75753 90378
23470 24867
83786 27206
88334 31208
32986 56757
22737 8333
62684 34806
8551 39693
32434 42970
9378 70330
4033 68272
74922 8253
71719 35562
11866 81692
26935 60582
43449 9420
64982 60878
13471 73824
11626 90430
99684 73424
77083 74567
35698 7533
65122 34893
40409 7867
11690 78888
31774 58585
63954 407
30871 14397
78740 60116
76137 12420
4735 73236
66816 64641
17943 93922
20877 32330
31333 73108
72295 10178
99985 23779
30139 34102
79994 4111
60321 57872
60335 7549
3652 54916
47716 71726
90726 7212
22211 14770
53910 30656
68405 41301
13001 10066
8388 66922
56335 10642
37255 54240
84656 7387
17980 1745
40168 43608
22419 89302
24859 49889
38318 34981
92100 82864
91206 61501
78498 77150
69489 37961
9179 55112
60728 38521
48675 92938
65602 44332
58575 37572
82560 70263
78514 52298
16412 47091
62527 83781
96128 7290
19479 46285
87506 76029
90953 3421
40479 22821
32707 48136
38523 13890
58159 47670
66474 93600
1820 85003
19720 55917
67375 97889
58989 50369
75636 16032
59788 41201
68421 65667
75975 91128
86562 66780
12268 9065
37051 89639
47880 11524
1563 12359
50565 63897
93007 20849
92012 5463
2807 25307
82176 20289
73717 52675
29136 154
78499 73070
75591 17180
91291 89032
73807 30781
34604 16962
85767 74202
52575 5640
12328 24692
31701 3830
10396 82762
4042 28935
29797 61646
64504 36532
24347 77804
96763 7697
99836 33979
44011 38096
3485 36977
83604 58594
22811 84471
11457 9641
51042 99468
91355 40106
19007 39796
25386 14066
87281 42131
12838 1643
35253 39576
88576 48245
51919 77091
80344 76645
88945 3929
62087 79170
51690 23256
52282 70767
93201 513
19789 58849
50867 65887
51848 96772
43411 50757
77018 15360
34688 51814
979 30875
49677 6874
61411 33705
65397 18708
1081 57541
73044 93281
76644 92227
75735 68954
15133 16962
