1 10
100 200
201 210
900 1000
10 10
10 1
39 181
30 110
124 192
42 139
182 197
97 135
5 126
148 174
158 199
130 180
23 99
114 126
9 112
200 201
58 114
31 66
135 143
71 145
155 167
35 143
6 195
91 146
36 177
1 73
72 191
9 186
133 174
82 113
106 164
3 80
192 199
60 94
65 177
10 27
150 197
110 116
68 78
171 189
133 177
51 131
167 193
157 171
147 196
92 188
188 201
103 188
41 181
104 188
25 74
100 170
34 153
70 173
46 71
160 198
35 73
39 150
53 165
97 121
2 68
14 24
58 65
120 142
121 179
177 191
139 187
104 113
123 173
127 195
7 198
163 175
67 114
49 52
32 90
106 180
129 198
11 23
66 133
75 113
110 152
145 186
11 18
74 85
12 194
100 160
131 162
74 197
1 199
197 200
155 162
171 201
122 160
22 80
152 157
164 167
50 147
14 159
110 137
31 115
82 107
11 196
182 198
145 189
168 189
95 111
178 184
64 138
170 178
29 31
86 154
109 114
97 195
170 174
71 199
146 171
153 171
142 158
45 120
51 98
37 167
106 123
178 183
86 193
173 179
58 89
161 180
36 48
89 147
106 154
74 158
191 201
172 194
34 180
130 180
108 174
115 162
116 169
29 141
32 69
118 145
122 200
142 195
37 68
84 99
50 186
187 192
51 68
144 158
140 192
187 191
121 179
32 111
7 179
193 194
43 138
49 148
57 82
96 173
59 119
14 188
134 161
190 201
34 41
33 114
30 36
51 99
133 194
54 67
49 145
153 174
58 174
188 189
91 118
179 183
122 172
76 150
58 162
7 153
111 194
18 172
45 71
158 185
108 147
57 185
172 175
128 160
10 122
57 154
148 178
131 147
15 61
194 198
154 193
19 31
198 201
32 119
100 143
120 158
155 198
46 157
37 169
77 103
86 97
197 198
152 161
156 172
77 176
124 165
186 187
44 60
107 159
126 141
153 167
165 190
102 163
1 52
169 172
73 95
10 145
35 171
3 34
42 97
192 195
173 197
93 140
48 117
163 193
34 87
95 117
138 150
55 187
22 166
34 163
25 84
43 96
8 157
112 156
122 196
37 165
26 187
153 197
154 172
114 167
70 173
74 107
186 201
53 135
128 162
5 157
82 185
20 106
176 184
61 193
23 187
184 190
166 167
96 132
102 168
19 152
54 170
45 55
16 45
49 81
140 167
29 126
6 29
49 91
142 145
92 126
5 13
51 198
167 178
159 186
9 126
90 191
151 198
38 87
146 161
169 185
101 127
128 177
155 192
183 200
119 173
163 189
96 118
68 199
22 197
147 178
5 128
139 150
53 88
63 159
195 201
112 175
9 23
25 51
68 122
73 116
47 182
68 121
156 199
31 139
154 190
70 89
200 201
196 199
92 158
181 189
112 130
91 145
65 159
196 198
70 196
84 123
106 113
52 67
197 199
79 113
149 169
149 168
156 176
70 150
15 56
12 92
107 146
29 145
92 169
132 152
19 64
35 40
83 159
167 191
72 120
8 149
76 165
36 118
143 175
103 113
51 96
144 159
194 195
67 194
132 176
94 112
32 195
179 181
38 127
73 148
71 173
159 192
42 136
15 123
68 189
186 192
67 156
117 123
119 182
56 117
134 192
135 171
2 22
71 94
17 201
6 77
8 26
175 192
117 176
9 12
104 128
140 182
12 163
71 127
64 197
192 199
149 167
177 183
36 185
51 101
62 151
58 112
78 162
61 187
142 192
72 180
21 101
152 185
42 55
170 173
128 188
192 199
150 185
49 54
194 196
164 195
81 84
33 82
29 198
4 8
180 200
135 155
17 44
178 182
89 96
26 190
180 186
163 174
165 182
75 97
136 186
125 154
56 80
95 153
58 174
72 105
33 85
33 35
78 148
151 195
108 116
162 199
62 137
110 144
182 200
19 180
50 168
91 144
52 191
103 124
151 163
110 141
42 56
195 200
2 50
146 169
176 198
184 191
179 196
44 109
164 195
101 182
141 176
129 170
84 117
39 133
18 99
41 111
178 194
66 109
8 94
72 169
160 162
6 122
168 170
65 194
99 103
101 168
187 197
75 191
122 123
161 181
5 76
166 178
198 199
176 181
4 72
148 173
185 195
17 22
184 188
2 28
1 155
182 189
50 172
94 190
107 127
162 174
70 119
176 196
146 179
50 82
131 145
19 103
31 134
62 135
31 54
90 157
88 127
22 180
197 199
149 189
155 166
62 189
16 198
115 201
25 47
28 64
175 197
200 201
173 184
55 105
57 99
38 99
172 185
95 112
176 194
197 200
117 187
177 187
96 146
148 150
112 172
114 138
110 162
15 77
56 128
17 144
130 189
33 100
83 126
111 186
151 156
49 156
190 201
95 106
136 192
126 173
75 147
72 178
99 137
69 100
52 144
96 201
47 97
47 112
79 182
120 132
159 197
21 118
170 188
76 197
110 122
166 199
117 157
170 193
26 78
141 186
109 142
95 108
50 101
125 152
20 146
15 84
50 68
38 104
164 201
92 114
196 199
79 199
51 59
123 153
95 167
139 180
38 142
100 183
161 175
31 171
160 188
152 159
62 125
31 125
193 199
19 76
88 199
102 124
145 200
177 201
150 188
116 171
83 156
10 161
95 175
199 200
101 144
159 191
190 196
181 198
100 151
148 169
21 40
86 131
170 186
126 180
67 94
132 187
82 169
20 89
136 199
179 189
31 154
80 183
62 71
163 175
50 115
101 133
119 201
187 194
51 125
96 106
179 185
53 171
61 173
48 84
177 201
127 142
164 192
95 138
42 104
197 199
95 109
72 127
3 171
65 162
128 137
9 142
89 174
181 188
112 174
16 191
140 180
14 73
54 167
24 93
166 183
72 192
167 190
19 43
59 76
126 159
116 127
190 199
145 199
24 51
73 153
145 181
166 177
60 110
129 148
174 182
55 120
199 200
37 145
184 185
189 199
131 182
180 186
179 185
15 151
41 109
122 190
24 78
4 92
134 188
147 154
191 197
31 133
87 188
70 153
108 137
147 188
54 83
4 71
84 167
175 176
188 190
31 168
103 158
97 198
7 39
149 193
29 38
44 170
83 201
21 138
83 151
179 180
90 191
127 165
21 182
45 84
86 107
93 113
179 181
121 153
139 160
118 171
78 189
153 188
96 199
95 117
89 131
89 187
28 35
82 198
58 104
118 142
130 150
128 194
184 185
88 197
127 147
64 128
76 108
170 174
185 197
88 141
74 125
95 140
159 175
128 158
150 192
76 103
133 175
60 146
65 132
187 200
158 180
64 75
60 180
163 195
26 164
195 198
73 90
146 180
168 172
110 191
175 201
133 148
10 165
84 197
44 64
84 108
101 122
90 142
106 180
65 191
96 103
109 176
60 73
151 166
90 177
8 53
200 201
124 186
181 183
157 168
28 191
129 199
39 59
25 121
26 159
94 151
190 191
122 186
142 184
8 187
113 132
42 135
100 186
45 135
131 178
163 182
124 161
149 159
193 196
146 197
176 180
128 190
144 167
166 198
90 133
139 194
50 174
95 114
136 152
197 201
95 164
161 195
74 110
171 176
198 201
56 195
24 98
98 175
3 94
68 109
70 84
91 173
192 201
76 149
153 187
6 170
70 195
68 181
192 193
122 192
42 161
112 116
21 144
24 114
138 140
96 171
84 177
189 190
87 167
156 161
33 132
110 113
27 41
151 156
19 61
187 191
42 146
102 134
133 142
182 183
58 175
112 179
185 192
131 137
156 189
36 189
197 199
23 140
106 168
120 173
111 120
91 147
57 94
94 110
18 161
104 181
174 188
102 163
1 101
18 65
131 182
104 159
105 127
71 186
32 113
40 128
32 53
47 195
196 200
155 177
34 116
163 164
107 177
142 164
16 91
127 172
70 142
156 198
129 169
145 146
137 198
118 183
10 21
138 174
126 158
42 69
79 80
42 173
100 130
78 116
34 174
69 83
20 149
163 186
152 158
122 174
199 201
12 141
177 200
184 198
195 197
150 180
54 121
176 191
13 149
80 151
171 179
144 189
174 182
18 87
84 153
20 130
32 68
111 193
73 191
69 180
88 107
44 91
28 59
11 115
91 174
128 162
111 175
84 167
146 157
148 192
88 154
157 178
48 74
162 196
142 170
21 64
32 103
192 197
163 177
46 198
57 178
68 119
169 198
133 193
196 199
30 151
47 88
103 125
66 112
123 135
139 141
36 114
128 149
29 163
135 167
158 200
60 195
190 197
167 173
120 170
150 186
60 67
182 195
176 195
42 122
67 166
22 122
15 57
35 182
184 189
86 182
173 180
23 27
178 198
187 201
167 181
143 194
185 195
146 166
187 191
53 189
1 88
65 149
152 160
5 19
125 131
107 158
105 172
142 199
5 197
115 178
200 201
88 110
82 108
133 175
188 196
102 159
7 33
154 194
13 191
35 110
176 201
42 120
189 194
174 180
19 74
121 150
30 42
183 192
51 170
124 142
144 194
9 34
170 171
99 123
185 191
32 146
92 96
46 169

