1 10
100 200
201 210
900 1000
1 1
1 932324
100 100
815005 1
527529 37175
950321 232498
582417 121728
877425 147958
774169 842858
292523 403257
859858 721149
900720 2000
72359 722709
889189 382727
910242 235083
55877 138425
66958 216546
455210 209070
458034 593247
58907 536016
59567 53479
333376 763894
334585 426738
42410 694462
558135 807099
600426 336798
201218 975065
176370 168712
595944 97354
290763 795968
65832 410965
19805 30077
14870 894875
224767 795828
243702 718846
845894 573600
912703 625311
889057 414331
146978 175526
339555 903152
442048 124756
127820 455859
891938 630769
743274 524692
581925 716427
715400 863601
446709 860439
315255 724414
755017 504419
764431 459513
336843 116132
45455 455465
256021 932857
494573 570533
321592 857956
364576 917612
54762 732203
235341 148681
694236 758713
268932 238778
721005 685396
307420 408977
914154 345774
503822 945314
503407 939274
151498 190772
126660 450869
739449 321890
354864 571425
220808 993026
265995 709130
42063 570185
442057 549464
422059 667079
319097 252618
204407 796074
354262 991934
157184 281512
214140 5588
792772 651069
34345 999143
288029 952917
682717 197120
226574 476774
791033 285399
904879 617169
563700 898309
506530 474178
877454 47480
795003 93510
74796 162573
585029 288273
919944 229201
240664 854387
847372 585210
528742 888853
493233 935089
482949 992481
577947 86165
294908 601262
971053 630779
635333 555402
223076 34738
72061 448486
969270 864317
658351 87108
986208 124485
297176 415299
446154 775388
543645 967065
847266 511632
449777 111591
405483 972504
741157 399636
968669 37439
604726 408111
154054 22237
892854 557796
762431 591195
345931 332869
693172 14380
365750 523752
414720 827652
468795 284933
147652 1978
397580 796986
950214 700821
782354 927376
482369 355337
928693 206823
961432 27443
751154 536491
281922 222945
603618 730631
987842 73407
1849 936791
664163 203371
434335 687844
549490 92905
840207 324320
355490 108711
943256 860742
588554 152795
869464 282881
995140 197073
329589 737233
322093 412258
607538 944348
414298 275767
248734 170659
121369 905488
40933 520963
362476 364090
237233 14357
885124 17258
687638 131507
292240 987277
178279 259780
818458 764862
814125 50914
88142 622863
936714 605135
528537 645425
235028 626424
224373 791978
999956 314786
508361 262958
825939 384026
113097 556521
14573 868389
627506 158121
411680 896253
552201 998651
217588 626599
641534 418425
540330 137187
89163 576361
648527 710377
594621 648283
501843 716197
383606 223963
397296 319080
845624 707000
60610 439330
533406 287600
90824 818179
29228 355054
508032 218254
398808 6405
194612 772861
605096 911776
412035 906007
272988 318272
770836 683023
780359 291592
410803 399287
379415 523852
996063 638986
846618 422552
84885 411065
191839 624266
697580 974028
709992 133669
745785 494631
909053 809471
747621 552206
938201 510215
326399 667801
136397 302681
853436 694332
502313 671655
565523 810204
650756 729321
98436 440002
998544 1964
572625 48889
248858 183576
602088 278073
906616 62432
327414 790073
764656 117830
746135 567020
423737 941588
794046 971341
41135 603050
860179 61619
215456 125565
344864 197955
756112 992146
426055 951045
242260 59742
30995 961903
851566 543928
969078 2008
565965 347866
543249 733631
3891 669103
602541 320028
777864 923926
979366 986224
567182 744401
216522 531948
466824 271061
244456 532371
401990 448690
933952 162486
229871 194014
244964 442730
425407 362918
801060 25207
594749 896850
149128 812923
905943 831252
681720 408695
765512 195317
298869 119033
464126 141985
105285 104046
920655 470179
355466 978729
361765 675194
480281 154360
19369 435326
551880 368313
747902 544129
725557 377616
352831 532095
553872 808640
779124 689957
551561 164459
337436 132687
922751 804964
540100 832500
182503 156872
498480 803300
124069 671055
797661 786135
694200 81759
346935 527950
433321 261275
547330 53740
931825 619855
161346 160508
357786 598053
452618 820936
104210 678522
74350 787615
862935 504749
63588 411232
541485 573791
575940 867559
648722 467346
586713 287849
242178 761991
364698 584893
50658 200731
198780 357091
741447 945479
281600 208374
615746 41997
101077 490146
575035 957124
24775 454219
450112 791795
531781 233332
611174 145021
780349 741906
800771 517687
964633 603618
150393 205845
328328 146434
640503 549903
487757 363023
98303 577841
309358 409996
479724 354498
343770 453687
489132 349753
906781 796112
883041 329288
93848 278401
788502 565082
816571 634480
368646 186443
116844 98351
153404 463690
977345 640778
655008 18994
70593 130219
7739 945924
525702 919964
594320 928035
133960 756614
533961 106817
760278 505451
766306 252854
741321 392852
519261 594903
351033 696637
82210 415185
658437 30402
127329 330462
152203 762443
989325 917010
945593 52906
866721 668990
149072 207865
758079 669851
951252 159865
189071 809704
335341 807977
521448 42616
210215 53527
541940 875746
495069 689744
547059 840262
61298 460377
864622 365485
646698 624913
297664 480330
564181 666521
970459 777574
600696 333434
536683 935942
213139 509263
423994 816665
73129 241626
957012 286604
22417 565918
207920 907780
889022 619763
630000 978951
512775 459235
618028 799573
981815 973077
481734 134536
981163 188417
654313 743296
642799 60973
28299 748836
560546 246866
210054 152094
766038 224309
226188 362539
980293 868866
822593 680489
243624 852442
839710 542403
93667 387007
900910 242782
645010 56299
210975 432424
758649 479663
211626 745026
501783 212161
467160 783488
419393 378568
873066 326409
182598 267431
287092 181423
544887 603410
662264 439295
109977 596868
959701 873988
416165 985020
570947 222611
878768 189110
643575 524711
252840 770298
532059 800679
492034 429151
663961 122768
237284 555653
515636 227184
627274 120624
350094 650630
323570 930154
68801 646652
21588 469048
818519 28650
808391 425107
227035 93882
477220 887311
721890 164870
197073 348301
373801 50138
883222 232885
256081 96413
709286 641011
595688 884052
780368 47996
884598 340875
384478 610796
964379 50941
921818 881256
769628 406627
103775 743332
719098 350089
617818 663280
583431 817689
238771 526203
441512 989026
495496 920659
195182 659439
51005 931908
117207 677015
472823 893574
470818 759019
223013 181915
728078 407208
449189 940370
365362 627619
175884 830144
198377 593358
101651 967715
60443 273548
687414 85631
69736 768397
938746 758926
615666 254609
289140 753799
605056 674214
340544 991323
324650 452606
12511 105989
407333 447766
965477 314023
169517 416701
649123 577772
138579 76337
171422 733772
380292 852215
787437 343238
226243 502076
579754 43744
426305 72294
656169 253294
521543 214242
871031 722297
124919 635009
964366 330019
663395 362591
526905 34727
221413 673874
641820 268699
411713 902679
908524 667054
869217 197589
116926 379231
606645 639924
238648 942252
796917 422243
917280 133194
495480 160529
758493 430593
542136 128103
114373 420809
679500 43773
27091 700785
323256 668994
369832 92979
363199 657437
381080 24376
371085 576725
568061 830465
77348 320352
928573 201812
882439 102183
829839 72484
592422 942879
764905 14837
984408 396567
590660 164672
831451 439208
797297 214611
237476 792494
211523 307196
399038 866484
683562 624164
726327 312439
510167 303509
638746 274538
9342 154365
814197 679446
77725 432132
854778 214273
832738 392675
158485 814485
336278 544923
749879 556712
892660 946239
420453 30921
119048 635904
657496 829026
556941 1889
338055 606543
364065 409115
821998 280929
299056 74252
127433 312058
281379 358920
797887 865832
646815 155006
819542 679834
341780 411090
573901 148377
321488 263793
38370 998264
976813 743681
621816 137121
872001 140877
454594 209728
43689 874033
91820 657241
113922 859668
370810 653296
996921 89858
289594 628646
132493 922759
194083 719780
332445 841227
766907 16957
988955 659595
547859 578467
877270 34900
845858 823940
406243 890766
968173 882653
237975 274238
111849 160693
808654 496547
10122 554239
876218 540985
814762 462741
147283 177511
361441 28536
937100 823800
524321 545112
527071 729037
587189 751555
829658 896266
49745 542802
742484 46590
873221 75842
474794 873897
587051 124600
617225 388696
798075 534444
645559 295622
151715 103928
793471 567363
81128 467606
797369 90066
743486 247240
410041 603042
889629 2560
815080 352304
927862 803931
3661 487628
840241 28619
138793 599971
482892 460596
136254 527180
182593 936972
816296 305993
461999 968820
924171 257701
121409 441779
701143 209190
71310 115192
927493 889532
592585 857227
788729 706215
355286 469246
393979 33731
878281 657871
785481 65729
707924 698349
537705 440734
323236 394173
898769 394853
706861 504659
642529 356627
147352 708531
199084 461718
113477 43395
900504 497472
398457 524
113665 937446
107684 77610
891619 361411
655592 266445
809797 786705
286768 203403
452657 42234
603532 577220
549895 527314
590694 124581
51187 672210
453853 477949
131715 833724
607785 934227
312292 969917
815920 178179
427542 740875
178517 541748
747784 665797
394668 441902
410919 874577
539124 205238
584366 170968
208813 751
851865 510521
231738 502468
136938 200672
400182 631291
153755 846135
759049 396998
139096 213844
710326 939548
798847 808495
609719 218236
250929 353964
425485 487997
82002 494474
7714 31871
907173 630415
313589 852725
123962 293058
845567 339608
164174 460580
575873 659042
768464 618376
165957 269221
666753 253179
278271 848175
972330 610682
720805 721314
726328 455710
284714 904469
683108 286015
704729 839332
250964 921802
249211 822564
751840 234826
840491 175583
345558 501164
239154 260226
330824 568318
281664 18439
893823 350214
558550 476843
847128 47795
536118 652393
829220 65710
987324 456371
610075 519379
422569 749390
329414 387949
738446 383493
493097 33474
698450 71547
535694 699821
458310 203823
989712 889167
8959 79966
48244 121804
739453 785111
44094 629767
96305 672811
502276 645164
472016 291708
688617 757709
277855 681005
753230 81311
709787 615773
970781 536068
838867 851939
116807 833179
497179 223600
598909 404132
800738 674616
591107 165997
2436 965997
191589 412402
911104 435461
826067 127545
934943 591798
394492 655111
632222 104245
916158 584907
664462 998348
43744 835153
438445 732780
21041 937344
45625 774483
166526 828705
466097 335084
362388 456179
190540 504689
357328 32674
782170 203429
991250 25886
107156 812563
26165 917241
448111 402704
380172 71662
537946 227168
793908 108010
407203 994204
288529 842276
438468 308140
730658 123813
939102 54340
756386 930302
498993 820033
113442 958120
281402 611589
621141 372583
849312 972734
689334 312270
78140 129970
218670 202992
227821 1928
103461 797123
576158 468557
904120 123190
918246 410091
174030 827576
210571 685309
439694 819221
589983 4424
832817 406273
684538 887933
787017 518690
548058 47202
6684 730784
659936 988227
716808 379441
530901 353694
593262 104871
41233 271583
113062 612446
943259 941844
663713 764885
336167 334719
755143 599096
473933 231692
533446 421344
989246 817293
831206 421972
28543 807841
895175 580165
774097 672507
86660 316361
289326 398334
835851 173168
34149 664524
43752 385291
283761 530347
345198 363434
951252 121857
526217 682896
584831 291808
10848 106762
331641 164798
911308 680821
640766 397329
497550 429607
679200 323436
167341 914815
374891 173435
358643 233583
577403 187729
210006 334489
362287 90857
661526 833341
4111 303667
575848 849611
51047 222559
89540 71778
544125 270698
837995 599541
947286 751000
152961 160064
494591 473465
398496 457536
52807 872623
407511 357188
237233 496167
948244 161987
839542 668746
154046 495865
424890 392596
188306 841538
532359 525420
935302 491299
196889 246971
548723 542113
985317 808517
950777 879045
332396 573197
977613 185325
499028 248606
585793 203282
947604 923867
734188 959476
930192 371527
660969 890469
498718 640777
285467 614049
908715 620458
713764 894005
667090 174842
73889 232099
215431 87779
979793 169885
863098 982780
719669 170101
239633 785765
140053 339443
616854 264460
264025 748593
21046 105604
483335 30987
288177 374911
3557 381275
449978 800192
767168 49490
149085 503516
482632 883635
530435 420806
46958 333127
887158 543405
43791 968962
857407 41477
663865 588863
805342 709605
613942 95819
334484 289617
176053 525349
46880 325338
498483 285863
351614 879879
995412 126288
348580 478231
806896 821189
865627 764935
148324 277731
769179 642266
804292 174325
964223 927433
990977 463216
986904 117182
50497 658604
149952 358
564872 301819
423879 777390
208454 864649
293971 974593
439934 892119
546818 655890
572973 330961
525481 519729
866918 518031
48561 829229
106689 230867
68468 989241
449682 565988
108586 894735
976173 377220
414461 95265
530479 141962
488731 688522
203151 24765
282281 316479
444025 213432
749263 535243
197651 600489
969654 919211
37024 277892
171233 955372
53294 662761
108839 197049
363371 595545
677352 155876
983159 455781
425348 682268
447497 962153
90000 684554
160633 14531
109681 312438
72808 111342
374755 788848
48691 861495
886460 986624
363796 158018
539917 377424
388585 996686
454203 220227
369699 432306
31453 62953
556517 159458
444663 165652
419024 702988
91236 964860
859773 248523
44134 613583
109644 116903
401332 66969
313073 507280
697251 592922
766679 995678
256492 56246
701992 666151
27218 698895
929102 140988
252390 442677
428184 829838
300578 39824
708684 651862
883578 600881
243618 184254
624173 453531
797998 611733
623545 374844
129003 640648
376664 992561
249177 773382
955610 920080
959421 97393
894010 27905
308182 142182
747343 960193
466734 631238
605099 287522
368788 288233
804240 257784
55084 595635
221157 399021
131326 524792
880649 564511
440468 425926
703790 491437
350379 120535
43494 8190
21187 205561
577046 109249
638803 926845
415375 307558
360018 171430
245723 582741
665436 505250
746391 252633
43581 784423
167729 912009