22739 20390
20565 20095
1100 32569
29160 1575
113 14516
30202 14760
13069 5318
29776 15425
4785 7885
15775 868
18519 32749
10831 19050
5189 24671
18046 7814
31284 29452
32584 26359
30898 24411
13638 15746
20421 32071
22612 11040
6865 6068
28824 7412
16827 10499
14528 9599
1359 17892
11658 24087
10975 10859
13962 31893
2861 7527
19496 29007
2188 7663
16104 8518
12353 3901
1006 4256
2863 22208
10945 4440
25012 8300
24655 18996
30414 15701
9009 10743
32386 20604
3377 6872
21374 15848
22025 2612
12285 4089
29550 6272
28139 18170
31309 1409
4681 18165
9557 11455
10196 22475
9397 9783
11489 27523
6951 24400
6284 7907
27693 16400
15121 10301
16282 12432
32122 10380
24149 4781
17531 4800
19546 1025
31386 7509
17409 31762
1426 29226
30339 6856
11002 4241
13754 15141
10274 5538
27432 7728
318 24278
59 16946
19398 15057
7119 14885
30748 7294
22773 6506
24176 1121
23283 18362
4833 5161
25228 20831
17636 133
18561 1956
11754 21817
343 1418
21309 16241
3675 27836
7979 21077
32740 28357
5479 31197
27864 30337
9900 4071
881 1489
26531 18311
5953 7059
12039 25246
20596 13778
24327 26030
24662 17465
24044 15852
24341 7886
507 3479
14023 21725
29853 4745
16302 26673
20669 23308
29115 18570
114 15598
20306 9036
7646 17112
27981 23413
23382 987
15427 15825
14018 6476
30474 17777
31815 9938
23162 1113
23588 10429
2676 1145
6106 31897
18467 13535
2704 22531
23938 14122
4277 8636
25119 8514
4839 24828
15646 1862
14356 14089
2176 25030
735 5895
14758 9267
24133 12306
13072 6035
23936 15754
9067 19833
13099 12718
21963 16181
9128 28269
22325 27976
30399 120
5472 4891
11399 4252
23228 17136
31114 32591
19380 32280
20004 24201
18736 7526
27948 15829
23647 7653
21974 31911
4019 9670
1240 5872
22829 21916
20684 8176
31194 14796
26070 24395
30366 28734
9350 17504
3632 22105
26624 9174
20582 21295
30554 29559
15027 4596
9797 30786
32238 16565
26864 6843
20820 10054
24361 21894
30417 10877
6854 29236
21627 3997
9539 2141
18271 5141
2220 29423
4993 11627
24509 12229
5406 1395
12617 23932
5940 1732
6872 19330
29509 3436
3732 20591
24151 4067
10342 23193
1855 21566
24156 28386
27167 1445
4174 2517
32046 15879
15041 5874
6839 22540
20747 29253
19557 7500
696 10302
23485 9406
28717 26556
19436 30067
4747 23147
8387 16772
23254 22352
5888 19785
19543 9122
12751 22219
5694 13788
16784 4476
28812 12048
18395 2598
16432 32382
23745 1826
18032 25445
31061 14538
24459 16665
19308 20016
5277 31062
30368 16913
1218 16596
26267 29700
27006 8731
5778 25079
14941 8857
29199 5596
13270 15858
13044 7072
17781 11159
24765 4957
11066 8858
21765 13264
13884 4033
26955 20749
2193 29145
12791 15217
18546 20556
27288 2777
3739 32758
30576 10769
5105 10805
8242 13968
25191 19007
26634 2146
3362 5305
9950 30309
13276 32133
18388 10936
21894 20443
20756 7025
13873 3227
6351 31630
23598 737
19328 14383
26740 22234
10097 22018
20035 27351
4481 17150
11783 24224
26406 28756
22399 6411
12718 18594
14110 4045
7882 22122
12978 16783
25164 11972
14659 5701
25904 29775
2622 6587
26073 1645
30675 17520
28062 12464
10395 18088
16261 28303
7294 2493
9294 5982
30932 23478
14260 1661
24522 31002
6895 5071
22279 26887
12413 28781
400 24446
17698 15260
12521 6657
18990 25597
4478 27232
1278 10500
30273 25552
22469 20651
1939 24125
1933 25960
22888 17377
9080 4188
11430 23830
29004 25549
24527 3688
814 10710
21216 15599
23214 2909
17017 19676
15620 9030
24125 28241
7321 20966
7804 11382
15306 25787
7440 29385
27880 26202
30084 31925
4995 10920
28796 25447
19176 27469
32336 15837
21992 2150
17659 1855
15323 16762
17716 16243
14053 31408
23258 31212
22392 25151
7317 20162
282 2597
24251 25096
9321 18972
23920 30042
23132 32202
21010 14261
17611 29496
30676 18315
22578 7557
17320 6935
29362 24540
21347 17135
25688 1187
22555 15064
19618 13557
32724 15581
28991 1107
8796 19107
29207 25750
13684 24823
32395 5672
19504 2473
28670 26740
9633 16285
28052 24219
3761 22815
32057 3177
6989 27767
9702 16263
31434 25277
1823 18674
27521 11503
2497 31403
4541 20289
3578 11697
13784 14004
15001 25644
11680 3306
20872 23531
29951 32313
11670 9488
14812 9726
19834 4362
24380 5428
4117 3524
15277 10053
1528 16668
5860 6431
31782 30871
10917 5771
9243 16723
10979 12730
32013 15421
6441 31009
25201 643
26424 8072
25537 11853
11506 27229
18813 23464
30070 23117
27504 13762
26509 16918
15412 25693
19781 16278
11768 28030
16091 19240
21633 24421
29918 20785
26735 22210
1426 2550
4034 13606
4499 945
3996 7096
9146 4835
19272 32297
18500 7403
13436 25066
7985 28888
4315 7580
28139 8828
14526 11464
29736 7105
13108 27600
2065 22593
21320 20517
15780 32528
14978 28859
7511 20188
25776 29370
11774 4153
8421 11895
21998 566
7107 8354
22371 30004
24310 31681
27679 2040
27137 28124
17492 15102
18493 28282
27844 19984
18462 10445
24615 7192
14265 22058
18381 26931
19075 7356
12164 22278
3164 18040
12476 29525
1484 25683
22761 5329
30092 12723
20265 31282
17224 19492
32039 24454
4003 4941
16191 32201
1404 17698
24547 10421
20591 10843
25149 32475
23711 26404
24597 24563
17331 17430
32502 7537
2847 870
16524 6489
6053 5724
12881 18259
31259 18183
16489 17410
31086 10800
12233 30354
32231 28044
927 28816
16813 22069
20974 32767
27276 859
19321 10152
28916 18743
31459 29105
30789 14401
32532 20593
31817 9379
17631 387
30722 16877
993 10009
27047 9994
684 2963
22505 20083
26149 17233
15482 26274
4138 8389
30672 1738
20856 11980
12839 7109
29388 9534
19909 8526
22857 3011
20097 31600
18970 32489
23174 1086
4440 19316
14421 8645
4142 21494
28169 30783
30267 29855
26079 3210
10807 22869
15349 27352
9690 31239
6482 9639
18681 12607
16423 16628
26611 8439
11604 23979
6475 22958
29486 14691
1686 30651
12672 22088
17560 10976
20176 24408
30378 23586
22243 7379
16734 26072
8835 3308
20582 4611
11391 29893
29618 21213
14324 32154
6105 27061
11211 12861
7610 28665
18307 28866
21859 30357
5424 9339
8242 12155
15556 23591
32313 21891
7310 4198
2791 18038
19200 11888
11493 869
26037 15111
32063 2880
20915 8618
10692 17316
20717 1036
22191 25587
4364 7620
17287 5802
5998 4166
14147 17647
11887 11026
30642 16490
14312 1067
20506 16214
2294 29899
27424 24280
13053 20053
999 8079
24044 23435
12924 4204
6082 513
22386 7108
15697 6097
27337 10915
24641 16785
12821 4708
20057 27778
8667 126
7674 14602
28223 22689
25580 26981
3804 14594
30302 10391
14836 6387
24871 15781
6857 13750
28498 32516
18250 16787
28122 6738
14578 2344
2994 1092
19694 769
31496 9440
3966 32104
14283 5100
22173 24190
5995 31142
28644 10891
1504 26549
26028 17555
5101 15968
8051 7466
15014 29182
24961 17288
30768 17581
28618 3296
10696 18503
22551 17902
18182 15506
10081 8912
25187 7607
3709 24854
4858 30454
14847 20508
11147 19863
24920 13208
25285 14372
20801 13423
20677 30165
30045 21453
26074 6732
9497 5236
16011 8578
14296 20052
30939 2
9293 24668
28363 853
12071 13457
31265 5821
27892 19037
9576 16422
6975 15145
28216 26969
5372 27950
31927 18803
26151 26759
29792 661
17063 651
16899 18398
25720 21339
2829 8086
5385 10679
8714 5548
26083 28950
9320 29283
23692 15861
9598 18760
5547 29807
2765 29799
9068 15630
32133 20414
11046 15329
5451 18674
1596 15822
8249 5953
27201 20522
11302 12216
23647 30343
13608 18854
29689 29389
7512 1872
12431 21389
20949 5862
26338 15505
16652 24502
2393 7608
1590 4000
20388 19457
28193 7370
415 12517
14644 3989
27001 1002
16046 10447
12565 17013
21806 14378
11952 23007
9336 14060
25797 14284
17526 31465
14637 13496
19837 5550
10123 3283
15826 13312
29415 23311
22637 4485
6809 19063
24828 21696
5737 29122
22827 26435
7668 3368
8995 7711
32594 2676
11600 18080
18677 7003
2920 27447
19156 16908
8361 25784
13001 3080
16226 3013
18488 28468
25012 7818
2802 32044
24474 11948
14681 24795
17959 11131
452 23113
13327 23663
25381 11443
24425 24530
233 13025
10419 442
28191 3508
24343 32570
13277 8447
6636 2521
5855 21143
19328 8003
24690 16302
28949 2367
11920 23644
1065 6625
3917 12671
4347 30721
27506 11461
5706 4076
1127 14087
4704 31832
2390 1241
24911 31646
1933 21855
20603 17699
14884 4962
2904 21271
31968 3234
17781 29795
26200 13166
17850 15068
19798 7795
14062 6589
15744 15058
24955 18516
7992 25717
12918 15611
5824 22690
13274 21578
24226 14032
23060 30859
8527 954
19141 23918
5638 25267
195 9215
25847 31033
29025 31444
5801 12492
5872 3723
4761 19201
1157 24180
28964 31698
26365 18826
9382 32312
5951 26536
15844 22268
8641 761
20391 14793
26446 17841
13738 17543
15110 28666
17078 1252
8614 10801
6668 31795
5641 18259
14339 5498
30447 2994
28146 16838
510 19437
21840 11970
6 30750
32282 19336
1673 26453
23669 4023
29307 30534
14741 14534
70 21566
11229 29080
9489 32092
23112 6224
3394 22781
3847 5734
25665 28024
23916 32507
18815 4620
24326 26473
5816 11286
19470 11807
23413 19591
29441 9132
12756 16790
21391 18969
20619 28850
24756 7804
32299 3259
11813 8394
18850 31857
3309 3565
11268 1325
23384 22
30603 3535
3088 26965
14300 3575
10374 7271
26507 32120
21139 22479
7906 22537
2400 1832
8158 2366
13699 11961
25467 21687
16490 13642
3121 3736
15101 54
25023 14392
22399 5570
14887 21790
15029 14765
29690 3113
26699 14344
26069 26894
20083 21064
26412 21000
13519 666
22086 1482
4753 2422
16265 13753
4065 31095
2552 4184
13951 13674
19706 20483
5545 5285
13149 8673
23871 8602
3994 30996
13349 9899
1371 8754
19945 32064
27706 11001
933 21271
20428 29246
29735 23004
12510 29735
28496 5370
27646 9882
12474 14768
26942 31221
11677 21863
31028 20992
31220 11843
837 2848
2267 4600
26916 24525
19516 1759
17301 16965
30634 4937
23671 32386
27277 3859
2561 14442
1408 13178
20300 6727
28407 23857
26129 18294
2853 13489
5557 26467
11037 12497
31618 23733
14135 10134
10296 31941
22709 24908
14020 23381
26278 25045
16463 32383
6667 23618
20858 3819
19769 1184
17640 22597
19070 13332
9982 11758
28167 4907
1766 2034
7937 15979
22746 27707
25599 6446
19871 30724
5788 17072
17231 7568
31329 24934
13148 27163
15081 14481
16850 26641
5442 15380
20956 29054
12439 5762
17290 1733
27148 21884
16081 32150
6122 12346
12244 7194
2044 7271
22625 29808
15673 9522
6847 5213
12450 14498
24999 23871
6510 24361
18832 6211
101 4477
28464 6872
8842 8355
1855 3940
26364 25676
9086 13877
27678 9061
18680 12986
28662 27370
15239 14579
6099 18171
8859 12070
23347 4657
27447 6100
5603 20274
2876 22507
1384 16515
2538 11581
13726 12958
29092 26929
8351 11333
3827 17336
1510 30997
8398 23171
15541 16990
24089 12404
1459 10802
29803 16722
8154 7356
25620 32192
9360 19411
23903 17264
28436 2255
788 9620
4892 28828
13889 6549
9917 7693
20282 23560
25482 22130
26591 8670
25344 25708
6941 27098
31266 5376
23992 585
30816 2795
21575 5869
19901 23605
19072 23354
23601 11785
12213 9413
30796 17092
15519 2553
23837 11852
9819 22795
5970 9379
690 31537
11168 5820
16797 6159
31846 4493
24584 3442
12941 4965
14295 3905
11698 19328
4391 945
16263 30681
22742 28599
13942 21823
8261 1987
31624 21931
19036 14507
18310 4305
2511 15589
13150 8949
5280 4602
10183 28160
12518 25143
28712 28883
32460 13990
29878 10459
9180 1341
24541 12773
15230 28500
13026 6196
12475 17501
3526 4305
25927 7375
11885 3107
18879 8547
27392 22207
19247 21123
11151 15489
14807 25599
9979 25052
3375 259
26387 18286
10536 3142
22525 11224
2229 12419
26328 16332
29066 21805
29599 24680
5411 19295
6736 19394
17161 18194
5966 964
4177 30866
19204 21306
6245 23091
8396 10537
15111 1599
23823 15970
31634 10548
5805 14680
25987 25644
24479 17455
6713 13213
24795 18709
27641 11842
28023 18645
10805 12377