1 10
100 200
201 210
900 1000
417607 809993
931772 33334
3712 157064
403473 378541
9282 189596
175912 962475
253616 522583
968900 649374
669053 516150
957990 158081
415038 436616
320458 383877
673889 211643
204516 280059
665270 861155
794191 375132
53600 859073
38544 936520
965313 123490
594429 344416
342925 421719
134045 409497
63754 75299
111085 997020
824329 872636
86825 837860
74935 284210
761254 576683
516083 53816
646084 794052
568627 532422
973190 519342
830953 197
562476 674857
489204 820277
428093 394404
125403 409217
249173 844012
737210 725972
733196 396712
460049 298278
673249 352827
423895 414442
958225 776395
227279 755343
891235 220629
523453 408098
469305 102634
376446 343396
75504 236169
411478 530049
910663 916224
980277 454441
146072 808051
568881 250751
900265 450733
30618 537520
429359 693522
513597 574411
626336 131565
274818 468391
396654 595720
388383 308982
142102 466598
240675 463498
181504 750770
458804 999864
470126 520001
589743 658143
857137 957865
95764 431267
776233 647935
875927 486912
608916 10182
642691 927645
565825 861156
857207 62425
505571 760149
312950 691688
406766 940672
981819 209375
548315 563291
343236 335958
64022 764808
278827 89873
992830 912915
128912 322333
356008 675568
552594 731994
407149 140034
372089 700999
161415 165179
54378 588666
269167 321994
254112 161574
217184 253320
487361 183905
270 271460
819875 922103
350296 77355
330306 621279
388851 243028
922136 649113
11435 662741
81712 244734
795667 240529
496704 20196
262369 314837
907572 713749
288495 611929
339684 819202
937276 878256
767650 350360
713565 984092
169243 258027
814576 408524
77282 539698
442541 415936
367520 783536
422646 750958
930426 939372
504296 703639
885539 473793
809517 67538
478271 301293
664650 248070
741524 43222
308390 997783
984960 785547
406175 843475
977570 634332
262394 235159
640552 55123
247185 547014
760883 546723
99100 85321
263636 304104
744970 863289
992937 332093
113739 36575
273839 749630
787788 959088
529090 119112
225928 339187
768203 366135
939864 841367
834776 874319
339676 565380
751449 154540
510508 838227
465773 310318
430108 339103
339089 137973
504238 388025
48888 398491
888182 652272
842512 748861
967916 984977
666083 367234
726030 195068
456605 204344
296985 886985
440765 32740
530348 496564
80869 736382
758162 23866
801175 233527
713290 33251
213048 708611
219021 768880
812801 457450
710287 38214
154422 317738
568656 812925
394600 389617
763320 605776
491864 854337
598198 699901
806045 534008
97838 863925
6758 526051
593670 649034
449928 500704
57237 410233
36664 90990
954028 679284
510551 218605
435031 936710
372140 185787
832561 443524
934234 529799
518494 746634
722631 33860
513931 861218
407905 200444
441640 907357
897706 858617
633922 108493
70017 295569
219391 692408
770575 271303
142979 993172
945956 439439
267278 382009
499843 877270
559275 950117
547305 424439
607566 200446
514502 856932
953245 622194
506925 270250
481593 331484
571008 166086
991261 53447
202736 564755
757325 534927
139168 954225
284498 615902
210986 989341
894527 909882
329861 720641
10870 893382
337609 621593
107210 719675
732118 751963
891153 180888
609185 41437
42697 856594
43803 178262
165533 864687
119978 300228
611229 434980
693672 832746
694041 622062
283501 194067
303557 804399
240617 499493
797911 692277
161520 564172
440930 680107
65973 17379
990247 32472
170329 672942
277400 141312
447941 465082
478230 77969
48521 740146
809282 35035
892451 227122
224098 65350
490626 900099
495651 952503
288545 502722
606616 825371
959218 805169
809620 183103
529220 739126
803983 878759
742543 125338
383264 901662
27117 677927
235668 925694
933714 526911
108639 988972
24737 126190
29208 398223
229014 271129
583428 65731
123105 120158
559887 300198
103439 42325
718129 396287
14970 442263
3002 51509
912482 159488
649802 273472
896134 335068
643375 991444
296840 793005
500161 366106
687937 399248
815638 929866
822908 741202
938883 255854
876626 416304
73889 205010
994727 60191
627227 411400
288935 978017
34712 870903
251853 969002
247587 886208
493063 806925
949264 675360
973210 888075
699743 345640
363409 8115
743732 662982
636099 598564
59597 679391
665483 878159
239323 251247
317958 888315
823227 228791
345845 274697
833693 575853
986969 950440
278349 4427
217249 599946
667586 791118
349848 658930
866409 36836
398766 319445
947281 218267
305963 980778
160086 554679
113661 319815
687752 670351
108106 864644
268153 3290
683234 329243
663046 451175
850306 93458
982907 349188
840266 556615
337311 365765
34375 86681
582213 402042
167201 726373
975202 938264
640632 768232
227745 122426
181495 317031
192075 709850
469081 24508
756455 64005
74674 471078
34169 286821
940469 397998
263465 65070
992027 519683
384258 171358
689867 873427
910152 519663
982200 389164
295651 254570
909658 171423
182624 739487
860462 929830
788759 554818
154177 869934
311345 934677
239709 419934
468013 919658
756460 198310
438707 305180
466158 244259
627750 629129
580859 49101
851775 322929
243945 281749
239306 484206
685063 801369
537864 555283
217099 703350
798924 404504
11559 81074
657910 762217
335545 209525
391044 131666
949357 911307
409957 296776
458527 949710
924072 610209
512992 905039
218107 955118
931176 701310
840149 916940
146477 644147
548836 410700
575178 997166
220593 74092
851375 371348
487940 644378
471344 896735
869364 774619
133445 20737
778697 75713
7930 125486
261232 731720
811717 195044
725477 109578
185921 253059
485345 975818
15425 89419
238826 480940
266277 494000
303522 392413
750676 881547
211016 817685
134965 538869
302332 80648
917 112166
922967 118677
372911 496235
322143 955693
143036 253289
832432 619509
751174 520056
840404 21835
934434 552949
670323 993805
503017 769267
731888 528130
326968 564395
350379 134468
504655 843540
488953 257456
873669 382496
592011 594103
52009 284483
877147 185149
885495 254030
321015 896308
136647 976338
499279 591801
743526 824772
657936 876066
927058 405612
779698 58529
584411 154803
271118 68502
356554 624953
317977 917813
72604 677597
811459 371040
268246 990276
462938 628102
763752 887983
666490 715908
26670 67148
706727 551106
771853 354499
355739 531378
825342 905779
475952 388340
870987 625065
532228 40372
659501 401816
243579 154322
628015 189120
474161 593443
353655 891870
244833 478294
772154 932880
111649 243734
177603 281381
125644 170822
757944 226170
126100 911497
696974 422499
79376 670752
215616 786579
857429 559125
310549 633514
913467 589880
476346 869146
293240 587986
412318 297866
947828 617637
790216 285963
538620 771583
631692 322259
814818 232454
467740 398206
531807 536750
922294 120558
416026 381790
633133 57059
858836 480401
17979 757930
432546 329311
139083 267765
331868 993836
284302 191428
735644 316310
354148 472888
986308 734349
93891 268974
218904 722200
428582 98790
249004 452108
987633 768312
545780 897552
1937 555578
869461 534956
437271 749419
677621 90780
36614 353447
448056 319337
921566 796617
358132 340178
128708 883890
231589 443402
385345 449940
700532 732602
417037 569251
489532 795692
243915 68070
216008 122823
18182 839206
235310 388210
283137 418044
498902 643488
513940 126291
453427 645153
647762 984930
661472 979472
777541 155696
108986 508198
982032 491483
190633 891355
35950 391902
677304 463075
844691 550855
474656 283245
768617 595539
90219 85645
907492 231816
872549 928605
949351 777421
676460 38609
893847 471603
919110 172177
32126 658172
40433 191657
211639 910852
145523 186706
984797 817529
318043 226953
243894 913018
907638 349009
356939 571220
855514 718411
736185 315332
721628 80527
269479 155835
399626 794313
755184 133043
208828 671516
921119 32829
901834 718411
522358 323096
241610 155982
863575 262731
738510 223588
758921 539282
214679 535406
167612 387857
552041 111840
237458 404830
999955 804763
535003 264071
569247 530376
766720 687013
935522 463437
127766 240746
719364 810341
389152 757976
425618 821558
795791 444661
930318 171382
661071 670998
825082 884579
292033 637537
906885 533213
851721 163665
147070 52209
867976 18223
754062 706735
959793 529865
368509 319135
100721 263124
87289 903790
2316 867855
299735 795312
914828 418744
427789 552039
527595 982391
181436 612676
306514 322256
736078 344685
414119 872464
783315 236062
78440 771249
191082 154339
88774 831423
693086 516284
859686 915269
499887 775843
304468 307056
427545 881600
401441 204769
291003 93076
240768 179693
789534 834274
46866 531327
871497 660158
111778 968220
673401 28285
349103 857352
506886 340585
951453 611681
720544 970843
322819 448151
560971 60103
315503 366364
528964 195304
320300 565708
291603 709997
75544 397771
383040 456631
250964 833643
67442 429422
867784 244181
35281 221162
537575 426823
876463 87279
940805 23162
631200 129169
768898 65001
635857 616214
825493 882325
282032 180722
737149 141952
569443 839881
388465 662612
586090 861607
479032 982453
199913 547922
898849 57990
642462 263655
790959 347745
921196 93587
778994 671266
64170 389198
732281 184665
175604 763185
311064 393591
366436 717711
833507 624852
656782 59325
137707 348285
82898 815962
822904 652793
759783 453732
222997 863804
268099 302785
857898 462316
534155 835697
313896 658623
800757 337469
405000 853654
910986 982275
915342 328145
847834 680855
370524 946740
543798 697549
122589 833165
305290 540381
376253 711723
327660 975002
142627 522447
715900 61993
985221 732865
829916 937089
932875 826984
567727 357672
751824 85407
273013 818182
142237 180104
125256 110774
21355 533364
318264 702590
18766 961500
548285 42951
56043 916437
974539 280762
752102 827545
274460 967940
572474 67418
610883 914452
484962 550413
759440 35291
959125 271778
148509 70925
989547 32924
358024 420309
991807 590011
834559 519277
592625 535674
190915 336357
678316 895466
423228 109409
318730 270639
605018 822105
220024 494886
873459 76953
842009 83671
325509 305383
366616 623753
463058 226575
459456 635273
377844 964028
624766 200015
836410 567896
461257 417398
955576 980304
100765 979830
808171 578266
504251 197276
803439 113917
396286 837944
414908 10357
519086 840618
706800 913744
747344 323775
638762 346444
949484 44167
811095 735292
396141 454118
504650 982118
317150 171262
591149 950284
972316 591340
555835 542309
208775 173900
393494 721001
535885 480870
952141 944311
399640 969889
626725 965721
340625 773729
334331 580897
560410 474392
709009 269905
101726 362779
378389 713000
587593 761502
621742 420478
949787 303745
948076 250330
213643 41556
687789 36664
189986 636158
635540 938681
545669 664300
596019 200322
782912 453712
454103 741899
238693 342701
134583 681465
207924 332673
869249 625226
966674 802041
352478 890277
935864 542719
128819 498201
881150 25293
624207 240528
416793 187244
235736 362
133803 607866
133511 646176
467326 267665
343452 50648
587033 304755
994060 589249
769061 177303
282906 444257
516544 132710
360972 971194
257519 389115
114599 659173
888051 209577
821097 619719
596473 543905
568027 594474
514300 896489
230286 755202
319611 722403
282432 712335
633182 95310
543645 679379
70511 262521
235493 176900
910554 11465
345772 188047
312246 584409
483888 611263
610786 598766
845374 124091
259716 602127
61128 805188
477863 467719
665154 847716
633267 895198
665158 745237
670858 217611
299619 341953
2401 407967
776984 481343
778891 483867
586124 866061
339062 384432
6349 627092
868553 62965
22688 770029
428982 320029
987964 997780
97974 732601
650362 125094
253925 573329
552557 490650
935037 907871
642140 517050
277647 957074
895782 167522
956245 111206
380184 472684
386226 880992
375664 737624
131119 592973
946719 897344
56813 12314
356751 488832
749823 925328
169263 591824
210800 525348
597811 108110
678887 60392
161650 356354
59302 443069
741636 375867
441691 225354
79768 393032
846246 380162
98682 162376
899317 175236
149369 867172
777166 849206
240811 73860
220320 110656
488338 25457
590185 821276
764349 639781
96858 15257
625888 37444
595357 878207
181377 742365
544124 649114
757173 562943
542119 204632
277432 610284
165076 841979
436882 226739
491298 202757
639875 303689
933613 721618
265340 353148
504901 287044
125716 660055
852629 774240
931884 235163
871328 981084
688527 453918
208842 451233
481049 49719
758209 33340
728897 222735
693209 56920
14987 880789
163069 605404
375851 675525
376141 44401
659602 871978
132115 369647
579139 621877
759749 514120
744518 184404
736554 422715
490605 351212
732423 731627
387154 680250
25176 695762
802163 264827
260742 561480
233316 462951
210892 213894
739473 537105
388174 942162
631763 246889
635983 803758
113909 766812
255291 575489
198461 678452
121220 432901
793338 875626
330392 809999
461796 772191
4678 558872
581079 883610
909410 499282
712372 200111
346045 476670
411142 492068
821436 771366
538236 587970
416076 720254
11362 469772
193329 204757
856964 638787
489434 464857
792402 56596
441606 174049
928366 79827
123763 981335
851377 647650
492501 389225
530221 987146
385566 644558
963666 423641
513608 939152
719634 109137
959926 384718
389971 598599
265389 668274
851652 14838
818413 502201
750825 263909
610656 590021
228393 544736
736763 571353
862495 916572
165593 127577
28653 654002
879832 493233
296888 167948
425347 613057
929866 875958
65014 963251
515209 922317
588714 514226
304389 661645
837922 238643
388763 388587
281444 504121
40349 319546
62041 599207
776829 24374
590861 420942
946600 345744
278491 759477
829184 148597
481186 366859
297259 749575
374606 541021
268017 239015
35684 617164
917753 291690
295931 778106
138677 784861
393558 10715
851286 450273
989696 595122
657178 993978
824413 952366
259724 711833
30638 179985
330684 629278
125127 157124
188032 718449
744659 616088
127045 230549
562530 916088
96183 243042
103009 719836
298054 952204
439925 558593
950607 240433
762868 667533
231771 803994
290827 861823
394902 146442
683399 436528
871980 19142
417672 986071
459284 485110
379162 412762
7878 45789
