1 10
100 200
201 210
900 1000
829290 14601
12102 657600
95423 655675
520175 980958
915193 818958
963943 889256
350461 321648
206319 775975
675812 52491
1014 142633
687 373845
403905 316232
205548 456066
869610 267209
728628 395472
552719 834698
807166 542292
228638 194192
750676 196468
550727 587310
703671 716880
68471 174166
141417 133498
545639 365911
34647 552159
637913 148345
217823 998130
916230 717070
384 857288
555068 210458
471611 742714
744198 448801
267034 439688
27887 366309
788035 563501
327346 257212
996105 702232
360177 48028
939397 110533
534866 555127
111568 470717
168855 90066
591561 843833
55501 834699
667842 696156
988220 123937
311746 805430
839382 146051
431970 926417
187037 598768
315886 326744
284297 523979
43227 691736
374204 884662
943827 440867
967200 444747
363485 198654
718783 165923
100660 19277
971722 644993
881575 976882
860192 81167
152449 902496
112469 884802
284958 373645
334309 317354
14657 544249
606900 486954
561974 40032
691306 614762
421535 938641
995543 734389
247942 803879
730962 889951
614765 849875
361361 457920
678412 573721
531259 433735
939632 614068
149019 396224
362835 168336
196025 391197
87011 32669
134853 160140
841932 216431
497421 980777
969445 127028
348315 883307
642054 520975
839041 159474
469607 773639
995676 891179
189811 532730
215414 691174
549406 489590
686769 970437
800234 827509
93681 825158
458043 887753
515553 70835
101785 731678
393240 41795
27275 571245
795276 521518
511460 490459
989130 572486
292194 486688
499030 93827
623293 623530
414938 650849
925770 5803
706456 492639
623531 362492
691016 702212
225473 254864
607411 108266
95759 314706
453776 928428
640230 461558
863348 110938
829260 748038
811864 995039
76007 338755
377216 219914
493898 141055
604970 777836
468308 774749
772640 729245
294791 893187
991082 375832
359845 349483
133179 622217
970065 339393
537937 847689
471697 446290
802430 856512
744967 463870
244479 378620
506200 978694
295772 152119
105623 957320
168079 834808
669885 1785
624518 864016
505711 512322
583316 912368
654719 727714
583265 771666
369348 501326
848095 337882
65944 714829
801225 867350
3451 431819
402881 827539
534789 249988
608309 475378
282869 823171
578831 761919
4344 193583
16751 284193
221567 399710
140608 783433
926867 806797
369058 123416
793130 744551
739654 773478
360810 330636
453056 567858
613880 808713
703713 916309
205850 336259
134822 700519
351890 920045
838363 806681
64198 116144
810280 616628
975160 186509
166372 808285
466469 635612
226244 500729
202254 438337
780626 120003
450406 814254
471687 358868
768673 103603
236428 257026
730717 156775
190017 737895
372233 661730
158952 903852
948325 2804
313147 13921
410758 569478
991620 346208
737309 915190
868128 81958
875334 803931
61194 938919
597806 976313
657144 528779
12436 417021
385359 316760
813172 11954
861631 621017
618187 746121
898582 305318
899669 12242
871318 690548
78046 175235
22024 738898
326967 269218
888956 749179
515196 591313
753288 642505
497742 542
111536 414680
660917 930235
701791 484929
224644 478878
538748 480185
310227 456978
745521 459974
192928 936485
709498 708997
476068 674515
234995 2844
147020 764546
917233 686825
605324 5962
920155 998742
789304 776771
704872 813490
469943 644510
26026 390688
629403 556796
690123 766124
596458 215682
152887 143608
272254 158920
21958 15901
347173 146427
926749 771712
883232 681699
19044 230320
16307 885604
575926 886197
818630 483944
790887 643087
554371 370366
859461 470308
659757 62635
892501 723613
784064 382997
23216 838784
138946 862300
313350 728167
220960 692715
709378 488724
695750 535383
351373 964708
862282 126978
995187 298901
651605 423125
172856 853443
557030 966833
986651 784560
241244 276504
108938 115122
820748 310825
643038 364724
989149 486752
989528 669113
208225 302010
757919 849046
169304 344990
65428 73289
607384 362588
272553 601238
336554 100505
319420 587755
67667 830710
347384 86100
167831 837206
217121 194439
26184 643964
867444 757192
101543 437783
198373 154599
44905 964093
307428 492169
513397 155109
459956 936253
422184 887465
132234 32823
416940 560412
830401 593579
291895 635824
158750 136849
927107 887745
787687 930311
73456 871865
554657 398375
975045 44291
920606 29162
386022 34153
400045 944289
12501 806033
384564 979308
790140 835922
987607 463387
694054 968314
152626 883963
970135 322287
287209 275376
775478 470829
112547 480067
220506 130392
250602 396769
716499 766572
310614 952142
349631 847039
882071 810695
726256 954268
893045 772317
364042 608313
250788 397658
239719 443835
545746 648578
546561 335754
870665 234281
63364 174387
483200 913262
791580 253579
123475 217056
678374 654324
287268 933826
310765 581524
651030 218145
439661 343036
146689 377929
72453 547791
892199 230247
658976 143753
298059 414854
588048 116678
190536 207581
810394 27065
719062 185298
908674 75388
148317 559995
346460 54660
374744 121568
945377 374560
152748 507257
863274 322790
567612 950212
476159 867064
250139 750528
602785 595016
192324 459109
453117 839575
793821 168087
530599 643746
945777 361067
472974 981463
541582 492298
477561 570115
793344 835935
524290 685536
128418 174884
83400 621717
242070 583286
374613 825156
90359 897522
530718 277746
221588 467685
210877 402273
865172 434792
307613 621049
623544 88576
396309 710896
445705 826514
487193 266649
800312 856827
457139 910537
611669 66503
262294 366246
573784 409958
662379 154162
915625 764780
723657 458246
555001 448079
809975 665176
848967 490252
119859 182841
825434 322586
82591 407976
863678 750915
87275 131661
280662 959621
86316 246600
175643 818595
588353 351557
187256 950349
435577 736007
525293 855265
546487 272012
753643 890077
497538 940520
321376 47967
415755 75742
765714 298241
159262 923953
843615 709377
173830 781994
587990 701294
730919 805973
430057 551026
476311 562089
81095 710532
348332 529205
824879 586233
960789 56735
236334 176885
488119 731629
112434 369767
938901 714637
578161 754702
458737 368793
913324 531261
964676 421941
635302 456565
980695 980373
768282 809433
17434 942049
31330 31166
219216 745613
885628 44123
287541 935314
995467 246264
882643 722176
678111 833191
803278 578179
344389 408779
249856 912935
764880 811298
387122 51257
235827 704021
239982 55242
364403 757605
679717 415914
244737 186121
887692 277193
254084 989430
219811 648860
562816 501661
837352 15438
722380 748875
818443 854300
372164 678565
719321 839053
189191 539471
715666 923164
693844 562253
521661 74007
420301 619869
258078 158948
262154 731120
320564 372768
511663 111596
85448 639707
225367 973344
982750 623558
69293 427929
64724 335720
723728 657068
703146 843809
260570 980900
459688 252357
645497 575987
491097 952339
662713 373466
74553 117701
111807 102367
968418 564780
84219 533886
359785 384417
491130 729532
92549 206795
785043 499325
718416 565448
994118 335846
668102 589613
771308 805720
501143 173018
149618 752218
760085 842404
90310 690942
428493 780522
712624 465178
372071 846046
301619 568278
428328 976791
804963 537530
2613 62792
550042 477276
126973 232299
339486 78634
943161 506381
916239 468969
482262 946818
28548 846344
430794 747131
970760 132524
296759 198066
527560 812619
19013 96521
707310 720340
599453 960871
514394 774859
779904 365824
280988 578620
134210 816395
755420 344986
200943 843293
227315 840466
443244 420926
458955 898297
889717 384460
87807 588508
283914 253800
466916 314136
449852 760049
617890 944115
367105 413957
85438 590396
141429 656062
2933 790205
655491 484676
605262 663898
189159 970550
758174 84699
709950 736019
812656 18676
851610 301607
238332 971638
822424 184514
41657 914187
614765 771126
932681 147004
923488 279605
568417 315495
123184 578831
971359 186267
502929 236407
398433 857447
712058 931130
518712 790702
31602 284288
747437 424878
653443 239318
979433 159490
622848 350825
766738 180875
479936 731656
193294 944648
921763 950642
313786 125132
999096 873864
44243 495819
460580 298685
818749 514423
861873 242551
159650 351945
968473 917447
547872 727237
798341 746127
625485 186856
374037 257688
814417 404585
884006 337707
893203 665812
488742 102170
937945 949029
449974 614560
304129 920029
609637 771949
2742 713961
500263 948625
907108 596210
529589 404738
716145 465150
749531 42617
495219 688126
693326 824901
917580 946609
644516 56273
37317 607267
487585 774576
539067 632791
982453 697248
930201 199603
903629 525484
67983 999171
989764 921215
747175 665476
60419 140943
812870 893212
974290 135674
408788 589670
326734 907615
523063 837785
914354 52028
951546 538673
30496 706537
162912 349040
597934 580437
320350 932170
993610 342935
891399 600777
175227 411995
860474 145804
380573 104388
547912 17352
237884 182745
434839 52223
599153 66843
194965 627131
788199 364085
342372 457462
241415 918031
518652 258542
711537 274079
463244 139666
303363 317808
137596 910746
615270 854208
306742 447217
171496 64955
121203 880960
147519 106099
887580 663265
114551 589963
267977 480470
158968 332756
606424 593719
268715 543343
944688 421345
321041 578823
560402 85713
354586 498982
537177 205918
63720 914422
959389 433585
614163 42085
813570 101026
946286 457084
573856 879405
706159 761231
750696 529070
824259 276305
390043 665068
547899 914074
624475 957913
425831 575276
898259 343002
342094 786214
415063 621647
201058 794290
690079 302506
276777 12788
827548 654267
557100 530380
290213 718765
636673 382285
478949 468275
842798 417712
398852 381553
314291 892146
52335 460252
695844 363261
970243 110681
959011 75652
468817 375426
615865 782304
803291 715191
252461 869652
378203 913265
876655 728263
569974 703361
48446 542655
519109 406137
140882 61424
457334 200521
365738 452814
749284 653050
390514 51071
848838 781731
471969 655335
796956 240521
36268 55559
720899 176343
546955 628850
33956 932595
319362 174861
680307 51488
663684 640271
821421 962048
368830 20118
818391 331504
75297 517671
228850 304805
527714 994730
807661 760353
46298 850709
177280 269610
811386 731504
916731 664043
716311 888147
307395 984962
611295 580409
869291 120099
734642 651968
123320 615374
7421 291459
722923 991104
653939 37655
212890 388961
302708 287252
193527 529352
321225 920129
595187 768408
642771 169704
101150 509635
754589 534908
496105 347332
834140 355511
862996 97192
243817 653999
102748 304090
724343 984852
209397 907872
663236 326061
97418 495039
757091 497893
548522 967515
235067 200368
21995 519303
565859 523599
655616 527601
231551 704107
773480 337063
719139 975394
612544 944191
354147 592536
781478 273407
980640 498207
173413 77197
778064 641544
668416 489769
697735 661417
982074 916997
100430 502127
443264 254991
181412 542256
317264 395452
680358 986333
529549 598043
191031 594170
291183 588329
109203 304184
178436 174412
887154 944691
677277 766181
799292 21129
67663 428225
865736 517347
793020 704
929401 755542
137113 382106
136964 622134
113467 283607
235261 885800
961793 636815
162005 909089
541360 365030
383386 786485
213014 412694
310971 829491
509574 768530
916481 363220
8549 714958
355360 999225
341682 689674
8743 905688
202542 954853
858266 108835
546410 735275
519305 528353
915967 608718
575639 274799
971785 710293
82122 718428
858400 746982
231869 976567
994734 909428
220578 760606
241897 515126
282983 973872
171929 620461
725094 58093
337751 898641
530731 848867
27661 796341
782014 619476
976919 354014
700847 67607
904508 103073
592057 230956
544891 137775
348760 705414
52603 800429
466612 83469
271787 415629
706044 230642
383257 162521
640158 874242
868465 483717
330882 991399
562739 395245
287095 652302
809412 684025
675825 299732
371986 257667
481254 927471
813214 845975
936136 257815
508017 844334
86388 812391
321370 336241
791984 720683
252851 235586
815903 217085
26248 48798
907793 40022
685687 972868
950125 365616
748944 917260
301998 483563
364151 566093
449385 154349
217851 781523
950515 474604
650367 490072
451184 121365
548694 690745
237195 46193
107659 377056
389755 46546
476826 974704
114538 154501
643639 362414
226256 451868
642566 665556
87960 745922
325485 790478
527928 521440
480355 102025
386888 722422
43174 737590
384446 210801
512520 798060
935963 199679
446465 59377
399794 565030
98409 907990
989634 702539
831394 919289
247903 515180
939704 870204
543426 192315
902088 5434
530364 672580
892672 61393
885162 70470
583657 892731
924481 890531
888145 543382
899416 553214
311952 257426
859949 612931
10009 234579
988488 61531
475982 900993
212439 279349
32982 88083
723173 521195
938749 790446
752370 306098
970460 108472
586603 717277
812301 572115
337156 412823
433222 289311
424466 97694
912781 265892
85196 314140
849762 803397
464842 670323
571239 96991
19896 45860
849036 27796
20984 888218
726013 672253
922016 445323
356410 235675
240289 667447
472433 958028
378591 555381
203578 36983
512756 932097
495653 766659
266746 971553
303245 900003
402215 330971
62375 708605
160658 401894
689341 335800
213599 20500
497259 817230
399958 959095
973569 577615
559545 658424
319789 303298
807853 954360
19039 837209
539607 2743
467386 146190
297248 212578
881801 470222
395355 760494
280542 478894
853151 178331
321027 632540
754656 580876
175760 973774
629635 332269
428655 259738
828399 337248
182082 686183
149655 687371
179245 451602
172959 92547
766982 62910
845983 384642
950856 593780
881677 392641
627409 72534
431546 657762
317701 798580
318636 782156
371764 664684
837465 686222
665382 496957
758019 687309
268578 15251
707050 106487
429474 263711
542322 60279
487697 264587
684054 200704
8241 207935
622714 429638
509730 705707
983451 32496
650265 510739
594810 251386
629554 629542
983039 49366
867778 942285
593161 705113
729660 284264
824124 921253
176461 440157
657717 329824
749114 655715
259587 634755
212511 81111
435559 143954
523912 25975
237606 112566
527742 28222
331186 144102
924527 517101
959317 877652
613505 285464
468618 327030
466405 77060
398693 531694
954217 341761