1 10
100 200
201 210
900 1000
7381523 4235447
6898667 9347685
1714438 9249983
5401097 8072096
7707804 3555807
1189787 7593662
883199 5449424
3461876 472269
5808376 3325832
4718385 7471807
4905997 5662384
944553 3034354
1466820 1689789
3384962 4141019
8636294 7243438
4202977 3977038
9354655 3026400
2212793 5880812
1472610 6787217
5025733 7411881
3388521 9718383
9688464 5216760
3217146 6464348
6411057 7105686
6624774 3123777
2684437 3490800
7413835 8215308
4139125 1975065
4482247 8884838
1111278 2444337
1477334 8327950
8393572 272968
1390285 7078900
9299956 12204
5041900 9583601
1228445 5830014
6543800 6630979
3257373 3470134
109121 8739095
4250659 2709575
2842280 9873724
2061321 8263707
4778771 5215256
6196454 8766675
4983561 9829465
3609300 6115383
4181425 8310958
8805491 4127504
8500128 6964913
4455687 788900
6183635 2142577
7732157 1143500
1877944 6103323
6287755 8262323
5640166 2727493
1590965 8919341
8122734 632152
6304107 9559857
8520265 963991
4970256 7140341
5871472 630224
9745429 785957
9111051 421405
7665540 6857279
4261569 9306199
3239705 4708494
1810734 8605337
320010 8206528
2713587 7208300
2793704 494502
6027623 7850260
8358045 4667784
6674922 3393014
1732117 8240547
4998874 5178532
2085370 492737
7633951 4198535
4040727 6161267
4811746 8011688
7643998 5415276
1881947 382875
8849413 4655741
4694342 8382344
4744906 7011240
8750967 9348055
6669528 3323620
9002373 2600055
2529474 2027117
7448354 3920204
3984428 9742020
3339 4571443
8614537 9983434
6717338 2986930
3506302 4206069
7503481 9783361
9828965 7307436
9261553 3708719
5734894 6012741
5856096 8002611
107361 3193753
4779593 708880
4069119 8119232
2894853 4064483
1895814 9461998
9701912 5160972
1873746 9930345
1988255 9481271
5643168 8000422
3077349 6818438
2158190 2302719
8234772 6267485
15231 1870612
1291528 4179785
4177274 3127227
3924287 2306190
6941746 8557093
133741 6109387
9616001 7534478
7269036 6632908
4472909 2060448
7338193 9591660
7207596 6443749
8985818 346533
6879908 4226279
9170051 3835318
8494859 9700071
9570039 7771887
1038477 5267382
3061284 2819356
1853260 7834034
5160103 2538124
7388194 538976
3356007 211645
936577 2739107
6745790 8975909
4036860 3469847
9681105 3244831
6270047 1603213
2305920 4695025
4825336 3135779
8854265 5633526
5521657 420478
5049831 5151852
7364725 6573223
1478216 2591580
3865736 3899391
6816093 9377698
8179092 7400160
3643194 1658136
7774757 3916114
9371901 8071907
9490806 3214439
2111515 3166553
2065549 5600436
8315478 5873934
4109825 4084972
9620171 5161210
2489180 5974298
2215 1851720
5284379 3599738
8583674 6967101
7956434 3711605
608292 9677507
443628 2940600
9842155 4523538
7044241 2600304
3472815 4153594
6838048 5914148
5727924 6751311
739675 8803118
9326239 7458801
6069410 2831703
4533116 3901046
1694936 1885326
159740 1351671
2518114 9941061
699452 9753588
3217358 3280105
4618688 2326928
9517948 6358782
823134 5043943
4502480 1305751
7734237 19678
5688673 1767073
1663667 3663854
6788560 7594527
4239757 7909056
680312 5248914
1816607 6933521
4219951 1562152
8467180 1303471
1756315 9335955
9932979 8886176
7095342 213237
4618489 8296417
528447 1649655
139824 7996620
4371782 1261945
9939329 9391251
7561012 7500515
7899195 8795112
1978221 5978522
8952023 5620287
5057763 8968103
9657259 2312784
8264689 8504603
3148005 8160783
316419 2861744
9287532 8715288
9971976 7759606
1393606 6222870
8397914 7922236
7299684 8892711
9516442 5048922
1514915 9078960
7087361 5334042
2667119 5615065
9191125 8165443
4002562 7713964
8079480 5055684
6719946 9045062
1397530 2720378
7063145 8967607
4859023 9125022
6211158 3663740
634684 2931662
2173088 1501206
9115178 8385078
8066515 6456774
2416316 3763547
1557875 1256168
6157693 3348356
9139877 3629289
4226707 3722053
5340910 6804455
6438225 2952233
3249298 7319523
6030824 1701755
7144478 6038181
1195196 4524849
7566722 8186029
9444181 3912694
5488854 1944273
715116 6015186
4961725 7485176
8643494 1131769
9588071 5025521
6515677 8650925
1297072 8010353
3768985 3528912
2867174 9179047
8284829 7843594
4651560 1506302
9260062 4985747
8469225 1852271
662159 304029
8377364 251135
8152343 268385
9000522 2020316
4447652 4326981
1196102 6789648
4436121 4443490
9266784 2122403
4916041 5069362
4583747 8969001
7833561 2746702
8938370 1216865
2743835 6326574
183401 3776896
1181365 7372846
1817639 6978825
4634903 8115376
8927559 7841991
2118405 2108640
6365003 7517398
3027394 4946323
8804450 8584539
3502298 3949641
9379271 7453139
3268748 1103441
6228662 40713
4789331 3365003
8843530 9464482
7101584 4965961
6299128 6781014
7591887 1283042
2381489 6598481
2827514 3423833
3927848 8743379
1577213 7415557
5077373 8868934
7438275 5583919
1069702 7808767
75963 4879603
7164075 5709872
4951323 6292092
4019635 623489
7862869 8523105
4428574 4979997
8694527 1450073
2958826 3236915
3708980 6877450
9108353 6053398
3149960 7006078
4381890 9970820
8461605 2903350
7195562 4522756
6346374 5979737
2900511 9222760
8591824 4361221
369369 187506
9464648 9006535
7151981 3116947
9120885 3373989
306679 1540303
5949651 690264
8607204 5180732
6188977 4489239
6841306 2278825
2279976 1235726
384452 5877082
7114296 7905134
7545981 9950962
6142720 2353565
5629976 4285930
7080858 2030606
7020490 9161277
9172625 8661676
6089333 5771046
9082367 3903600
7097041 3914753
4106184 6505363
3811257 6727630
965101 100445
7949200 1371477
498957 8830363
9655630 7009123
2448126 1856814
9580458 4557106
4744964 50752
1811046 2627814
8074540 8833298
2264754 2263860
1079240 7580273
832958 845213
6877063 6296392
8962271 2705624
6844720 9130062
9626845 5148878
9326715 3226720
908375 3166015
8120332 4401769
7322323 2446210
175501 7996669
5450598 7271657
4594023 6130181
5113596 3113283
6547228 2767381
4977733 7477883
8134852 1885786
2722492 4879197
2670241 6528303
1008981 4929017
4309473 3688654
682051 179104
6666993 4904739
7666659 3162379
7453049 381116
3755592 2852508
8074487 3209565
8156260 6979772
7908347 343345
4956367 8603363
2461181 6471706
8485047 5109430
441686 8955433
6965861 554058
8493921 29865
6423272 8095622
9616559 9809238
4213088 8248103
9726433 4022699
6829800 8177246
1055398 7390297
1367713 2350356
5385170 5748179
747224 6174157
1329175 9499014
2189523 544426
49378 5701415
5939773 1101960
3060308 4047140
5749931 2045895
3091291 3384636
7595722 9551013
8911597 6592554
6890919 8640840
2543201 1801469
8178203 3239514
8624234 658051
81523 35447
98667 47685
14438 49983
1097 72096
7804 55807
89787 93662
83199 49424
61876 72269
8376 25832
18385 71807
5997 62384
44553 34354
66820 89789
84962 41019
36294 43438
2977 77038
54655 26400
12793 80812
72610 87217
25733 11881
88521 18383
88464 16760
17146 64348
11057 5686
24774 23777
84437 90800
13835 15308
39125 94322
75065 82247
84838 11278
44337 77334
27950 93572
72968 90285
78900 99956
12204 41900
83601 28445
30014 43800
30979 1073
57373 70134
9121 39095
50659 9575
42280 73724
61321 63707
78771 15256
96454 66675
83561 29465
9300 15383
81425 10958
5491 27504
128 64913
55687 88900
83635 42577
32157 43500
77944 3323
87755 62323
40166 27493
90965 19341
22734 32152
4107 59857
20265 63991
70256 40341
71472 30224
45429 85957
11051 21405
65540 57279
61569 6199
39705 8494
10734 5337
20010 6528
13587 8300
93704 94502
27623 50260
58045 67784
74922 93014
32117 40547
98874 78532
85370 92737
33951 98535
40727 61267
11746 11688
43998 15276
81947 82875
49413 55741
94342 82344
44906 11240
50967 48055
69528 23620
2373 55
29474 27117
48354 20204
84428 42020
3339 71443
14537 83434
17338 86930
6302 6069
3481 83361
28965 7436
61553 8719
34894 12741
56096 2611
7361 93753
79593 8880
69119 19232
94853 64483
95814 61998
1912 60972
73746 30345
88255 81271
43168 422
77349 18438
58190 2719
34772 67485
15231 70612
91528 79785
77274 27227
24287 6190
41746 57093
33741 9387
16001 34478
69036 32908
72909 60448
38193 91660
7596 43749
85818 46533
79908 26279
70051 35318
94859 71
70039 71887
38477 67382
61284 19356
53260 34034
60103 38124
88194 38976
56007 11645
36577 39107
45790 75909
36860 69847
81105 44831
70047 3213
5920 95025
25336 35779
54265 33526
21657 20478
49831 51852
64725 73223
78216 91580
65736 99391
16093 77698
79092 160
43194 58136
74757 16114
71901 71907
90806 14439
11515 66553
65549 436
15478 73934
9825 84972
20171 61210
89180 74298
2215 51720
84379 99738
83674 67101
56434 11605
8292 77507
43628 40600
42155 23538
44241 304
72815 53594
38048 14148
27924 51311
39675 3118
26239 58801
69410 31703
33116 1046
94936 85326
59740 51671
18114 41061
99452 53588
17358 80105
18688 39716
26928 17948
58782 23134
43943 2480
5751 34237
19678 88673
67073 63667
63854 88560
94527 39757
9056 80312
48914 16607
33521 19951
62152 67180
3471 56315
35955 32979
86176 95342
13237 18489
96417 28447
49655 39824
96620 71782
61945 39329
91251 61012
515 99195
95112 78221
78522 52023
20287 57763
78927 68103
57259 12784
64689 4603
48005 60783
16419 61744
87532 15288
71976 59606
93606 22870
97914 22236
99684 92711
16442 48922
14915 78960
87361 34042
67119 15065
91125 65443
2562 13964
79480 55684
19946 45062
97530 20378
63145 67607
59023 25022
11158 63740
34684 31662
73088 1206
15178 85078
66515 56774
16316 63547
57875 56168
57693 48356
39877 29289
26707 22053
40910 4455
38225 52233
49298 19523
30824 1755
44478 38181
95196 24849
66722 86029
44181 12694
88854 44273
15116 15186
61725 85176
43494 31769
88071 25521
15677 50925
97072 10353
68985 28912
67174 79047
84829 43594
51560 6302
60062 85747
69225 52271
62159 4029
77364 51135
52343 68385
522 20316
47652 26981
96102 89648
36121 15783
43490 66784
22403 16041
69362 83747
69001 33561
46702 38370
16865 43835
26574 83401
76896 81365
72846 17639
78825 34903
15376 27559
41991 18405
8640 65003
17398 27394
46323 4450
84539 2298
49641 79271
53139 68748
3441 28662
40713 89331
65003 43530
64482 1584
65961 99128
29490 81014
91887 83042
81489 98481
27514 23833
27848 43379
77213 70994
15557 77373
68934 38275
83919 69702
8767 75963
79603 64075
9872 51323
92092 19635
23489 62869
23105 28574
79997 94527
50073 58826
36915 8980
77450 8353
53398 49960
6078 81890
70820 61605
3350 95562
22756 46374
79737 511
22760 91824
61221 69369
87506 64648
6535 51981
16947 20885
73989 6679
40303 49651
90264 7204
80732 88977
89239 41306
78825 79976
35726 84452
77082 14296
5134 45981
50962 42720
53565 29976
85930 80858
30606 20490
61277 72625
61676 89333
71046 82367
3600 97041
14753 6184
5363 11257
27630 65101
445 49200
71477 98957
30363 55630
9123 48126
56814 80458
57106 44964
50752 11046
27814 74540
33298 64754
63860 79240
80273 32958
45213 77063
96392 62271
5624 44720
30062 26845
48878 26715
26720 8375
66015 20332
1769 22323
46210 75501
96669 50598
71657 94023
30181 13596
13283 47228
67381 77733
77883 34852
85786 22492
79197 70241
28303 8981
29017 9473
88654 82051
79104 66993
4739 66659
62379 53049
81116 55592
52508 74487
9565 56260
79772 8347
43345 56367
3363 61181
71706 85047
9430 41686
55433 65861
54058 93921
29865 23272
95622 16559
9238 13088
48103 26433
22699 29800
77246 55398
90297 67713
50356 85170
48179 47224
74157 29175
99014 89523
44426 49378
1415 39773
1960 60308
47140 49931
45895 91291
84636 95722
51013 11597
92554 90919
523 447
667 685
438 983
97 96
804 807
787 662
199 424
876 269
376 832
385 807
997 384
553 354
820 789
962 19
294 438
977 38
655 400
793 812
610 217
733 881
521 383
464 760
146 348
57 686
774 777
437 800
835 308
125 322
65 247
838 278
337 334
950 572
968 285
900 956
204 900
601 445
14 800
979 73
373 134
121 95
659 575
280 724
321 707
771 256
454 675
561 465
300 383
425 958
491 504
128 913
687 900
635 577
157 500
944 323
755 323
166 493
965 341
734 152
107 857
265 991
256 341
472 224
429 957
51 405
540 279
569 199
705 494
734 337
10 528
587 300
704 502
623 260
45 784
922 14
117 547
874 532
370 737
951 535
727 267
746 688
998 276
947 875
413 741
342 344
906 240
967 55
528 620
373 55
474 117
354 204
428 20
339 443
537 434
338 930
302 69
481 361
965 436
553 719
894 741
96 611
361 753
593 880
119 232
853 483
814 998
912 972
746 345
255 271
168 422
349 438
190 719
772 485
231 612
528 785
274 227
287 190
746 93
741 387
1 478
36 908
909 448
193 660
596 749
818 533
908 279
51 318
859 71
39 887
477 382
284 356
260 34
103 124
194 976
7 645
577 107
790 909
860 847
105 831
47 213
920 25
336 779
265 526
657 478
831 852
725 223
216 580
736 391
93 698
92 160
194 136
757 114
901 907
806 439
515 553
549 436
478 934
825 972
171 210
180 298
215 720
379 738
674 101
434 605
292 507
628 600
155 538
241 304
815 594
48 148
924 311
675 118
239 801
410 703
116 46
936 326
740 671
114 61
452 588
358 105
688 716
928 948
782 134
943 480
751 237
678 673
73 667
854 560
527 757
56 312
914 607
521 951
152 180
471 315
955 979
176 342
237 489
417 447
655 824
620 782
945 329
251 12
515 195
112 221
522 23
287 763
927 103
259 784
689 603
5 783
419 744
532 288
976 606
606 870
914 236
684 711
442 922
915 960
361 42
119 65
125 443
562 964
480 684
946 62
530 378
145 607
23 22
158 740
684 662
88 206
178 78
515 774
316 547
875 168
693 356
877 289
707 53
910 455
225 233
298 523
824 755
478 181
196 849
722 29
181 694
854 273
116 186
725 176
494 769
71 521
677 925
72 353
985 912
174 47
829 594
560 302
62 747
225 271
159 29
364 135
343 385
522 316
652 981
102 648
121 783
490 784
403 41
362 747
1 561
702 370
865 835
574 401
896 365
846 639
825 903
376 559
991 405
640 3
398 394
323 450
539 298
641 271
139 748
441 662
713 331
3 530
482 584
961 128
490 14
887 42
489 481
514 833
848 379
213 994
557 373
934 275
919 702
767 963
603 75
872 323
92 635
489 869
105 574
997 527
73 826
915 980
450 353
398 960
78 890
820 605
350 562
756 374
737 511
760 824
221 369
506 648
535 981
947 885
989 679
303 651
264 204
732 977
239 306
825 976
726 452
82 296
134 981
962 720
565 976
930 858
606 490
277 625
676 333
46 367
600 41
753 184
363 257
630 101
445 200
477 957
363 630
123 126
814 458
106 964
752 46
814 540
298 754
860 240
273 958
213 63
392 271
624 720
62 845
878 715
720 375
15 332
769 323
210 501
669 598
657 23
181 596
283 228
381 733
883 852
786 492
197 241
303 981
17 473
654 51
104 993
739 659
379 49
116 592
508 487
565 260
772 347
345 367
363 181
706 47
430 686
433 861
58 921
865 272
622 559
238 88
103 433
699 800
246 398
297 713
356 170
179 224
157 175
14 523
426 378
415 773
960 308
140 931
895 291
636 722
13 597
554 919