13910 14007
78580 78561
70006 70071
57459 57430
88791 88830
80519 80511
62897 62951
74126 74173
17626 17548
44238 44282
94452 94534
50790 50795
78530 78508
3586 3595
85548 85600
57824 57803
47818 47799
48065 48077
9743 9759
33283 33267
33262 33347
85790 85879
95736 95705
61674 61736
93155 93163
62974 62895
38728 38726
8860 8871
97815 97815
89146 89200
15996 16067
47882 47914
89280 89285
23891 23854
68121 68190
35165 35184
76486 76453
75410 75485
39168 39259
99222 99133
16845 16758
23306 23322
56979 57049
27607 27638
85044 85072
78703 78779
44758 44699
6560 6642
10276 10269
86431 86439
8622 8674
28429 28459
84828 84755
7812 7774
1946 1857
40239 40208
94021 93976
27097 27166
54729 54774
74980 74901
81772 81776
52565 52612
18624 18549
31726 31691
92407 92497
29762 29814
81258 81181
77271 77238
22847 22933
62360 62334
34893 34916
23862 23786
13637 13698
34716 34709
9513 9536
15327 15377
88401 88331
94195 94176
11055 11141
75416 75453
93056 92980
24412 24370
72582 72519
14013 13967
42250 42174
92015 92019
84224 84307
19440 19476
88124 88167
44238 44290
19923 19974
13569 13591
53621 53544
66327 66366
70924 70883
6462 6478
76313 76326
30351 30389
57976 57891
79678 79671
5877 5934
814 871
22285 22271
23292 23223
89314 89392
8105 8088
82490 82543
89843 89789
40958 41041
65521 65582
3789 3887
12556 12572
14434 14467
75219 75282
10106 10173
54816 54883
32073 32157
90394 90311
18473 18514
77991 77919
61706 61665
85402 85473
8062 8058
91052 91145
3384 3295
14903 14852
32646 32727
11567 11578
50118 50122
92749 92835
83260 83293
43683 43611
89629 89610
1280 1337
38336 38270
95264 95263
30690 30704
19064 19083
35249 35318
60185 60200
75835 75836
65433 65349
47293 47218
59061 59069
96916 96863
97677 97706
39560 39514
34624 34541
29340 29255
83265 83287
95859 95932
927 964
45338 45426
33211 33299
46215 46302
83522 83499
50556 50580
99295 99345
24840 24772
98814 98734
38812 38758
10393 10436
69700 69704
54773 54711
28541 28552
65972 65893
22510 22496
37106 37054
2882 2804
50417 50444
32846 32939
27703 27627
83494 83483
22999 23073
47639 47612
91647 91686
49473 49407
41747 41668
80427 80494
39996 39994
42882 42853
74459 74506
31325 31373
13728 13804
55663 55722
14921 15004
6234 6193
97601 97579
96922 96931
53159 53139
97854 97899
98300 98268
71131 71187
41386 41361
16154 16156
57650 57603
66052 66021
54913 54843
6889 6829
52520 52495
2527 2463
32009 31981
74687 74728
90883 90880
84576 84498
53793 53729
1629 1562
52656 52611
60691 60767
3564 3541
52591 52609
96233 96281
66710 66646
58001 57915
32557 32494
9559 9619
89738 89764
43518 43476
86510 86468
68194 68115
15436 15479
97627 97611
42113 42092
93406 93460
33871 33886
24629 24577
81296 81302
14762 14709
43817 43800
88629 88681
3049 3036
15530 15615
68596 68515
16006 15967
92380 92385
11385 11324
81950 81952
48556 48564
98588 98597
73095 73013
41087 41045
67071 67074
3494 3547
87719 87781
22329 22406
24638 24590
82654 82564
32508 32453
21768 21856
49785 49798
72028 72015
65041 65131
92821 92743
83117 83148
66819 66819
47880 47949
93703 93721
43807 43807
38272 38287
41073 41009
85917 86012
59401 59418
2262 2336
13657 13702
4214 4195
70065 70042
579 532
29849 29946
19399 19410
44328 44264
65578 65643
52940 52971
20231 20189
96258 96332
86331 86396
53839 53773
97119 97043
38992 39061
41246 41218
74320 74408
99415 99326
88856 88840
6618 6665
4610 4695
94961 94880
41760 41737
44422 44357
725 802
62766 62764
24546 24476
74052 74116
1235 1290
50055 50149
88560 88512
26150 26130
44762 44822
33730 33761
67868 67860
88859 88839
57576 57542
16479 16444
74175 74198
85378 85345
97225 97221
54862 54849
49678 49775
56585 56589
56140 56069
99309 99364
36898 36917
84731 84733
86487 86502
91328 91420
74999 74985
75127 75188
49642 49676
12375 12450
37729 37716
8793 8868
29902 29886
70984 70933
58533 58619
2438 2361
78413 78480
58360 58455
31689 31633
57964 57993
22477 22535
57445 57480
41767 41821
33803 33858
13067 13128
71616 71666
87709 87719
1449 1404
44873 44876
88858 88890
95673 95597
59580 59603
728 746
60731 60782
79036 79014
40353 40297
37588 37508
57023 56948
24196 24293
20998 21087
10363 10314
60190 60132
90404 90340
34753 34847
5369 5331
53697 53660
97924 97931
3793 3831
19157 19117
81097 81065
44424 44418
7341 7430
62362 62424
75765 75693
97859 97888
49854 49830
24314 24270
26029 26037
94444 94399
28702 28621
18242 18192
98899 98980
77595 77637
78364 78343
39649 39578
3469 3399
74137 74167
2346 2369
54587 54518
83073 83169
40973 41063
14715 14765
57146 57130
17467 17502
27784 27781
46224 46248
27601 27629
51429 51414
34366 34387
94573 94501
29657 29589
49752 49765
47649 47743
38728 38732
21338 21276
91737 91709
85201 85291
40022 40115
50142 50062
70342 70282
27358 27393
38600 38539
27827 27893
68146 68214
90526 90469
99684 99710
72808 72765
48327 48280
24790 24727
37426 37375
7847 7788
782 810
61408 61404
48056 48015
62983 63082
78842 78852
82884 82825
17390 17448
49705 49723
68610 68527
73087 73106
7899 7984
19601 19569
49030 49072
27888 27893
51279 51202
99297 99290
20588 20570
87460 87431
87202 87214
45285 45196
65513 65593
73496 73476
38547 38611
85923 85859
55961 55874
44339 44410
27475 27497
84655 84695
93622 93566
11942 11979
76386 76388
50493 50459
57489 57546
13074 13017
87349 87311
54022 53947
25146 25139
64697 64765
76708 76789
71470 71549
50031 49957
14400 14474
74432 74381
71779 71690
93819 93808
73165 73246
75351 75362
1788 1754
92309 92221
15682 15639
12813 12808
10790 10861
12487 12398
70525 70576
79808 79837
47917 47929
70109 70122
7945 7991
73036 72951
8616 8701
40037 40052
79885 79946
91745 91662
57414 57448
19227 19231
22677 22651
39217 39246
74000 73928
88985 89019
72674 72619
9214 9258
71188 71121
49695 49669
79557 79594
82689 82751
58312 58306
27402 27408
81078 81161
53734 53681
29833 29780
66483 66510
1985 1948
38899 38886
932 960
55412 55462
71174 71184
35172 35203
75434 75501
11887 11812
52574 52558
24017 23955
68614 68706
94867 94964
35691 35700
2542 2604
93463 93527
17717 17714
89780 89877
68947 69039
85634 85655
48352 48273
22509 22544
79322 79305
87241 87318
35521 35439
73189 73175
40136 40101
6567 6488
38008 38016
23317 23320
11930 11931
47256 47282
48063 48032
99426 99393
56621 56544
62794 62824
132 123
88254 88173
23591 23516
302 323
26040 25973
15177 15189
79092 79016
44704 44652
40903 40913
93872 93845
47658 47681
8783 8839
80068 80089
18693 18672
72444 72486
31182 31132
57743 57727
11667 11579
31638 31654
53192 53106
38223 38213
73759 73778
32477 32569
65404 65443
20335 20419
14988 14902
28264 28175
16148 16199
48533 48484
39909 39821
40507 40440
54986 55073
95208 95295
16252 16252
3305 3252
95306 95372
28375 28304
51264 51212
190 248
42936 43003
69209 69173
70697 70681
14218 14211
4922 4961
79810 79869
17427 17376
21051 21024
5311 5380
79556 79632
9621 9693
61480 61572
58230 58251
21825 21831
31823 31789
16362 16340
44560 44604
17257 17178
81214 81274
86650 86648
84904 84863
41156 41070
8641 8594
52152 52076
99140 99153
17210 17194
66182 66176
32687 32622
19463 19452
1276 1270
80412 80472
68563 68490
66752 66775
50633 50561
35728 35764
84504 84450
56161 56112
73246 73209
28423 28511
93020 93013
9908 9830
65228 65184
93438 93453
96558 96589
22143 22236
39935 39890
65567 65554
51352 51364
23585 23588
8034 8061
509 477
48431 48431
78241 78238
14738 14774
68150 68191
35739 35792
40283 40266
48698 48657
77413 77371
33044 32961
46594 46628
86657 86728
67948 67891
85095 85060
43439 43389
51970 51914
13151 13104
39660 39673
94778 94834
98499 98435
32986 32919
38431 38454
83199 83188
92271 92334
82987 82943
98018 97975
94787 94825
85845 85839
21482 21578
8715 8643
7760 7814
15319 15238
61611 61596
42442 42511
74095 74192
4035 4016
1725 1683
12662 12578
23781 23825
67844 67858
78161 78170
85174 85230
57036 56973
48237 48245
59762 59677
2967 2985
32926 32918
11397 11461
92387 92390
43793 43806
56132 56182
70909 70824
14471 14538
76028 76013
61814 61895
79795 79894
50919 50986
657 603
56674 56664
86653 86681
15068 14991
84721 84727
27144 27133
90751 90850
47626 47551
25776 25811
60859 60920
59358 59390
32371 32366
19078 19125
33302 33391
34874 34929
50886 50891
55117 55172
28467 28450
25586 25497
99033 98945
6427 6379
91904 91982
12268 12209
95974 96038
79121 79203
84836 84895
55885 55935
99715 99681
68986 69011
48902 48917
61328 61283
91490 91509
30926 30903
63472 63393
45480 45431
23242 23203
55516 55529
23776 23820
17264 17310
58525 58492
11309 11377
76247 76306
18699 18689
70223 70241
73809 73719
92437 92506
15160 15174
35869 35835
91169 91188
57960 57967
57220 57133
31657 31714
52500 52490
42283 42372
66881 66914
78036 78089
33024 33038
66883 66841
88908 88885
14435 14398
73281 73251
54614 54563
78173 78260
88892 88810
29344 29324
47705 47729
63631 63646
49624 49569
17957 17909
53984 53906
67681 67632
34846 34846
5009 5106
86966 87033
82725 82800
65938 66012
3505 3452
75412 75358
37415 37376
19407 19492
54608 54622
69477 69527
33427 33379
55694 55767
73009 73018
81530 81513
60909 60840
15035 15071
86497 86425
25737 25648
36181 36164
49049 49133
65114 65024
25389 25481
45548 45483
14813 14743
87592 87627
57321 57406
25201 25254
56207 56282
88951 88988
51977 52072
43866 43796
45704 45774
25996 25932
94643 94654
18988 19071
4585 4516
90169 90207
88492 88439
57710 57689
62027 62111
3296 3388
61880 61814
83673 83584
7903 7990
49437 49535
88994 89007
5468 5399
59726 59805
20028 20018
24566 24602
19987 20001
23366 23450
10992 10942
64761 64705
27426 27465
58983 59073
83683 83751
85184 85171
66243 66219
18418 18365
17602 17572
75646 75604
19920 19833
55166 55244
26687 26685
5739 5724
96281 96285
2980 2912
46268 46274
8778 8794
40647 40655
27368 27312
27980 28071
97935 97886
73797 73873
47370 47419
77182 77143
5232 5259
55563 55502
2740 2763
66473 66569
72253 72263
11574 11603
32921 33011
47313 47255
89635 89580
40419 40509
40158 40177
39127 39132
8453 8526
38871 38909
82324 82398
97482 97421
33726 33644
4336 4308
63543 63504
75882 75861
14734 14786
36316 36250
36217 36223
66431 66391
97475 97456
68266 68311
66943 66934
15910 15933
86989 86965
22347 22401
43848 43877
22609 22624
20822 20786
11757 11772
11922 11984
15880 15843
51342 51283
75639 75626
47922 47930
6529 6456
88799 88822
92295 92287
86140 86106
16403 16341
48342 48414
75604 75627
10494 10491
24816 24742
16100 16093
62674 62663
27882 27932
99632 99674
15568 15604
48240 48296
9770 9760
37220 37178
88571 88542
59098 59059
19444 19443
92712 92634
36873 36942
90678 90695
96399 96336
82834 82744
34006 34006
79126 79134
85389 85359
51637 51558
67428 67372
97096 97140
74392 74390
46201 46212
95967 96057
17940 17867
38479 38507
68272 68302
24789 24780
94388 94482
88023 87943
22396 22476
98924 98961
23125 23198
3461 3425
86608 86662
94980 95027
30719 30705
75216 75286
24062 23987
87153 87214
93810 93787
24613 24698
22198 22237
99528 99579
52555 52599
68478 68474
26916 26876
82186 82256
13616 13572
75072 75059
30836 30850
23492 23429
67301 67397
1738 1767
45287 45281
22208 22133
87266 87262
44644 44728
11578 11641
96960 96940
92310 92270
41756 41765
15429 15488
39484 39399
79955 79994
33691 33748
9509 9537
81979 81912
19738 19656
57804 57781
26862 26861
87169 87144
15994 16002
60747 60748
97769 97740
8696 8730
86321 86375
96883 96948
51438 51504
58523 58443
72796 72880
36898 36941
6185 6126
79342 79375
27042 27011
44175 44105
19174 19162
62930 62953
8083 8132
36353 36379
58406 58343
88044 88085
61553 61483
45690 45631
75028 75100
73061 73155
54694 54653
19035 18980
47006 46917
41435 41351
41527 41534
96341 96401
58894 58917
50303 50247
52489 52511
68123 68115
93637 93558
1986 2028
26985 27003
80522 80619
55238 55219
63244 63292
74080 74031
38699 38646
8435 8410
89711 89621
62842 62853
71870 71888
28840 28825
62476 62389
7835 7888
58028 57997
94672 94588
4679 4609
6219 6198
30383 30420
74650 74735
98123 98046
83849 83798
20977 20951
33769 33695
87547 87560
