1 10
100 200
201 210
900 1000
1 1
1000000 1000000
1 1000000
320885 969602 
2995 368215 
458591 735048 
605601 188906 
502609 655924 
848183 965211 
4401 822072 
282251 715500 
972196 451383 
344459 613091 
900631 430384 
432083 141584 
370956 363128 
101207 769303 
649605 376760 
804541 485837 
585864 226602 
702099 449474 
912781 44633 
857895 317813 
707314 622617 
968945 15759 
419199 668402 
304042 39362 
734684 921422 
531023 355841 
517762 909170 
424312 327186 
71578 322107 
811638 185762 
260306 436688 
729915 871533 
961035 222047 
796918 959437 
192739 929439 
356483 298128 
157721 719146 
610408 72604 
716602 469057 
742060 32708 
655096 932294 
122149 2943 
189342 717627 
121689 254579 
687581 466919 
213374 312410 
341553 340371 
412571 25383 
705921 45172 
483724 284513 
968764 315138 
963062 258151 
574879 261632 
533962 655562 
993817 772105 
130561 906576 
609774 28525 
727828 486572 
553318 434500 
872413 315834 
594463 310139 
656370 560244 
428186 217009 
213796 724252 
597612 986237 
54041 587191 
736167 480774 
530651 460577 
3265 504419 
933948 495547 
185832 629577 
310856 756305 
996900 743172 
936044 563783 
9254 45894 
979115 465722 
503291 363995 
734603 419688 
593269 314259 
847625 475473 
936830 896531 
285641 445308 
84449 111151 
946787 675732 
630938 250487 
290192 684160 
316746 208269 
542708 788529 
813650 329535 
561128 727645 
31446 23392 
658194 689523 
388691 36715 
193674 713616 
926242 695391 
792037 798791 
107080 774003 
482310 320927 
802943 455665 
141144 248326 
962508 435198 
829999 993422 
837636 754194 
329757 439880 
567184 809044 
213349 932278 
301508 658409 
862497 75656 
980586 350268 
743413 592756 
264961 887063 
589919 671746 
925452 320141 
228304 712454 
257765 131773 
303292 725653 
228689 764831 
327303 377342 
231443 336732 
791664 43906 
774220 249170 
565918 906059 
220646 783047 
222797 376327 
460570 358557 
255151 800508 
280031 981254 
411615 942538 
814192 635110 
419095 897091 
597530 490852 
585075 672188 
182376 916592 
844983 196770 
885336 377301 
712157 640658 
33896 173590 
688561 275829 
455647 176416 
839002 890694 
132369 568647 
481579 248059 
679517 658704 
126736 317512 
756182 223266 
964564 712607 
737130 798974 
547689 588832 
75665 479126 
705479 288444 
682288 240643 
161572 347880 
520837 240011 
318317 685852 
604974 248789 
730218 584593 
480822 421619 
326710 640886 
128302 15370 
839134 531040 
17918 737642 
670479 762138 
904582 624006 
449883 422566 
153680 925422 
879880 425773 
226433 912116 
210360 198830 
166939 791848 
389732 538574 
964229 89188 
986204 506185 
652823 594680 
375183 39133 
906729 777335 
223123 938830 
265691 727008 
21702 213245 
881881 218393 
510948 425028 
387378 252785 
100469 448236 
753458 719907 
839712 542867 
850084 534897 
476495 71283 
21571 211557 
193223 610203 
883046 715076 
255160 71745 
44897 145097 
39742 724228 
444316 985867 
446360 574930 
711257 640474 
384244 724113 
491804 746985 
663575 401459 
594340 122243 
180852 318478 
823772 50175 
263213 218950 
602060 884222 
624950 437787 
256691 977919 
937419 973943 
187625 193366 
816200 321187 
287863 654689 
739866 997582 
822821 335847 
608167 589010 
789738 398189 
698110 621450 
522401 606186 
575646 426224 
367131 594750 
753972 845233 
20482 983429 
220221 742159 
555421 966747 
313980 1260 
717484 260529 
732658 700244 
803800 390116 
975159 877979 
515179 250879 
865383 414775 
797744 560934 
887820 377133 
904683 950602 
278615 669016 
557056 594133 
383720 264424 
730804 140994 
102616 105534 
378182 517813 
578444 20144 
980396 524276 
150395 716431 
684508 516859 
41211 546904 
263666 529429 
321996 756772 
325823 855699 
295217 977938 
843075 525947 
580136 703844 
427924 774889 
664564 123551 
580420 24500 
932264 373063 
364561 526642 
382872 371213 
17542 386171 
421413 206336 
652426 272932 
33544 336159 
305842 774957 
772874 269454 
14412 479873 
543036 329386 
426536 825478 
950214 404575 
16593 714894 
438867 313671 
357435 276369 
186526 987288 
522118 319584 
649631 164950 
112955 87870 
440279 431564 
11085 161091 
248485 945166 
81298 125028 
843025 609984 
595916 405259 
292667 120099 
26552 457730 
726657 794989 
86224 158896 
309252 300228 
928280 845208 
154702 686572 
844159 815939 
296471 205054 
733123 594794 
441931 984736 
183484 373869 
915972 817161 
190139 996632 
153251 518755 
692809 865840 
587176 581693 
35769 513230 
35512 110978 
703209 498614 
505349 877553 
3877 726618 
852132 540349 
292801 208878 
620909 305995 
180898 480478 
850439 607212 
686675 346762 
317801 522326 
804803 481904 
444303 155780 
922633 602887 
170307 354245 
400241 393389 
131605 400188 
275482 218725 
327274 416681 
533312 533599 
440103 502769 
801188 88987 
847157 228565 
415987 75808 
10247 770325 
263024 446721 
908369 554715 
260292 683910 
700825 533023 
167023 442021 
734842 354453 
287196 836850 
834746 557352 
780774 193439 
518418 382116 
849131 137704 
858005 432955 
643336 533937 
734221 525245 
234330 627177 
149292 723244 
29339 198107 
39312 605707 
38368 670747 
23965 892239 
771871 674393 
474025 871986 
81530 227592 
59999 757555 
822801 456054 
189950 954867 
877417 282856 
497802 423872 
934017 767826 
848733 668224 
104014 450398 
907032 118841 
225569 758457 
452719 44062 
778539 538649 
780053 153390 
470403 79872 
112987 791844 
316714 764630 
483188 996489 
742630 768965 
912861 632344 
787651 217376 
496118 502289 
733379 678860 
298700 498646 
780736 592276 
573352 527827 
706303 511395 
773953 608385 
735649 712127 
504441 334416 
754103 18716 
474845 599010 
810154 688492 
587548 799272 
507566 904050 
218890 754911 
369181 429348 
784306 782842 
23547 78837 
248236 857448 
21501 54602 
523577 588548 
275133 947324 
571416 153762 
821896 340644 
58054 174741 
787946 915980 
852355 733016 
126820 47578 
690848 737983 
716676 362838 
7864 876952 
286252 826235 
119791 911925 
48238 550976 
748021 22049 
68721 772309 
547910 450640 
531805 84569 
88802 431895 
470627 930702 
244427 531023 
326635 831641 
413717 801585 
402533 338274 
893722 470257 
243563 807206 
759563 840341 
279512 168740 
873598 948850 
784109 505780 
395392 500605 
266555 719706 
707358 112437 
210209 306690 
856005 870786 
216037 599718 
757105 662452 
212084 140729 
676170 889657 
123755 642176 
166856 715394 
781240 21711 
342907 77368 
838990 862792 
748347 255904 
624006 322492 
51175 996610 
768630 263277 
986910 211953 
698662 67630 
211065 180982 
924322 489177 
385940 480164 
259358 365543 
276059 395381 
653309 953572 
272733 746772 
82071 862723 
31538 998874 
821207 703016 
823954 565546 
622636 478627 
877883 138786 
879650 391082 
381936 565108 
552417 255568 
58677 370841 
113566 924569 
295668 680838 
493528 451594 
75053 196034 
421288 932366 
609714 484509 
155997 557352 
38292 491444 
752250 812557 
308650 342158 
809521 878126 
225130 407838 
59040 665419 
787091 725272 
4269 715869 
344142 7817 
32241 89249 
596207 881646 
691066 38302 
439760 96441 
590586 932707 
175086 938805 
808384 832315 
268746 496180 
525368 827407 
951599 666837 
179725 641703 
741161 971401 
234685 428427 
548681 170241 
59753 322633 
367816 973055 
348514 537739 
658487 210726 
582559 113282 
147754 792142 
241689 167444 
871315 602698 
533420 8439 
455898 637057 
108419 37788 
533401 996939 
645754 811169 
387415 530792 
430840 310247 
425787 524657 
323964 289609 
471933 423743 
739807 555327 
462355 350137 
410136 572818 
487248 915285 
837877 361814 
779414 31598 
75897 218335 
345920 837062 
523558 111069 
537933 799626 
543165 949402 
774212 705587 
295080 826061 
930110 866386 
97274 664646 
999847 233038 
757739 280713 
333940 392704 
513762 492846 
893785 787887 
967712 460931 
185835 404963 
671777 508283 
495474 845030 
494327 995717 
521146 91482 
251849 508527 
733704 606832 
595330 616374 
621670 697114 
444453 564289 
121299 310190 
54674 685304 
325428 902025 
801063 589236 
668230 953916 
739725 653148 
863454 176372 
762971 409233 
1744 532459 
225856 82635 
618894 140336 
507056 365445 
977596 150859 
945215 216046 
275464 737174 
908091 258014 
332620 185962 
255428 401432 
989582 686829 
315152 396161 
651654 157907 
41372 422369 
910939 912553 
303916 961839 
323996 758847 
691066 538886 
240042 968091 
587885 388884 
416699 919579 
329578 664190 
687757 379021 
594800 720415 
715911 418195 
946399 911514 
672984 591868 
352953 213837 
819761 71505 
750700 620429 
257811 191799 
468078 75730 
52466 720205 
579861 758153 
597798 547383 
173981 634542 
871712 986874 
946370 666858 
470658 823949 
296586 797889 
924409 625346 
915946 472222 
969465 939723 
628758 562319 
926675 940461 
103661 681071 
366831 20969 
34531 107012 
812374 734304 
614612 732368 
440710 730002 
823378 266427 
350084 94734 
176477 919117 
564335 485198 
191526 619615 
302641 892123 
690782 877547 
176891 420190 
722704 724445 
43267 772881 
702633 192101 
654502 247203 
107319 984802 
638049 919833 
71123 862303 
186116 597543 
363939 107588 
72269 280650 
51826 299268 
350571 990601 
73900 194264 
439925 380390 
416447 204229 
952756 477142 
23510 709900 
336876 629740 
806784 60962 
384364 733318 
896518 41393 
212049 955788 
904780 627960 
444321 792118 
257624 261477 
878967 503134 
115369 862695 
292199 371220 
664372 379571 
771203 170158 
890943 274268 
17084 540040 
402638 961815 
698061 57681 
325179 800136 
108295 483088 
821499 965654 
704744 492515 
178644 703533 
288570 68032 
650427 433653 
90006 265012 
837909 445947 
978343 659294 
499766 934206 
117137 132334 
223000 250301 
592472 566369 
517794 743698 
789353 216307 
317561 542702 
217880 908180 
422693 206477 
559601 998541 
342341 383592 
21617 736803 
175834 141164 
937286 827213 
521026 236391 
137965 470287 
264976 211787 
737430 296110 
424675 728087 
117703 15589 
82061 224940 
509176 244565 
996620 407670 
19425 82436 
455510 702554 
786388 429229 
360448 675503 
468206 956009 
671821 404477 
365872 687174 
890321 236122 
108192 143559 
790137 580172 
76456 581510 
552734 587766 
703382 554280 
73662 680803 
114469 369505 
661360 159240 
896992 444732 
83556 666192 
389541 225006 
239884 461709 
826254 338688 
702450 84114 
711783 114917 
415514 602616 
725701 177510 
669946 4166 
371523 79086 
951830 814832 
964240 33197 
970761 678006 
276637 911664 
661566 818541 
197819 842239 
325530 908723 
43371 390310 
949039 75435 
816807 118569 
614911 509211 
609258 813360 
614285 229638 
653962 788902 
675523 333289 
210214 120075 
168304 191540 
118275 989976 
648030 827818 
540312 305853 
289418 988103 
241208 371256 
941107 298594 
515304 895767 
806823 940099 
926576 290567 
342890 998297 
284990 685794 
425039 727070 
855755 915357 
215529 433514 
686405 797740 
762443 216733 
560212 946969 
951819 546411 
788326 740039 
345497 668229 
154252 776099 
6478 47225 
431922 101214 
49660 562464 
491396 678134 
671129 642169 
668810 612808 
133027 240763 
786160 147260 
355401 82462 
66704 604316 
419921 65862 
477570 61063 
740830 240460 
94122 739444 
366403 278075 
203649 68400 
688007 772817 
313066 374167 
462530 46491 
374744 507530 
154145 94075 
20500 504251 
397634 399043 
254885 231304 
59427 500715 
865173 791898 
993633 71459 
407035 605349 
365048 515962 
157492 625279 
235343 243332 
505281 34561 
104731 679083 
64654 115975 
369004 451472 
85037 717239 
421794 417477 
512659 737303 
468244 710044 
763963 440226 
790675 291084 
354943 810567 
660831 259761 
905728 565432 
505900 132028 
518191 571992 
516972 793598 
5658 173037 
924472 946759 
68191 649172 
84260 284441 
375097 945010 
91630 741457 
236565 208174 
744282 937403 
300609 470135 
320481 596676 
513167 191214 
178014 87135 
379488 343594 
157655 324246 
420359 87559 
951750 835923 
64846 584724 
969758 819462 
705152 768681 
759070 96075 
828123 414556 
308697 289143 
742762 369009 
895905 849649 
256183 972064 
90119 102954 
964660 202026 
581344 753492 
121459 677914 
703033 284430 
245388 558357 
658654 520555 
774288 143230 
870594 945762 
283616 253007 
745743 924322 
132839 24104 
679632 346529 
205940 934179 
771831 352391 
844456 260640 
196506 552694 
956137 279275 
626889 874143 
619138 642101 
354691 465655 
469646 518307 
984188 644821 
152781 569497 
408879 507150 
500573 466048 
779418 114088 
85110 838186 
766489 868685 
700674 385091 
14518 246658 
64903 598917 
54886 679440 
482187 280528 
256245 369052 
883995 315636 
385044 682036 
383511 538421 
454870 760588 
452427 732170 
891736 933186 
578732 349975 
335704 165474 
604256 993044 
746504 254092 
159198 740177 
86887 401412 
747900 54608 
616558 88799 
174032 968618 
130646 349202 
225690 266799 
989854 745031 
765852 372047 
234208 434520 
621406 630014 
198890 527578 
548400 660993 
376483 709793 
257510 682488 
583627 509002 
51272 794640 
440694 324409 
4631 346509 
927896 520752 
12896 568682 
14838 589264 
620273 84538 
142051 330851 
825628 981432 
4086 42039 
399491 1207 
232718 394175 
401147 753144 
713165 560113 
196528 206124 
295186 180430 
928752 80777 
779017 195169 
880806 76880 
765663 614843 
856389 807807 
765886 308078 
932142 935026 
240483 366356 
772282 620727 
812020 282774 
858271 24201 
942344 572300 
219686 85478 
675687 357789 
706218 384484 
23130 410244 
845418 203990 
214306 405048 
428608 477766 
314953 139365 
15121 865108 
421983 177201 
543332 791300 
548633 521561 
738776 627344 
129185 622482 
865425 343518 
860519 619716 
712966 823827 
116417 777234 
988437 348438 
60250 503261 
106157 182926 
411967 782524 
370 593959 
653545 124961 
712822 786342 
943489 424773 
901184 836273 
297257 899434 
470742 102716 
173784 37448 
343042 746965 
285887 854392 
149227 429792 
516650 319664 
373580 5638 
972515 562680 
240424 781514 
754089 879929 
265779 281633 
921857 710092 
810838 498732 
530544 580957 
333399 378869 
776693 293562 
504893 716630 
255729 861248 
996480 858944 
765813 215747 
34333 430543 
43476 277515 
238124 35238 
187842 712260 
548986 508568 
615451 917062 
325268 630619 
636930 92838 
148769 639392 
536958 487202 
752737 170852 
41711 240010 
316929 31765 
297386 862036 
395754 672230 
960585 889623 
218486 21416 
419094 949326 
843998 884694 
156979 732342 
869773 274160 
401562 704727 
299401 784042 
819312 316579 
445750 163931 
331142 938445 
174721 982826 
150052 701234 
573846 492216 
565310 776176 
303258 143162 
393324 218615 
362249 164226 
273217 301976 
366583 203309 
862061 787573 
278314 770346 
689232 979056 
176302 743038 
87335 553099 
77449 181716 
942740 215204 
447786 832806 
88101 935186 
864455 173249 
689464 665555 
754220 409511 
582771 157518 
304195 969011 
320548 796689 
794396 111342 
281578 692892 
540518 679845 
95809 662460 
154262 193393 
1 1000000 
