1 10
100 200
201 210
900 1000
32688 404050
236594 220020
910215 576896
189510 565524
745829 356232
439630 206696
775036 444241
280811 715599
434972 650968
714557 555937
544605 6143
854074 672249
868089 435234
153724 391330
146350 915353
191998 968332
287443 468160
209619 989185
216834 587304
672128 505555
139365 484005
328477 225619
800168 141004
444901 809889
635470 682872
216360 243176
69797 895977
761637 13501
948399 409704
87381 999148
457569 25645
887111 60634
39941 295488
41560 21306
984205 318914
46909 555754
20649 999818
758135 923000
915545 630214
412120 680008
753194 953055
173623 883249
922224 719295
500603 95773
176420 348672
642695 79718
290597 965686
443669 228401
266918 20460
709242 642297
994880 519313
908662 89416
179793 270004
197938 344660
33354 709652
316919 685371
12805 529581
876542 946837
165634 897276
801018 953703
317380 297943
913615 344061
141702 273620
345984 377239
300217 506928
650540 361234
907822 231171
914472 511639
969830 145936
198239 417027
760998 734111
718335 6586
595530 397284
120618 512418
164776 593739
408595 398842
85285 419619
947332 918750
237880 784738
719127 90113
899721 438112
214095 124280
449343 688497
305459 283833
48723 576713
962604 839059
719852 969258
259523 961025
596228 343861
952840 6742
923809 595015
832548 598817
944212 961031
349073 291806
433825 115716
980593 364764
868223 841325
669079 711267
143413 691436
187459 498076
64312 646920
963379 788122
696708 870026
770426 912959
486446 711097
248683 264048
260530 246649
573761 612149
546862 26371
323934 143034
388008 959448
245461 808412
644694 436750
52757 365337
719351 110847
884002 133019
645353 852842
122957 848706
260037 550807
927972 438268
762089 251289
373624 693161
163827 712967
173464 99231
864110 789152
417594 853537
807276 433634
472152 714310
551823 797882
751986 140540
134164 372808
595051 190032
816714 968903
294933 486252
761881 232716
611037 41317
846984 690513
990172 736135
164666 965729
8603 585622
995809 579704
518005 970047
680335 229553
294694 799609
268620 583254
512003 436361
411078 904781
737026 524563
305954 318983
828107 749068
210903 11836
743394 720388
171031 57203
745179 314362
126118 52284
315430 253973
34309 90323
84386 968210
430276 659824
292058 59645
796601 435424
50756 961608
258995 506853
676306 586213
241267 457849
10404 778065
977848 60601
674529 401635
369906 276325
731509 259316
325901 853923
634142 818770
851359 239480
250747 257896
767742 713757
624381 234990
427897 424857
393954 690631
813039 607094
169350 859527
74896 733620
91840 637426
278333 459020
447741 158789
943976 281550
728602 1906
675956 346414
660862 277560
805902 50246
592774 34526
497072 742726
211958 895268
118062 648705
808830 922235
724815 476505
29968 614817
135068 593935
921341 266563
16862 801430
292343 505965
495232 668771
917226 992898
593576 975812
496708 281325
26467 129261
306555 294402
730834 960228
903278 561238
526769 490785
158493 72247
976138 196360
481460 63613
375705 976070
251260 117862
888576 709931
515258 522259
137929 36377
152133 729977
657554 841750
857485 849230
498405 34144
763977 144548
427318 113888
732926 256733
867078 596157
486168 784128
224854 36766
972302 21060
671384 141623
462812 650293
890873 931214
922304 900221
748904 497207
569254 572598
250303 787990
105014 714094
838980 256387
947768 179353
269114 165089
507092 169458
370009 600895
143688 873073
637728 832412
517051 911031
237204 213153
62149 853057
878635 270167
595637 596590
740747 490757
525010 95820
186239 697834
381103 613290
603449 816854
160148 614196
445993 139705
225418 264814
286079 463192
81657 377189
289609 528334
735303 800337
957812 63621
165077 985677
694043 984373
318972 306672
218046 425727
499748 378102
505525 523274
721268 776233
556515 256460
918270 141868
660617 952211
171624 963024
604884 846725
716562 668925
503348 888972
430178 192577
967424 789610
198683 391088
628932 638023
148467 633347
918072 658993
969676 215991
589205 538437
203040 116307
307991 213837
720253 930901
571580 891366
980235 547693
491741 412317
248047 456186
489344 466779
933724 972536
732021 499677
579686 751071
511756 300204
680050 559224
669352 929105
388851 476002
693012 132849
130193 346489
646453 276443
655085 466007
849396 760902
178652 512389
43204 815398
176097 912499
145917 845141
506595 453012
891019 867035
680640 319891
664360 832135
990842 430739
660146 552294
239900 584694
567072 790423
641028 549186
72156 925739
806054 49306
241120 320882
725265 707316
243622 702758
771291 448009
699177 513912
977811 93942
193133 704149
174834 580969
311619 635427
120961 653135
256416 163266
711074 444643
141488 389187
305990 202532
652018 411360
877932 795687
122135 621494
114150 787907
295172 921236
692463 465495
78507 559928
577879 377812
145134 115341
668034 220828
91976 922284
679268 380168
996106 920260
898745 698176
397823 458831
445604 758605
69200 105487
91157 740966
852583 853575
11893 623046
158047 747018
122547 429428
801331 513400
916189 199583
245647 738221
199229 822482
49636 894213
504027 592463
244926 376266
703968 415387
224806 578406
984466 114170
679036 508168
985507 874473
844223 658203
386082 882926
842922 337231
177249 224619
328142 371481
57168 182144
995929 442673
351146 608243
931904 633268
475736 433470
736199 531815
725602 31590
823711 249349
984651 117197
945961 561889
665911 446801
130354 328991
78604 350905
759237 514493
195819 68806
390874 535067
864886 607596
592977 407520
225112 89803
904654 799083
267453 431219
817607 474720
670376 802712
445100 257524
510984 909800
746417 18732
194332 955438
432427 651184
775964 534379
279556 298029
79656 274461
462891 529907
70397 496578
703196 447260
765759 226029
22438 807733
221944 338456
393090 486331
61318 255855
238794 947031
293672 522080
105960 602426
753943 25468
434373 726301
164248 980100
101237 587724
397536 279631
527894 849506
302659 942646
901866 46102
25104 815435
932143 80900
264330 927862
807662 223343
294048 58823
376919 330809
600258 206423
627065 803899
688005 492690
574220 820579
558316 611111
43817 359097
34458 88251
514624 523650
928334 62878
60886 428940
321100 796954
895877 610697
450829 600313
965525 466887
320862 889407
665064 382383
714505 252805
887194 324458
106803 986743
306548 362592
435890 932778
849175 596782
46452 888987
699616 262355
617524 152873
617477 788077
673822 815377
918365 669668
85862 958552
862597 712869
937682 919839
265057 337633
842585 508270
578948 133125
385299 947413
890507 706626
60876 472616
855553 953970
679457 261479
425231 737648
572743 857942
875022 737039
874288 620945
394920 247436
95512 258889
829971 32117
647808 491074
695649 51225
511956 390208
205797 987027
832056 230148
259551 896143
180846 85070
701408 455678
136801 508499
195607 359760
290172 487163
311210 853056
805372 367111
538572 553804
447746 972170
939996 437407
415156 212516
710275 652524
148972 179334
649316 299771
69428 251556
647731 623283
683313 614691
215765 402413
110116 427074
728180 71624
470871 451484
209056 271961
287795 37800
898741 329137
269133 483083
252841 204479
328621 336820
568586 63029
814028 457035
328798 535653
352207 512748
445520 211260
738772 980028
86032 42678
754569 764598
39394 77494
314620 662226
70107 701365
182607 481140
851325 497644
797698 228752
703241 506251
433572 524754
872337 116710
147795 103837
892737 88329
16169 176553
485976 21001
450421 394434
322595 525600
554954 344122
237806 980415
667623 804788
498847 376122
188974 521752
363895 640932
659173 552744
193676 756801
169637 503570
714719 302717
262520 797770
508245 276379
460063 579885
681111 675847
295217 471286
924218 586369
718331 779803
339266 703339
211518 538762
955760 682022
892167 57588
944342 342616
196295 251743
332224 269336
470349 492707
436339 646646
215464 522153
784823 8015
158435 224020
527003 394547
842021 604041
547863 338879
852255 685859
608383 250573
400674 884598
13793 823725
881377 197693
814804 781459
243369 889346
707546 76461
971709 477322
210902 615860
14711 794691
744614 992147
108365 803194
307958 475017
868588 758977
709316 89127
886058 925354
645341 73094
767865 78680
990187 454324
908201 116334
231441 990378
700991 86408
595028 518970
599779 630313
967225 282007
414651 705706
944475 765884
371685 286231
154423 245299
810797 607356
84780 604749
70265 627139
654470 359510
6413 481190
399191 233737
552423 954030
207719 407198
63051 737911
132326 440575
151079 268987
169586 814119
533819 859336
486051 772953
114893 827935
591971 889562
145550 111628
287956 627449
789198 480721
685128 720794
937563 61813
69212 838047
761236 375693
517087 124348
622206 388142
860604 893942
787995 397145
611837 109210
117171 244383
87026 349311
535536 541655
455070 898518
795079 838683
879772 324949
672857 311445
857651 830338
516076 758048
169855 988705
893002 469584
46805 181725
451353 867235
836919 102469
434385 923413
343142 659795
350217 462392
498516 492058
731272 272111
959489 651990
734553 185566
755739 19881
949920 71869
880128 713432
375383 231693
994210 751595
234951 333606
610731 303554
640444 115875
534948 484576
959141 699965
986927 972685
469400 900953
79605 733747
290589 229722
494752 110885
948761 711268
352844 345440
221597 998069
104315 88710
211945 881671
714098 689009
582211 241485
553172 307945
121506 429404
475019 999011
181120 30408
363990 515731
953332 344794
993891 903214
210472 121224
948189 956352
979894 876747
525803 501716
254028 181034
497474 891269
98135 878303
345090 705703
60130 463965
743653 343892
131457 34908
833402 392813
236950 653914
422103 239489
878220 157971
598941 327704
477444 207830
373101 417685
569251 449554
593369 373158
738619 587834
567093 206061
943285 328221
58835 35457
769511 82985
405331 396045
617776 544916
327442 165947
664763 634075
635577 5829
773243 893824
869373 562413
921732 902144
76987 17908
187613 88468
416906 775153
443079 253973
227463 687842
188755 244746
687082 211716
936938 256436
795475 304422
551466 816926
776960 971045
797459 730104
481433 847490
267765 193524
197210 354512
869834 829406
232787 521549
670628 278234
354321 645203
925175 501933
150204 788110
690585 748143
104098 515653
985272 812656
439926 221233
877423 39563
37441 350529
52454 77175
455044 940507
664260 617554
155872 241204
517920 144016
82887 460202
792962 879874
281764 958458
411220 385884
903540 585908
306364 984658
93683 698261
640126 730957
690536 419573
384002 763303
706516 321326
262095 132488
126591 306863
547054 420599
549148 290607
587368 966635
630963 596403
49241 933738
329087 630358
369418 436982
862248 381228
86633 73833
902383 594405
882623 252778
712901 872366
503203 2174
912570 220260
585970 491384
828567 150014
619044 234042
742308 268169
765822 410288
300513 899801
221096 909320
774070 813844
95081 527022
560715 151066
27259 901967
33950 458874
225844 227588
314326 359337
609869 344559
897938 956409
944823 751299
586265 132990
875197 94547
630324 943944
165750 623907
341051 166939
194723 764973
250839 314917
658094 707688
749092 198732
243860 98316
948728 468505
583586 505041
874528 54514
720629 796561
558478 80963
511711 853463
737747 622153
411277 201969
587179 916545
629541 889264
396598 98852
779049 461665
479280 433887
248841 424829
116499 489483
122006 316749
773942 365379
338991 327797
480465 794736
646471 781396
273388 14128
44545 958702
364523 30976
196015 237113
647295 544611
269516 512731
488246 313497
842919 586206
36483 58581
404941 522698
173924 475900
523322 696995
491866 766976
53851 128648
231437 128230
493746 3895
247218 59773
111277 147951
176247 745352
77775 95171
91692 241756
792985 341596
52699 91075
722445 849288
176551 275547
184213 87943
310829 388515
446690 934361
983959 133384
813690 432519
821461 22420
202404 143884
654109 1412
140508 225762
921923 121573
946353 68984
572092 525998
499851 679987
463656 530461
904640 247978
269720 322737
236529 652359
295963 915590
195413 618634
630790 467528
399073 679936
306277 17474
272364 759126
480024 910820
149554 121213
627430 250679
306465 413244
645532 122358
844370 14033
906197 742469
776358 481789
404163 946653
529357 851350
1582 461283
95660 837952
5367 827999
357620 776028
213027 139024
355005 722124
383024 46540
341212 537053
289181 663785
317559 599794
407646 647452
324224 401232
685356 356153
358782 770702
890023 251231
916337 594281
10194 296271
853384 255398
77057 682811
135784 932390
393201 16267
363453 146146
887408 372328
159681 370555
497273 857957
561116 174263
651330 35382
395222 887859
975119 821457
552546 710095
268070 103749
479461 502589
841646 431332
321136 356402
835146 939890
421877 629568
18899 815954
5121 914637
43762 352027
417441 65286
328508 139470
313891 226720
96940 492787
994622 376503
999808 864598
635639 329578
368029 80987
687265 21892
33599 622526
894397 98702
310768 981367
512691 369564
415379 962183
395188 321461
517001 575584
338872 464040
136398 355736
643099 202343
870481 144677
856168 57794
625764 464193
778689 34513
572192 553578
862089 392325
621846 451867
426884 761140
278826 50380
322968 113735
771158 102221
386421 731613
612025 81747
355201 578104
430857 253588
472082 492377
189507 274222
998277 767536
499996 106873
468648 146163
240474 669949
7424 916380
248164 597254
361560 488015
126587 649926
996065 506953
648868 847170
87877 624884
87314 241079
530626 565047
183090 61498
550118 684829
548602 486920
324458 285336
995876 824548
464868 420550
840185 105832
51970 256769
358681 439153
237515 984500
286127 495092
606543 725426
952693 213833
551939 271297
207856 667891
952180 744819
733915 348194
193899 695374
903659 941650
217006 752964
300554 19347
971626 276870
724239 749893
940150 631669
367910 358149
654307 22413
817581 83436
698251 859311
702645 73872
472397 102388
310677 909219
500333 353204
458564 3245
431221 195705
292287 751478
228416 312022
749613 280722
588770 817125
753959 14087
539139 598954
794914 490303
481778 131257
628149 557297
911299 616832
896195 154896
860462 916759
