89384 30887
92778 36916
47794 38336
85387 60493
16650 41422
2363 90028
68691 20060
97764 13927
80541 83427
89173 55737
5212 95369
2568 56430
65783 21531
22863 65124
74068 3136
13930 79803
34023 23059
33070 98168
61394 18457
75012 78043
76230 77374
84422 44920
13785 98538
75199 94325
98316 64371
66414 3527
76092 68981
59957 41874
6863 99171
6997 97282
2306 20926
77085 36328
60337 26506
50847 21730
61314 25858
16125 53896
19583 546
98815 33368
15435 90365
44044 13751
71088 26809
17277 47179
95789 93585
5404 2652
92755 12400
99933 95061
49677 93369
47740 10013
36227 98587
48095 97540
40796 80571
51435 60379
97468 66602
10098 12903
73318 70493
26653 60757
97302 60281
24287 9442
53866 29690
28445 46620
58441 44730
58032 8118
38098 5772
34482 90676
20710 98928
4568 77857
79498 72354
54587 76966
55307 64684
6220 28625
51529 32872
5733 48830
9504 30020
58271 63369
59709 86716
26341 18150
47797 724
42619 2246
22847 93452
92922 43556
92380 97489
37765 88229
69842 92351
65194 41501
57035 87765
70125 24915
36988 75857
73744 46492
22228 48366
9860 81937
51433 52552
16438 99229
53276 75408
1475 76122
68859 94396
36030 61238
8236 73794
65819 94429
66144 31012
35929 39530
18777 22405
64444 55764
14614 54539
18607 36841
2905 44819
35129 70689
97370 67918
69918 66997
43325 87744
59471 12184
98491 95500
89773 6726
85645 55591
17506 68140
2955 69787
7670 38083
8543 88465
10198 39508
59356 28805
76349 78612
73623 27829
49300 87344
95747 35569
54341 55423
23312 13811
67606 21802
25662 73731
44879 11306
29321 78737
79445 48627
48523 3466
86709 73417
8283 13259
12925 67638
42063 5625
62601 32037
33453 11900
19380 45551
47469 90072
974 87132
3882 84931
8934 45895
58661 70164
57200 87982
48900 52997
52960 13774
72814 39669
87191 81096
52927 16467
65085 11341
22091 27685
43377 55543
55937 79108
17446 19757
69180 18419
6888 89413
3349 32173
51660 62010
2337 25211
66343 67588
78207 19302
97714 67373
75322 1256
64820 44600
17722 29905
55940 39812
73941 15668
11706 46229
11128 29151
65985 96659
63921 89225
2423 67270
21397 54082
45631 40085
79293 11973
7673 73851
47626 5386
41223 39300
6641 6043
83899 40714
52299 56191
80525 42591
88210 8582
88820 99337
37733 71156
95995 18005
60380 14770
85274 81777
68851 47256
21861 48143
75580 45885
21994 23206
67622 79568
62505 90614
1962 62755
31327 54260
18945 28203
13203 23507
36785 2022
22843 90869
89529 35190
8873 49909
49959 10499
48037 18809
57754 86249
83304 33334
32134 21649
72891 99755
17568 51747
90369 19530
14501 38047
73789 49798
66250 86991
73304 3034
5364 12498
10254 94893
47687 19126
61153 13997
45976 9189
49158 3730
95437 32461
53415 43922
70461 26305
60029 88028
78051 66749
7557 8903
4795 97698
58700 71044
1040 32003
90429 6404
44501 682
17648 8539
36160 95152
22536 82135
4340 71693
2216 16128
20505 55630
60050 90965
98286 36430
95344 76336
3178 2901
85239 7972
16950 60290
95368 17989
92293 85796
40744 53145
2830 58391
61683 55341
53542 570
53827 74233
72262 56043
90361 9118
28024 66762
82 26310
3191 95426
18997 6368
14678 4235
30691 31627
64525 26058
49615 73169
28206 90359
26313 47387
65101 4347
2727 34995
4917 56553
25579 93530
28947 32291
2648 56971
99052 19081
99632 18594
30858 18628
41313 61887
39215 88356
93513 20091
14413 59480
9611 58970
66190 52275
6356 47642
56621 25434
98988 77889
98339 24567
87771 27285
56857 90418
607 72261
25850 238
7206 73060
35218 48519
34946 90784
36874 28459
10874 67638
4290 20484
26608 70479
72758 49315
34472 45730
91101 33460
23619 89439
58026 11389
33075 31234
18158 33682
3494 60359
50271 10700
33418 1840
75570 68364
92623 28795
13174 19848
96432 17463
56683 39391
4293 45792
5058 55116
91522 96158
88575 31492
1948 62952
59232 35022
10538 93741
85055 14031
54099 35326
41082 87517
53517 33003
72232 46140
61797 85405
82339 74581
19219 39022
13971 39863
84813 35380
94978 92686
31537 99905
24177 33484
79208 99760
84858 89745
93500 69912
20128 63951
5237 77561
67819 75106
10564 40050
21245 88712
41806 19935
63292 77376
58956 93615
33590 43769
28994 44919
52806 76883
44823 76983
26718 24031
93094 11575
30127 86594
81487 50254
50544 3075
27815 34714
78180 38378
74763 15776
27089 32920
35711 6733
10295 11018
347 60236
71138 45692
5154 23944
22574 66329
926 49292
6711 94019
77218 36837
96964 75056
87091 63859
78131 14905
98572 72662
69634 89686
4790 13074
22605 56852
19806 49251
67869 36504
9486 39007
82196 14640
62950 21121
80968 80227
86764 87678
90597 63982
40866 87561
39037 27956
67771 33519
59212 66343
22533 45197
72380 27322
58271 94985
84173 94428
44235 52041
47284 70073
7399 45831
1064 70348
66951 82031
50574 53715
86060 57523
34048 26925
45083 89436
71233 29205
22955 30444
11899 45487
75641 84279
89160 50263
79263 89684
61042 39849
41724 8325
26273 49123
54155 27336
35822 37458
9366 2748
91172 11777
60270 25219
38702 21704
14654 9934
50908 53960
56729 62807
15798 48721
47085 21309
15335 42699
10992 76377
98899 52716
1053 25172
18190 71560
52507 54011
9017 78225
73110 16540
90001 33379
58110 45054
55082 89115
71339 5990
59427 28068
85148 75224
76788 32232
96533 92123
91282 23876
84851 90180
76591 2255
15351 11132
73814 67858
81495 99182
46082 54604
15721 52434
87983 90182
97488 59416
79297 68826
65405 38723
96893 50552
30298 90033
99135 43182
98507 90416
67058 99709
80596 60000
1963 12298
87484 75777
80155 68978
91310 42588
39933 23383
95022 44267
13564 8861
3683 9212
77686 69087
64286 90931
35991 94584
97315 51477
54117 95821
41893 37526
95529 38840
97526 97491
51137 1361
89619 47644
70338 80929
6583 26622
4311 17956
70889 34226
26816 74571
43438 20854
60009 7723
11784 12351
18658 9098
63828 89127
21270 22072
26652 33150
60911 40529
30640 28399
41889 36611
92394 28578
33891 98977
55200 54553
16932 26088
88778 60100
658 48567
80953 77018
72642 92736
89369 91299
18185 53196
96777 55806
75267 23429
88955 52529
80309 19594
97279 22198
72556 89673
50775 6446
5001 22326
60998 38284
48413 66128
98383 65422
14694 79335
42440 87335
88422 48160
94986 22958
1355 91762
78763 92973
31542 67717
61853 11851
3663 75483
50400 76218
65155 1174
99016 86507
39852 76365
24791 88264
42492 23173
70038 73538
18860 28829
60872 7281
76988 55857
46591 78342
63971 25353
87666 95512
93070 49518
7362 13084
41352 74113
89301 6507
91639 4668
9365 31490
81033 34155
36105 39876
73680 6142
13413 92539
34970 90637
16171 11957
62845 62761
6650 26815
4466 94315
22327 13887
60184 46040
26970 1536
20153 32622
24394 11791
37290 50110
59632 34674
84265 95736
74549 74296
1878 4314
66834 53199
94950 99356
65156 57794
78469 88157
961 82934
98824 23287
13172 75359
85678 40141
93246 22182
72762 33991
50324 10051
84101 9955
61076 68365
22043 35625
42660 23920
56290 25845
93470 51239
41552 74977
25384 20020
63134 26344
19305 61957
65982 32476
53667 68012
88968 46913
90193 61730
80903 56869
88132 65003
83175 49208
49719 5217
1184 92378
45488 57473
34574 38958
25063 76126
13934 66798
12497 93419
93142 48154
71727 75475
96981 25394
43486 85949
72306 50031
64030 69560
6899 52161
34563 6425
17720 84281
11642 18903
93011 73481
92727 27584
28790 34141
3709 42724
939 32558
52494 10432
80711 24221
85906 77691
49614 29392
63639 38271
79422 27668
7830 2672
96181 58744
9096 13900
43025 37089
49155 52387
10570 58233
79970 55711
92374 31
98434 9664
32588 67280
20095 29650
91500 22352
7340 57465
51743 87331
12087 47516
31350 19916
50187 43882
95012 75635
74134 54388
12723 23288
6774 39644
81520 86743
95355 90245
3125 10140
16260 52064
77419 36354
81713 85270
58706 5405
42734 26800
92735 54820
74316 40436
91088 40854
670 2451
16488 74803
56838 45563
98090 63611
85206 95961
66705 96912
2558 69830
23404 18817
21893 822
71523 3606
2444 46580
25362 61529
73379 34448
32701 64046
74883 23788
4900 75552
42590 21387
50354 99427
66949 64795
63037 68507
77108 46093
65418 79665
15922 88821
98481 54167
5995 86355
74124 8438
32934 99485
86318 6313
33932 19018
86710 25166
59157 91609
17070 1746
12996 67423
1172 96296
48570 80560
64802 25677
26653 46572
5341 58926
51744 20173
13092 74090
6528 3567
98879 55813
3051 85197
62125 53334
4214 65187
78500 63371
56795 95569
65116 86142
79343 82640
82438 44264
63199 63591
69940 6203
26514 91632
65129 78258
11805 94572
52347 34684
98139 51226
90496 17541
36422 68973
87227 40635
34159 65726
20357 90953
77646 85473
93447 73340
68112 75884
17604 47662
55826 87543
70217 82340
79175 35345
60597 7331
46268 29295
42014 60758
80520 48861
94651 33293
17833 81877
90280 51991
63954 10636
59296 41599
96108 52742
14938 80571
44977 32541
44585 802
20084 14801
99493 15610
66497 76441
22940 12764
5736 81305
89874 2607
30165 84524
52252 64350
82752 42531
16340 46705
53166 91987
88303 65626
61080 19592
62548 22408
68485 7132
39562 4920
21932 39054
20529 88428
15495 59820
17544 37582
41124 23769
40188 87640
24644 92439
51989 7395
51321 84681
54099 4487
93019 58753
86464 54099
94696 49011
76506 63180
56143 16067
68099 94426
71473 4979
82854 86967
64798 16749
24548 22273
40517 81087
9913 65160
89878 61901
72554 41198
62933 43004
62036 55952
18108 48499
10050 29155
13862 2907
92335 70004
35326 76785
64429 6798
81764 63634
10116 46561
80382 51015
85186 20898
32101 95098
2409 38330
73350 91314
95880 52635
34317 57915
8586 68776
22766 34987
97931 36627
37893 6617
6630 89570
99753 87410
96367 81516
67396 22834
44429 47777
73848 29614
85027 22301
41063 3787
60630 30764
95101 56509
83398 29417
30776 91983
14545 53541
43321 28827
6519 97566
51795 29500
87135 51547
16909 99854
33063 84304
22687 93843
48433 96535
39808 49811
18835 80870
53597 95816
27985 48697
52325 11383
94466 99452
19717 25362
69344 63038
54188 75862
60603 5982
5361 64089
73880 38621
63942 23294
22925 86629
17136 87709
83163 56943
53871 1997
54164 7467
97812 98501
72516 66488
26235 83333
82291 45951
8694 51634
25340 62881
27495 2294
85214 32855
66383 75445
71476 30324
98739 10752
16952 15874
14812 16466
89169 68682
34814 59684
92500 48978
74536 65015
15465 770
48347 14108
63073 73392
65741 88412
52624 9588
7058 37837
58794 73440
13282 46621
20115 28372
57372 53419
60597 88535
69884 49765
73568 4698
25801 66068
53675 336
47434 85491
17458 12133
15950 80530
85524 81691
85293 38148
7630 92350
92336 66423
82141 21969
13044 2256
50340 86767
72026 10937
91654 58261
77053 65221
62958 19205
31288 32984
19541 78722
34827 36998
7206 67128
33879 92729
65170 19171
47228 72799
11521 39564
39222 93661
77884 68617
12268 28224
55383 84293
55512 47036
42554 32564
28609 21863
51769 59896
71199 87661
54969 22377
41010 62174
89504 74888
71255 54674
94058 18482
43824 21930
74397 83045
31943 52281
68013 44210
96856 39748
44855 52367
3135 3760
1282 31743
41974 69402
91639 13172
73414 62959
51900 14423
41485 57756
5662 29091
28781 16072
63924 72604
38001 38321
72001 69943
6953 40013
30505 3808
79760 75359
72526 82895
79118 90159
14637 21091
59561 22627
50615 32974
1938 18866
63749 43422
76621 69410
88864 5401
1833 52787
78005 39834
7459 66357
26128 14411
6369 56632
34570 86129
48342 23447
85375 27459
13606 11
64902 73166
38990 31868
22491 40927
50733 86239
700 43706
72001 89563
65458 73833
42349 43462
30018 49808
26170 72498
80570 32539
29129 15140
35019 77471
38586 20393
21281 68543
36755 2534
41708 75744
34401 80551
33022 1486
66789 33721
45191 55141
39635 10648
45326 81984
70462 91695
48143 96631
64192 45064
45521 93321
76555 80539
87143 31493
931 8423
35 37686
27309 58095
29781 61709
38645 62803
79546 21785
96523 41088
76926 36158
51736 38603
34493 38549
30297 98987
51531 10841
44050 97052
20513 36957
77590 7655
68449 94873
32429 68483
32558 76089
26577 62338
37798 65221
25140 33695
87006 38015
74783 80283
90524 42870
35237 25016
81418 81885
40354 49300
92725 755
46351 13237
37711 40293
37243 6159
35165 86024
74642 67722
62112 17570
46411 16261
82791 87903
49956 86148
25917 41090
82782 16440
83959 18018
57807 65376
99902 14512
14675 8979
15266 77378
38567 52977
17670 92162
59135 52834
