1 10
100 200
201 210
900 1000
1 9999 
10000 19999 
20000 29999 
30000 39999 
40000 49999 
50000 59999 
60000 69999 
70000 79999 
80000 89999 
90000 99999 
100000 109999 
110000 119999 
120000 129999 
130000 139999 
140000 149999 
150000 159999 
160000 169999 
170000 179999 
180000 189999 
190000 199999 
200000 209999 
210000 219999 
220000 229999 
230000 239999 
240000 249999 
250000 259999 
260000 269999 
270000 279999 
280000 289999 
290000 299999 
300000 309999 
310000 319999 
320000 329999 
330000 339999 
340000 349999 
350000 359999 
360000 369999 
370000 379999 
380000 389999 
390000 399999 
400000 409999 
410000 419999 
420000 429999 
430000 439999 
440000 449999 
450000 459999 
460000 469999 
470000 479999 
480000 489999 
490000 499999 
500000 509999 
510000 519999 
520000 529999 
530000 539999 
540000 549999 
550000 559999 
560000 569999 
570000 579999 
580000 589999 
590000 599999 
600000 609999 
610000 619999 
620000 629999 
630000 639999 
640000 649999 
650000 659999 
660000 669999 
670000 679999 
680000 689999 
690000 699999 
700000 709999 
710000 719999 
720000 729999 
730000 739999 
740000 749999 
750000 759999 
760000 769999 
770000 779999 
780000 789999 
790000 799999 
800000 809999 
810000 819999 
820000 829999 
830000 839999 
840000 849999 
850000 859999 
860000 869999 
870000 879999 
880000 889999 
890000 899999 
900000 909999 
910000 919999 
920000 929999 
930000 939999 
940000 949999 
950000 959999 
960000 969999 
970000 979999 
980000 989999 
990000 999999 
289383 930886 
692777 636915 
747793 238335 
885386 760492 
516649 641421 
202362 490027 
368690 520059 
897763 513926 
180540 383426 
89172 455736 
5211 595368 
702567 956429 
465782 21530 
722862 665123 
174067 703135 
513929 979802 
634022 723058 
133069 898167 
961393 18456 
175011 478042 
176229 377373 
484421 544919 
413784 898537 
575198 594324 
798315 664370 
566413 803526 
776091 268980 
759956 241873 
806862 999170 
906996 497281 
702305 420925 
477084 336327 
660336 126505 
750846 621729 
661313 925857 
616124 353895 
819582 100545 
898814 233367 
515434 990364 
344043 313750 
171087 426808 
117276 947178 
695788 393584 
705403 502651 
392754 612399 
999932 95060 
549676 993368 
947739 210012 
636226 698586 
348094 297539 
140795 480570 
651434 960378 
97467 66601 
710097 612902 
573317 570492 
926652 260756 
997301 560280 
724286 209441 
953865 429689 
228444 346619 
558440 744729 
958031 108117 
738097 905771 
834481 890675 
120709 698927 
704567 777856 
179497 872353 
254586 276965 
455306 964683 
406219 28624 
51528 332871 
805732 48829 
409503 530019 
258270 363368 
959708 486715 
226340 518149 
747796 700723 
142618 2245 
122846 493451 
892921 243555 
192379 597488 
537764 888228 
469841 792350 
165193 441500 
757034 87764 
470124 324914 
936987 275856 
373743 346491 
322227 148365 
709859 281936 
151432 452551 
316437 899228 
153275 975407 
901474 276121 
468858 794395 
36029 661237 
908235 573793 
65818 894428 
366143 231011 
335928 639529 
318776 322404 
964443 255763 
114613 854538 
118606 436840 
2904 344818 
235128 670688 
797369 67917 
569917 466996 
43324 987743 
259470 512183 
298490 295499 
689772 206725 
385644 755590 
617505 268139 
502954 469786 
907669 338082 
308542 388464 
110197 939507 
759355 228804 
376348 278611 
573622 127828 
949299 887343 
195746 35568 
354340 755422 
23311 613810 
267605 321801 
425661 473730 
44878 811305 
229320 178736 
79444 248626 
648522 503465 
586708 473416 
408282 213258 
412924 167637 
442062 305624 
962600 532036 
433452 911899 
419379 145550 
947468 290071 
900973 487131 
903881 684930 
808933 845894 
158660 370163 
657199 387981 
548899 252996 
152959 713773 
272813 739668 
187190 681095 
952926 116466 
365084 911340 
422090 327684 
443376 855542 
755936 379107 
517445 219756 
669179 418418 
706887 89412 
103348 32172 
451659 262009 
402336 625210 
166342 467587 
878206 319301 
697713 667372 
575321 401255 
864819 44599 
517721 229904 
955939 939811 
73940 915667 
311705 346228 
811127 829150 
565984 996658 
763920 789224 
602422 867269 
821396 54081 
645630 740084 
679292 811972 
207672 73850 
647625 905385 
741222 739299 
306640 606042 
783898 340713 
352298 256190 
280524 942590 
688209 108581 
288819 499336 
937732 371155 
495994 218004 
160379 614769 
85273 981776 
668850 247255 
721860 348142 
575579 445884 
421993 223205 
867621 679567 
962504 690613 
801961 262754 
31326 154259 
518944 828202 
613202 723506 
936784 902021 
222842 390868 
789528 235189 
608872 949908 
849958 210498 
448036 518808 
457753 686248 
383303 33333 
132133 321648 
772890 999754 
517567 251746 
690368 319529 
514500 238046 
473788 549797 
66249 86990 
273303 3033 
505363 12497 
910253 294892 
247686 519125 
761152 613996 
245975 209188 
649157 703729 
895436 32460 
253414 543921 
870460 26304 
60028 388027 
278050 266748 
707556 308902 
504794 697697 
858699 571043 
301039 132002 
90428 806403 
144500 681 
617647 908538 
36159 895151 
522535 282134 
104339 171692 
502215 516127 
720504 755629 
60049 590964 
298285 636429 
495343 576335 
903177 202900 
885238 407971 
416949 260289 
495367 717988 
392292 585795 
40743 53144 
102829 658390 
961682 655340 
553541 569 
453826 174232 
172261 956042 
690360 409117 
228023 266761 
81 526309 
903190 495425 
618996 806367 
214677 504234 
730690 631626 
764524 226057 
349614 673168 
328205 390358 
726312 947386 
565100 204346 
602726 634994 
204916 56552 
325578 893529 
528946 532290 
302647 756970 
799051 819080 
799631 218593 
830857 418627 
541312 561886 
439214 788355 
193512 720090 
14412 59479 
909610 858969 
966189 152274 
806355 47641 
356620 925433 
198987 77888 
498338 524566 
487770 27284 
56856 790417 
300606 372260 
125849 100237 
107205 473059 
35217 648518 
34945 990783 
436873 228458 
710873 967637 
804289 620483 
826607 770478 
772757 149314 
334471 645729 
591100 533459 
723618 89438 
58025 211388 
633074 631233 
518157 933681 
3493 160358 
550270 110699 
633417 101839 
275569 668363 
92622 228794 
413173 319847 
196431 217462 
456682 539390 
504292 745791 
205057 355115 
391521 796157 
888574 631491 
401947 462951 
359231 35021 
610537 393740 
485054 614030 
554098 35325 
241081 187516 
653516 33002 
372231 746139 
261796 785404 
582338 974580 
519218 39021 
513970 539862 
784812 235379 
894977 692685 
31536 299904 
324176 433483 
279207 199759 
984857 889744 
593499 469911 
20127 663950 
505236 777560 
367818 675105 
810563 740049 
421244 588711 
41805 519934 
563291 77375 
558955 593614 
133589 343768 
828993 544918 
552805 376882 
844822 876982 
326717 124030 
593093 311574 
530126 186593 
781486 550253 
850543 803074 
327814 734713 
478179 138377 
474762 415775 
727088 32919 
935710 806732 
110294 11017 
400346 760235 
871137 745691 
305153 423943 
122573 666328 
300925 449291 
306710 894018 
277217 836836 
596963 575055 
387090 963858 
378130 714904 
698571 372661 
369633 689685 
304789 613073 
722604 756851 
419805 349250 
767868 336503 
109485 639006 
82195 414639 
62949 721120 
80967 880226 
686763 387677 
290596 963981 
740865 887560 
539036 127955 
367770 433518 
359211 66342 
322532 245196 
272379 627321 
858270 994984 
384172 794427 
344234 152040 
647283 970072 
307398 245830 
901063 370347 
966950 982030 
250573 653714 
886059 57522 
134047 626924 
945082 189435 
271232 829204 
622954 630443 
411898 945486 
875640 684278 
89159 250262 
679262 989683 
561041 539848 
141723 208324 
26272 449122 
454154 927335 
335821 937457 
909365 102747 
591171 311776 
160269 725218 
938701 621703 
914653 209933 
450907 53959 
356728 862806 
515797 748720 
547084 121308 
515334 742698 
110991 76376 
798898 252715 
801052 825171 
218189 771559 
752506 554010 
709016 178224 
173109 816539 
490000 333378 
58109 945053 
955081 489114 
671338 405989 
59426 28067 
785147 575223 
776787 332231 
696532 292122 
591281 323875 
884850 390179 
576590 202254 
215350 311131 
973813 967857 
381494 199181 
146081 554603 
15720 152433 
887982 590181 
97487 359415 
79296 768825 
765404 138722 
796892 550551 
230297 90032 
399134 443181 
898506 990415 
767057 299708 
380595 859999 
501962 112297 
687483 475776 
80154 68977 
191309 742587 
139932 723382 
895021 544266 
313563 508860 
903682 909211 
277685 669086 
564285 590930 
735990 794583 
197314 651476 
754116 95820 
641892 37525 
395528 538839 
897525 897490 
651136 101360 
889618 247643 
170337 80928 
506582 826621 
804310 917955 
370888 634225 
426815 274570 
543437 220853 
460008 107722 
811783 712350 
418657 9097 
363827 689126 
621269 522071 
726651 533149 
60910 140528 
430639 228398 
241888 836610 
992393 928577 
433890 498976 
755199 754552 
416931 126087 
388777 360099 
400657 448566 
580952 377017 
72641 392735 
89368 491298 
918184 453195 
696776 55805 
975266 423428 
588954 552528 
80308 19593 
297278 322197 
372555 289672 
250774 806445 
305000 522325 
560997 238283 
648412 466127 
598382 565421 
914693 179334 
942439 987334 
88421 548159 
994985 522957 
1354 691761 
578762 492972 
631541 167716 
561852 711850 
703662 375482 
550399 76217 
665154 801173 
399015 486506 
839851 476364 
724790 488263 
942491 323172 
570037 373537 
18859 28828 
360871 107280 
576987 355856 
146590 578341 
563970 725352 
587665 195511 
893069 149517 
907361 113083 
41351 974112 
189300 706506 
291638 104667 
709364 131489 
581032 434154 
136104 39875 
273679 706141 
413412 292538 
734969 290636 
916170 311956 
162844 62760 
406649 726814 
304465 994314 
922326 713886 
660183 346039 
826969 701535 
320152 532621 
924393 611790 
637289 150109 
259631 734673 
584264 395735 
774548 374295 
101877 704313 
666833 353198 
994949 99355 
665155 157793 
678468 588156 
400960 982933 
98823 323286 
213171 275358 
185677 40140 
493245 22181 
572761 933990 
150323 210050 
84100 409954 
461075 668364 
322042 235624 
42659 423919 
456289 225844 
293469 451238 
841551 474976 
125383 520019 
63133 526343 
19304 161956 
365981 232475 
953666 68011 
788967 446912 
90192 361729 
380902 756868 
88131 465002 
683174 549207 
649718 5216 
301183 692377 
945487 757472 
434573 238957 
725062 276125 
713933 366797 
312496 293418 
893141 848153 
971726 775474 
596980 925393 
843485 385948 
372305 450030 
264029 269559 
206898 352160 
734562 406424 
417719 384280 
411641 718902 
593010 873480 
992726 27583 
628789 234140 
303708 342723 
600938 132557 
152493 10431 
980710 124220 
785905 577690 
49613 629391 
963638 938270 
79421 227667 
207829 802671 
96180 458743 
209095 513899 
843024 137088 
749154 952386 
10569 258232 
979969 155710 
492373 800030 
498433 609663 
932587 167279 
620094 429649 
291499 922351 
7339 857464 
551742 487330 
312086 147515 
231349 519915 
950186 843881 
495011 675634 
874133 854387 
812722 623287 
806773 339643 
881519 786742 
495354 890244 
103124 510139 
16259 552063 
677418 636353 
981712 485269 
558705 505404 
342733 626799 
992734 654819 
774315 740435 
691087 240853 
100669 702450 
916487 974802 
556837 245562 
598089 363610 
585205 995960 
666704 596911 
402557 769829 
623403 418816 
321892 300821 
571522 303605 
302443 646579 
325361 161528 
273378 834447 
332700 564045 
574882 23787 
804899 675551 
242589 721386 
650353 799426 
966948 764794 
163036 68506 
277107 346092 
665417 679664 
115921 288820 
98480 954166 
105994 186354 
774123 408437 
832933 99484 
86317 106312 
933931 419017 
186709 25165 
959156 991608 
217069 201745 
712995 867422 
1171 196295 
148569 680559 
264801 425676 
26652 446571 
105340 658925 
251743 720172 
613091 874089 
906527 903566 
798878 255812 
3050 885196 
362124 453333 
304213 65186 
478499 263370 
56794 695568 
465115 286141 
79342 982639 
482437 744263 
663198 263590 
169939 206202 
226513 791631 
865128 478257 
511804 994571 
352346 934683 
898138 151225 
190495 417540 
36421 68972 
387226 340634 
134158 865725 
120356 190952 
77645 585472 
993446 673339 
568111 475883 
417603 747661 
255825 587542 
470216 482339 
379174 335344 
960596 407330 
846267 829294 
342013 260757 
980519 48860 
194650 533292 
117832 581876 
390279 251990 
963953 510635 
959295 41598 
96107 952741 
714937 180570 
944976 132540 
444584 200801 
720083 914800 
199492 615609 
766496 676440 
22939 612763 
505735 881304 
389873 2606 
930164 584523 
52251 564349 
682751 442530 
816339 646704 
953165 291986 
688302 565625 
761079 919591 
262547 222407 
568484 707131 
939561 804919 
621931 139053 
420528 388427 
815494 959819 
517543 837581 
841123 423768 
840187 287639 
524643 892438 
851988 207394 
851320 184680 
854098 804486 
993018 58752 
886463 754098 
494695 149010 
976505 63179 
856142 916066 
868098 994425 
571472 804978 
382853 386966 
764797 416748 
224547 122272 
840516 581086 
409912 365159 
989877 261900 
572553 841197 
962932 943003 
162035 955951 
518107 48498 
710049 529154 
713861 202906 
592334 570003 
635325 976784 
564428 206797 
781763 463633 
110115 546560 
880381 851014 
185185 720897 
432100 595097 
602408 938329 
373349 691313 
295879 852634 
634316 457914 
808585 668775 
22765 34986 
197930 736626 
237892 306616 
306629 389569 
799752 387409 
596366 581515 
367395 222833 
644428 247776 
73847 829613 
485026 22300 
941062 603786 
960629 830763 
295100 256508 
683397 929416 
230775 491982 
114544 253540 
43320 828826 
506518 797565 
651794 329499 
187134 451546 
716908 299853 
33062 84303 
522686 193842 
848432 596534 
539807 849810 
618834 480869 
453596 95815 
827984 748696 
352324 511382 
194465 99451 
519716 825361 
869343 563037 
654187 375861 
360602 305981 
705360 64088 
273879 938620 
363941 823293 
22924 886628 
17135 387708 
483162 556942 
753870 101996 
554163 207466 
197811 898500 
472515 66487 
926234 183332 
682290 445950 
8693 551633 
525339 662880 
927494 402293 
485213 632854 
466382 275444 
571475 830323 
98738 110751 
716951 115873 
14811 716465 
189168 768681 
334813 259683 
492499 48977 
674535 965014 
115464 600769 
148346 314107 
563072 673391 
865740 88411 
852623 309587 
7057 337836 
458793 473439 
613281 546620 
820114 228371 
657371 53418 
860596 188534 
769883 49764 
473567 104697 
825800 966067 
153674 500335 
447433 785490 
617457 112132 
615949 180529 
785523 481690 
785292 638147 
307629 792349 
492335 766422 
782140 621968 
313043 602255 
850339 486766 
172025 710936 
191653 458260 
277052 665220 
562957 619204 
631287 232983 
119540 78721 
534826 736997 
707205 667127 
433878 492728 
665169 219170 
647227 972798 
11520 139563 
739221 793660 
277883 568616 
912267 128223 
55382 84292 
355511 247035 
542553 632563 
428608 621862 
251768 59895 
371198 887660 
654968 422376 
141009 362173 
89503 574887 
371254 754673 
794057 18481 
243823 321929 
674396 983044 
631942 952280 
68012 544209 
596855 639747 
144854 952366 
403134 203759 
101281 831742 
341973 869401 
891638 713171 
273413 62958 
651899 414422 
941484 257755 
505661 829090 
528780 816071 
